536292.378084 5080115.94189 1431859443.0
536280.350577 5080102.31625 1431859498.0
536267.192508 5080069.68453 1431859537.0
536253.139866 5080057.26928 1431859562.0
536228.739807 5080049.12675 1431859599.0
536195.072376 5080046.37446 1431859624.0
536180.83447 5080039.06926 1431859663.0
536150.551497 5080028.22609 1431859698.0
536126.506842 5080025.64145 1431859726.0
536110.317669 5080006.88091 1431859748.0
536085.960536 5080004.62792 1431859785.0
536059.355292 5080001.91751 1431859832.0
536046.666736 5079995.06608 1431859870.0
536033.205991 5080000.87649 1431860034.0
536004.861009 5080003.7116 1431860080.0
535970.87313 5080002.62529 1431860113.0
535962.970275 5079986.91318 1431860143.0
535956.220343 5079959.76364 1431860180.0
535932.356714 5079939.29242 1431860204.0
535921.063934 5079919.22749 1431860224.0
535904.893179 5079897.13436 1431860252.0
535891.501509 5079877.61287 1431860277.0
535869.75193 5079867.26497 1431860331.0
535846.464193 5079854.46387 1431860357.0
535822.93569 5079856.43882 1431860375.0
535791.947571 5079846.48221 1431860406.0
535770.547299 5079829.35909 1431860430.0
535753.414931 5079812.37179 1431860449.0
535740.737831 5079803.41001 1431860483.0
535718.119275 5079795.61311 1431860505.0
535700.725022 5079783.6243 1431860526.0
535680.671583 5079788.61974 1431860540.0
535647.059939 5079802.87028 1431860582.0
535629.109802 5079806.54469 1431860611.0
535603.835067 5079801.73285 1431860647.0
535570.020607 5079783.76135 1431860677.0
535538.316011 5079776.80182 1431860703.0
535514.811527 5079774.55598 1431860726.0
535492.563509 5079756.20679 1431860753.0
535473.185132 5079738.20744 1431860786.0
535447.107115 5079724.50302 1431860808.0
535434.045778 5079714.76192 1431860823.0
535403.267285 5079681.47582 1431860865.0
535368.115267 5079680.05286 1431860894.0
535346.982511 5079670.15477 1431860912.0
535321.001181 5079653.0071 1431860942.0
535299.722525 5079641.44172 1431860957.0
535279.340999 5079635.88134 1431860977.0
535252.877072 5079635.28627 1431861011.0
535226.284444 5079630.02406 1431861041.0
535214.826576 5079624.84796 1431861052.0
535185.902281 5079606.46195 1431861082.0
535182.495416 5079577.66569 1431861107.0
535164.283539 5079545.34104 1431861135.0
535152.046075 5079527.04993 1431861150.0
535140.902091 5079507.54285 1431861166.0
535130.26027 5079481.5944 1431861184.0
535126.056258 5079470.12646 1431861194.0
535102.588052 5079447.5497 1431861219.0
535097.096784 5079444.07425 1431861224.0
535064.078977 5079421.88798 1431861254.0
535041.789072 5079396.76264 1431861282.0
535025.838762 5079362.34016 1431861312.0
535011.240196 5079335.92513 1431861335.0
534988.811466 5079307.7993 1431861364.0
534951.936587 5079294.92491 1431861394.0
534928.201029 5079278.23602 1431861419.0
534912.726126 5079255.70506 1431861441.0
534903.177694 5079214.54143 1431861474.0
534887.898438 5079184.78964 1431861503.0
534867.538083 5079161.34243 1431861535.0
534851.848055 5079149.36564 1431861561.0
534829.988299 5079130.24333 1431861588.0
534801.95643 5079118.19731 1431861616.0
534783.653253 5079101.5395 1431861638.0
534771.331166 5079084.13756 1431861654.0
534775.350959 5079045.60578 1431861681.0
