536689.681026 5078776.87471 1346917740.0
536678.458265 5078771.25288 1346917827.0
536669.964202 5078763.64727 1346917850.0
536670.531197 5078746.54 1346917898.0
536672.961868 5078729.33266 1346917946.0
536674.231451 5078711.5629 1346917966.0
536673.225602 5078711.00141 1346918015.0
536672.741391 5078700.99883 1346918016.0
536669.67908 5078693.7587 1346918136.0
536663.024923 5078690.05277 1346918137.0
536662.281524 5078684.49297 1346918184.0
536663.630682 5078666.39036 1346918207.0
536659.955216 5078657.81331 1346918263.0
536658.478261 5078645.02716 1346918276.0
536658.388726 5078633.91584 1346918326.0
536659.374797 5078624.69972 1346918328.0
536658.782697 5078619.80747 1346918367.0
536652.229077 5078612.21337 1346918368.0
536642.930241 5078609.38069 1346918573.0
536642.624987 5078608.49002 1346918574.0
