536559.125926 5079300.64383 1477119693.0
536576.391571 5079308.07886 1477119815.0
536607.941576 5079315.15388 1477119851.0
536637.689112 5079311.99646 1477119884.0
536670.283576 5079313.07814 1477119918.0
536691.428655 5079320.75866 1477119949.0
536709.64125 5079338.64382 1477119985.0
536740.835025 5079353.38387 1477120021.0
536762.933048 5079357.40372 1477120040.0
536783.995182 5079352.86219 1477120056.0
536830.186061 5079338.69253 1477120102.0
536855.156675 5079316.50828 1477120137.0
536879.012621 5079312.0948 1477120161.0
536899.951316 5079289.22008 1477120211.0
536903.226983 5079273.57335 1477120229.0
536923.644567 5079260.0287 1477120260.0
536958.056896 5079242.67878 1477120307.0
536972.07676 5079234.65153 1477120326.0
536996.000771 5079218.90586 1477120353.0
537013.788296 5079203.90139 1477120378.0
537042.72471 5079180.74161 1477120415.0
537066.503174 5079163.43984 1477120445.0
537093.69089 5079160.15818 1477120528.0
537100.078829 5079169.30729 1477120598.0
537118.57615 5079178.41782 1477120623.0
537140.943761 5079189.32933 1477120649.0
537173.410234 5079185.96856 1477120683.0
537196.075943 5079185.99347 1477120765.0
537211.051491 5079199.86079 1477120786.0
537237.704808 5079220.90924 1477120819.0
537260.22997 5079231.3777 1477120846.0
537285.806948 5079237.75361 1477120875.0
537322.702256 5079220.75397 1477120910.0
537338.453047 5079208.96029 1477120929.0
537337.90916 5079170.40249 1477120963.0
537328.572036 5079135.45828 1477120993.0
537326.721201 5079120.55864 1477121004.0
537325.609782 5079085.99731 1477121035.0
537338.375858 5079067.18584 1477121052.0
537351.685969 5079061.15511 1477121069.0
537379.403148 5079034.54518 1477121102.0
537380.124775 5079004.99478 1477121136.0
537375.570076 5078975.07922 1477121172.0
537386.434295 5078937.03467 1477121210.0
537393.397874 5078915.07728 1477121230.0
537395.590252 5078899.09094 1477121249.0
537410.004635 5078864.51221 1477121281.0
537411.184603 5078849.07531 1477121296.0
537425.028509 5078806.16006 1477121383.0
