535869.33314 5078290.19803 1481962916.0
535892.699469 5078290.4444 1481962975.0
535907.524692 5078277.53067 1481963018.0
535928.283805 5078272.20669 1481963049.0
535948.270507 5078266.21166 1481963103.0
535959.226571 5078251.16456 1481963176.0
535975.448109 5078238.48131 1481963232.0
535985.338726 5078219.76152 1481963273.0
535995.541221 5078200.82134 1481963317.0
536002.569234 5078180.41834 1481963357.0
536009.055154 5078159.78999 1481963390.0
536022.498388 5078144.31302 1481963427.0
536038.42272 5078129.40605 1481963464.0
536045.221928 5078108.33512 1481963493.0
536046.432848 5078087.00949 1481963530.0
536044.825694 5078069.66734 1481963588.0
536042.709976 5078046.32243 1481963613.0
536032.529296 5078021.37512 1481963636.0
536022.554319 5078001.09555 1481963651.0
536016.217793 5077982.61486 1481963688.0
536016.700217 5077966.39594 1481963737.0
536020.018191 5077943.19372 1481963756.0
536026.046338 5077921.22943 1481963778.0
536030.195117 5077902.03192 1481963809.0
536037.408033 5077889.96312 1481963933.0
536044.195212 5077871.00317 1481963954.0
536059.761834 5077850.98322 1481963980.0
536076.911083 5077839.19448 1481964008.0
536095.055445 5077829.85595 1481964038.0
536117.360544 5077825.98599 1481964072.0
536135.880806 5077832.09373 1481964161.0
