536152.726716 5077832.41417 1433582618.0
536135.735166 5077843.75919 1433583313.0
536134.087877 5077859.97131 1433583357.0
536128.615048 5077879.82768 1433583392.0
536134.842627 5077903.64102 1433583468.0
536141.479064 5077923.90131 1433583508.0
536153.661396 5077925.08342 1433583670.0
536166.153317 5077953.04432 1433583761.0
536182.266918 5077972.35999 1433583817.0
536196.602602 5077990.33202 1433583909.0
536208.3447 5078000.40029 1433583961.0
536221.059654 5078016.6963 1433584029.0
536236.148428 5078051.89453 1433584138.0
536236.241994 5078062.45031 1433584152.0
