534758.851835 5079039.40229 1338066462.0
534759.475361 5079066.62715 1338066702.0
534776.009937 5079094.1635 1338066822.0
534793.562527 5079106.26166 1338066902.0
534815.24892 5079114.82764 1338066982.0
534835.230724 5079122.82858 1338067062.0
534854.500894 5079146.9362 1338067182.0
534872.451913 5079157.14799 1338067262.0
534887.418279 5079173.56506 1338067342.0
534897.476372 5079193.17664 1338067422.0
534901.1502 5079216.19662 1338067502.0
534904.043427 5079239.98996 1338067582.0
534915.275031 5079257.94157 1338067662.0
534929.769061 5079275.46717 1338067742.0
534954.086188 5079285.38177 1338067862.0
