535403.362359 5079135.04824 1407400015.0
535422.049715 5079124.93312 1407400087.0
535445.844215 5079117.62497 1407400195.0
535463.691899 5079118.61595 1407400219.0
535480.159591 5079130.15432 1407400240.0
535493.015334 5079135.3389 1407400246.0
535502.897926 5079144.61746 1407400249.0
535525.020926 5079158.07718 1407400255.0
535547.127398 5079160.87055 1407400261.0
535559.319509 5079159.94053 1407400264.0
535593.882845 5079156.2502 1407400267.0
535619.358898 5079153.50779 1407400270.0
535630.22638 5079153.45916 1407400273.0
