537425.028509 5078806.16006 1477121383.0
537415.882872 5078803.77157 1477121573.0
537398.334602 5078778.77743 1477121604.0
537386.573914 5078759.48477 1477121627.0
537390.569942 5078727.62086 1477121669.0
537413.620279 5078715.64919 1477121698.0
537429.950118 5078698.19272 1477121721.0
537447.951154 5078673.9688 1477121755.0
537460.125623 5078650.48746 1477121826.0
537462.545763 5078635.39139 1477121926.0
537467.203282 5078609.75358 1477121971.0
537482.511942 5078581.51359 1477122022.0
537502.484781 5078565.07931 1477122070.0
537523.830813 5078552.6533 1477122102.0
537541.461315 5078525.6497 1477122134.0
537557.381446 5078499.08022 1477122165.0
537590.260813 5078492.27974 1477122195.0
537621.433698 5078472.46943 1477122228.0
537649.280889 5078463.41656 1477122253.0
537656.722483 5078439.68464 1477122288.0
537668.805731 5078405.8701 1477122324.0
537670.217976 5078377.87945 1477122364.0
537670.758738 5078352.77231 1477122403.0
537675.856758 5078331.47055 1477122438.0
537685.57079 5078317.08555 1477122461.0
537700.083971 5078279.50818 1477122508.0
537710.318005 5078256.23774 1477122543.0
