535646.027226 5077904.14411 1477136478.0
535623.539355 5077912.90344 1477136541.0
535616.204317 5077932.86066 1477136602.0
535595.028741 5077942.96092 1477136647.0
535584.191953 5077964.34247 1477136699.0
535581.134038 5077983.10209 1477136787.0
535577.001208 5078013.29963 1477136837.0
535584.964224 5078032.67806 1477136889.0
535590.508412 5078054.15366 1477136920.0
535583.570101 5078072.66879 1477136950.0
535576.076116 5078106.84691 1477136981.0
535572.695003 5078127.82684 1477137002.0
535573.43228 5078148.16377 1477137022.0
535570.683426 5078194.25765 1477137070.0
535556.208638 5078213.84065 1477137091.0
535557.741904 5078244.29293 1477137137.0
535580.170269 5078259.19895 1477137174.0
535590.778789 5078277.48151 1477137228.0
535586.513342 5078290.23439 1477137286.0
535574.161372 5078318.71815 1477137324.0
535555.260643 5078338.49796 1477137345.0
535546.427755 5078362.55765 1477137368.0
535517.600162 5078380.61404 1477137403.0
535493.433698 5078384.58659 1477137439.0
535485.900461 5078412.20925 1477137476.0
535475.643862 5078427.37228 1477137537.0
535467.270821 5078452.54579 1477137568.0
535464.861275 5078480.19781 1477137597.0
535457.216958 5078513.70858 1477137635.0
535437.67012 5078538.04046 1477137669.0
535423.858993 5078563.9607 1477137703.0
535393.900638 5078576.3447 1477137736.0
535370.197249 5078594.54214 1477137802.0
535341.149769 5078610.59815 1477137838.0
535328.680034 5078619.19345 1477137898.0
535330.609383 5078648.42575 1477137935.0
535327.896337 5078674.96502 1477137977.0
535326.057463 5078697.95382 1477138020.0
535318.583329 5078729.02136 1477138061.0
535318.08756 5078747.90684 1477138085.0
535320.485563 5078790.25252 1477138127.0
535327.840362 5078820.96016 1477138162.0
535331.446617 5078841.98007 1477138194.0
