534776.493779 5079035.61251 1431244794.0
534767.043279 5079059.78094 1431244832.0
534772.001701 5079089.14117 1431244852.0
534800.267245 5079101.07725 1431244875.0
534819.158675 5079109.73866 1431244887.0
534842.638574 5079130.64777 1431244911.0
534860.025689 5079144.52291 1431244923.0
534873.754573 5079160.15523 1431244937.0
534886.705937 5079176.00542 1431244950.0
534898.557417 5079194.1827 1431244966.0
534906.070905 5079224.55741 1431244986.0
534909.758452 5079245.13311 1431245003.0
534920.056725 5079263.41279 1431245018.0
534947.623791 5079288.90076 1431245067.0
