536106.329294 5077387.15776 1477134717.0
536078.279735 5077403.88282 1477134772.0
536055.25563 5077410.97087 1477134828.0
536032.520839 5077421.72724 1477134882.0
536006.596358 5077433.57624 1477134938.0
535986.614275 5077451.68187 1477134995.0
535970.692223 5077465.92234 1477135032.0
535942.280948 5077478.20161 1477135091.0
535929.42726 5077472.1273 1477135197.0
535910.511494 5077480.46188 1477135234.0
535889.401888 5077492.22815 1477135288.0
535872.070558 5077495.12775 1477135338.0
535851.783103 5077499.01027 1477135383.0
535827.199737 5077507.31233 1477135438.0
535821.505593 5077525.27885 1477135542.0
535804.112791 5077538.84461 1477135603.0
535783.924327 5077539.06137 1477135804.0
535777.33071 5077551.46736 1477135853.0
535773.752974 5077579.44581 1477135894.0
535769.193516 5077602.64098 1477135928.0
535765.0948 5077626.72767 1477135958.0
535758.617498 5077645.91192 1477136019.0
535757.692431 5077671.68353 1477136048.0
535746.391351 5077692.61769 1477136089.0
535742.653937 5077707.92898 1477136110.0
535723.088755 5077734.81534 1477136173.0
535709.08466 5077753.28962 1477136205.0
535693.372621 5077771.7541 1477136270.0
535683.477723 5077791.25207 1477136296.0
535663.031907 5077809.35605 1477136326.0
535640.800561 5077827.44983 1477136359.0
535629.337856 5077849.60545 1477136407.0
535638.121075 5077874.87736 1477136439.0
535646.027226 5077904.14411 1477136478.0
