535053.833038 5079229.83588 1431839661.0
535040.53974 5079247.09349 1431839734.0
535044.423566 5079287.78087 1431839772.0
535059.776916 5079317.97791 1431839801.0
535069.845184 5079349.36727 1431839826.0
535077.502176 5079381.63185 1431839853.0
535092.333201 5079408.04836 1431839877.0
535118.484968 5079450.19526 1431839914.0
535123.788234 5079459.44726 1431839922.0
535138.12671 5079490.52763 1431839947.0
535141.42324 5079497.76833 1431839953.0
535155.832217 5079530.07132 1431839991.0
535166.1173 5079550.46241 1431840014.0
535184.79231 5079569.56786 1431840041.0
535183.912694 5079601.4508 1431840067.0
535191.728416 5079619.27244 1431840083.0
535218.311644 5079626.20107 1431840112.0
535245.586389 5079634.35593 1431840150.0
535263.818151 5079635.79297 1431840179.0
535286.940233 5079637.1468 1431840215.0
535304.872025 5079650.35968 1431840256.0
535335.296409 5079664.19939 1431840295.0
535355.008697 5079678.20033 1431840322.0
535380.737747 5079685.12479 1431840350.0
535410.097431 5079695.07001 1431840390.0
535426.83791 5079712.94297 1431840418.0
535447.689242 5079731.28393 1431840446.0
535466.432803 5079738.16878 1431840470.0
535490.327379 5079753.6385 1431840504.0
535526.982156 5079763.62608 1431840544.0
535551.748244 5079762.43486 1431840571.0
535573.909104 5079768.89522 1431840590.0
535602.528074 5079786.05913 1431840620.0
535627.989708 5079798.8718 1431840657.0
535652.611963 5079795.68021 1431840694.0
535678.79206 5079778.05367 1431840736.0
535700.15278 5079775.17681 1431840763.0
535722.053702 5079786.30273 1431840789.0
535743.642124 5079784.3162 1431840818.0
