535679.036862 5078400.87399 1407415446.0
535665.010076 5078423.57034 1407415500.0
535657.833935 5078442.97289 1407415539.0
535652.795658 5078468.60978 1407415572.0
535635.712524 5078482.84442 1407415617.0
535625.187659 5078504.11659 1407415665.0
535612.572012 5078524.4879 1407415687.0
535602.344003 5078534.65104 1407415726.0
535581.447832 5078550.53054 1407415744.0
535568.198648 5078573.12046 1407415780.0
535556.198609 5078594.49538 1407415837.0
535535.339069 5078604.04211 1407415867.0
535522.944061 5078626.63702 1407415936.0
535531.300291 5078645.01769 1407415972.0
535519.275681 5078670.72575 1407416002.0
535504.756343 5078684.75322 1407416023.0
535491.536988 5078702.23252 1407416047.0
535469.754078 5078723.99602 1407416083.0
535462.275374 5078742.17488 1407416122.0
535443.597076 5078764.06735 1407416158.0
535433.46019 5078785.56428 1407416194.0
535430.844069 5078808.65972 1407416230.0
535422.274391 5078827.61015 1407416266.0
535423.593021 5078854.95018 1407416299.0
535423.875856 5078886.95081 1407416332.0
535417.021638 5078904.57776 1407416371.0
535408.903267 5078926.08626 1407416404.0
535397.556524 5078942.02095 1407416464.0
535372.602142 5078948.43381 1407416500.0
535361.355345 5078960.48036 1407416545.0
535336.575658 5078977.11627 1407416581.0
535320.86235 5078982.9154 1407416602.0
535292.660733 5078987.08792 1407416638.0
535272.72853 5079011.30701 1407416671.0
535254.660794 5079021.64832 1407416692.0
535241.522371 5079038.79528 1407416713.0
535227.366729 5079057.38088 1407416746.0
535205.67686 5079076.81257 1407416782.0
535194.005915 5079095.30126 1407416803.0
535171.519265 5079118.39509 1407416833.0
535144.739601 5079132.0205 1407416869.0
535121.68504 5079132.112 1407416890.0
535098.012664 5079131.64455 1407416914.0
535076.954855 5079135.52519 1407416938.0
535050.655024 5079146.70935 1407416974.0
535041.541739 5079165.99054 1407417010.0
535014.944179 5079174.95102 1407417046.0
535001.172605 5079194.42816 1407417079.0
534993.42783 5079218.82811 1407417115.0
534979.668336 5079236.19433 1407417151.0
534967.220291 5079255.01237 1407417175.0
534959.558356 5079278.52397 1407417199.0
534944.380102 5079285.99367 1407417352.0
534930.997808 5079277.80735 1407417377.0
534917.828943 5079259.28925 1407417397.0
534908.683674 5079229.23866 1407417433.0
534900.00781 5079212.30142 1407417457.0
534896.013485 5079191.05736 1407417478.0
534882.073131 5079171.64614 1407417499.0
534864.83263 5079159.32727 1407417523.0
534846.352634 5079146.55705 1407417544.0
534829.544433 5079126.35206 1407417592.0
534812.415652 5079107.92305 1407417613.0
534784.906414 5079099.5466 1407417646.0
534765.450988 5079094.54868 1407417667.0
534759.959786 5079063.29664 1407417703.0
534772.795681 5079044.48036 1407417727.0
534771.683102 5079035.25219 1407417739.0
