535056.360048 5078481.20698 1436717757.0
535034.42643 5078502.3045 1436717800.0
535014.580967 5078511.08096 1436717829.0
534990.854455 5078492.28089 1436717859.0
534979.856412 5078473.99717 1436717871.0
534958.568112 5078449.5445 1436717899.0
534947.712052 5078419.81757 1436717923.0
534933.597917 5078403.4052 1436717943.0
534917.688831 5078388.64935 1436717961.0
534897.328484 5078378.53501 1436717979.0
534865.102542 5078366.24293 1436718017.0
534846.985194 5078357.58576 1436718032.0
534815.624456 5078357.0762 1436718058.0
534796.664931 5078346.30341 1436718078.0
534779.72872 5078334.65317 1436718098.0
534769.964037 5078303.93273 1436718134.0
534765.908448 5078279.57744 1436718155.0
534752.260545 5078262.94589 1436718183.0
534735.084278 5078252.51662 1436718197.0
534704.818556 5078250.45825 1436718225.0
534677.863554 5078267.19572 1436718255.0
534656.372717 5078264.74226 1436718279.0
534623.65386 5078257.11521 1436718307.0
534598.573206 5078244.08669 1436718350.0
534569.848884 5078244.03753 1436718399.0
534557.764786 5078225.3041 1436718422.0
534560.210401 5078218.31797 1436720170.0
