537005.608144 5077752.67155 1431261215.0
536992.949181 5077753.26265 1431261333.0
536967.689686 5077757.66739 1431261363.0
536946.929249 5077762.76569 1431261400.0
536925.58853 5077787.08225 1431261539.0
536927.459976 5077798.75972 1431261652.0
536934.180855 5077817.46587 1431261716.0
536918.261494 5077831.03731 1431261808.0
536897.298457 5077844.13433 1431261849.0
536878.927923 5077852.13588 1431261920.0
536858.673018 5077863.68174 1431261961.0
536838.832508 5077883.89653 1431262051.0
536832.021117 5077906.52205 1431262193.0
536811.817941 5077909.40195 1431262461.0
536799.379504 5077925.21652 1431262548.0
536779.927712 5077932.32308 1431262597.0
536764.943905 5077945.34492 1431262742.0
536750.801634 5077960.48282 1431262811.0
536747.406588 5077983.12869 1431262844.0
536757.167415 5077999.85273 1431262896.0
536763.926137 5078012.22578 1431263020.0
536782.551707 5078026.55808 1431263061.0
536795.167031 5078046.29904 1431263091.0
536793.333775 5078067.39864 1431263202.0
536797.204069 5078082.42118 1431263288.0
536796.61493 5078103.19485 1431263305.0
536797.75879 5078119.75671 1431263325.0
536778.920604 5078141.31093 1431263360.0
536767.465047 5078148.57609 1431263408.0
536749.386254 5078173.02371 1431263558.0
536735.313604 5078189.60647 1431263678.0
536721.89434 5078200.74884 1431264056.0
536703.627718 5078217.64015 1431264149.0
536694.893475 5078237.36563 1431264211.0
536682.019781 5078248.178 1431264242.0
536672.05544 5078279.00702 1431264322.0
536680.008776 5078299.38682 1431264373.0
536663.618263 5078327.28902 1431264457.0
536647.056756 5078344.74612 1431264489.0
536631.029413 5078350.6512 1431264526.0
536606.138461 5078358.83723 1431264556.0
536580.050737 5078359.34985 1431264583.0
536561.331344 5078361.01713 1431264681.0
536544.669983 5078369.14085 1431264748.0
536521.190313 5078375.00227 1431264884.0
536504.054757 5078384.56771 1431264902.0
536482.541898 5078399.21838 1431264953.0
536460.882378 5078412.42387 1431264986.0
