536125.901258 5077825.92465 1464425744.0
536134.397128 5077860.19532 1464425836.0
536142.382485 5077888.79655 1464425920.0
536143.659445 5077909.47002 1464425964.0
536166.40971 5077935.71302 1464426248.0
536177.64854 5077952.22254 1464426375.0
536190.294473 5077967.07368 1464426404.0
536211.633919 5077995.53076 1464426582.0
536219.181493 5078019.2408 1464426844.0
536222.223899 5078030.03603 1464426854.0
536243.315784 5078060.93615 1464426986.0
536266.143719 5078073.73595 1464427058.0
536279.490493 5078088.14695 1464427105.0
536292.900098 5078118.33565 1464427536.0
536291.631089 5078149.43839 1464427668.0
536303.575044 5078164.73009 1464427745.0
536324.919138 5078192.18765 1464428183.0
536343.789239 5078217.85305 1464428205.0
536361.904444 5078253.06936 1464428260.0
536368.254049 5078282.32796 1464428365.0
536375.508353 5078289.70364 1464428372.0
536407.032426 5078315.33241 1464428442.0
