536268.261011 5078056.85997 1431266872.0
536247.334562 5078064.07067 1431266915.0
536229.047646 5078044.74213 1431266981.0
536227.61379 5078024.40103 1431267023.0
536213.630356 5077999.32009 1431267141.0
536197.657051 5077995.89356 1431267193.0
536183.542156 5077966.70094 1431267250.0
536170.162639 5077944.51242 1431267303.0
536152.580854 5077937.29897 1431267393.0
536143.335196 5077925.13431 1431267436.0
536142.006515 5077900.01623 1431267464.0
536133.630968 5077885.07898 1431267495.0
536131.659848 5077850.29079 1431267542.0
536119.765348 5077826.33332 1431267579.0
536100.508793 5077826.66558 1431267609.0
536080.184762 5077836.99138 1431267639.0
536063.421745 5077849.11568 1431267673.0
536043.509404 5077868.77703 1431267703.0
536032.632832 5077896.71292 1431267731.0
536020.143437 5077921.63956 1431267760.0
536021.394324 5077946.86827 1431267843.0
536021.894674 5077967.64831 1431267859.0
536029.254802 5077997.02351 1431267886.0
536038.854631 5078028.41167 1431267910.0
536045.64457 5078049.00608 1431267926.0
536050.038891 5078081.03064 1431267953.0
536055.921769 5078110.73061 1431267982.0
536041.822428 5078132.20351 1431268012.0
536024.516845 5078144.32475 1431268054.0
536010.827798 5078162.02244 1431268084.0
536002.919967 5078186.86463 1431268123.0
535992.954839 5078205.02842 1431268174.0
535979.267304 5078222.50397 1431268220.0
535968.511156 5078243.21868 1431268291.0
535952.77219 5078253.01595 1431268343.0
535926.456072 5078266.08517 1431268430.0
535913.555734 5078268.34368 1431268491.0
535896.967894 5078290.69134 1431268528.0
535873.282683 5078291.8875 1431268590.0
535866.168585 5078313.84565 1431268630.0
535860.850968 5078333.92538 1431268683.0
535871.304559 5078351.98532 1431268732.0
535884.144039 5078373.61453 1431268780.0
535883.693934 5078397.7223 1431268810.0
535882.787702 5078420.16081 1431268860.0
535869.614129 5078442.86164 1431268938.0
535847.724616 5078442.40167 1431268957.0
535820.087968 5078442.35299 1431268987.0
535796.96601 5078440.21947 1431269015.0
535763.274273 5078440.13607 1431269066.0
535751.675947 5078418.62537 1431269094.0
535720.595175 5078410.00198 1431269151.0
535699.605738 5078414.992 1431269166.0
535673.873263 5078421.28808 1431269225.0
535663.668912 5078440.78431 1431269257.0
535653.647658 5078468.948 1431269286.0
535642.521487 5078486.77234 1431269320.0
535630.302194 5078505.7015 1431269353.0
535614.118192 5078525.60786 1431269383.0
535599.426454 5078542.52293 1431269413.0
535586.110405 5078563.22359 1431269440.0
535564.702702 5078587.09996 1431269517.0
535556.048953 5078607.04969 1431269544.0
535539.852708 5078629.17833 1431269573.0
535538.275861 5078646.94652 1431269597.0
535531.140409 5078672.9048 1431269625.0
535517.721187 5078684.6053 1431269641.0
535495.1116 5078701.58635 1431269667.0
535483.211946 5078719.07322 1431269707.0
535469.215197 5078736.77032 1431269754.0
535452.739603 5078753.56442 1431269784.0
535440.573616 5078776.93855 1431269824.0
535429.346203 5078799.09589 1431269852.0
535423.600212 5078812.95151 1431270020.0
535419.096236 5078826.81423 1431270040.0
535416.685753 5078854.68848 1431270074.0
535419.705136 5078883.26042 1431270133.0
535410.233314 5078897.09475 1431270156.0
535406.281855 5078922.96027 1431270182.0
535396.736307 5078936.12755 1431270242.0
535370.066588 5078943.86392 1431270282.0
535358.870151 5078960.6884 1431270332.0
535336.556651 5078980.44939 1431270362.0
535317.566115 5078989.22975 1431270376.0
535298.511934 5078995.56543 1431270393.0
535279.426166 5079007.45637 1431270426.0
535263.664938 5079021.69955 1431270443.0
535248.898962 5079038.3928 1431270473.0
535238.241318 5079056.10942 1431270509.0
535218.760168 5079069.33159 1431270536.0
535202.876801 5079091.46288 1431270546.0
535181.177035 5079112.67232 1431270570.0
535166.684712 5079122.25642 1431270590.0
535146.863714 5079127.03271 1431270605.0
535123.87416 5079129.34672 1431270616.0
535095.10924 5079137.18349 1431270642.0
535068.678666 5079144.03364 1431270671.0
535054.346232 5079152.84115 1431270724.0
535031.481274 5079160.60049 1431270752.0
535018.694188 5079184.41636 1431270779.0
535005.46847 5079203.45215 1431270809.0
534987.424157 5079223.57184 1431270836.0
534979.582563 5079237.63824 1431270897.0
534966.691879 5079266.12016 1431270926.0
534955.11466 5079281.94323 1431270942.0
