537987.781138 5078218.71088 1433246000.0
537962.674525 5078198.33539 1433250066.0
537933.512726 5078206.26774 1433250091.0
537915.216272 5078227.48855 1433250121.0
537899.226292 5078239.72376 1433250139.0
537869.581331 5078250.54227 1433250192.0
537866.254957 5078261.29943 1433250198.0
537849.7071 5078288.64206 1433250225.0
537833.317044 5078302.87493 1433250243.0
537813.893713 5078330.75564 1433250271.0
537788.066377 5078326.70934 1433250302.0
537774.184918 5078311.51403 1433250317.0
537758.29378 5078294.8621 1433250332.0
537746.911943 5078277.12659 1433250351.0
537732.567864 5078261.37301 1433250368.0
537700.025345 5078263.61937 1433250412.0
537689.050854 5078280.99659 1433250435.0
537680.155581 5078301.16418 1433250451.0
537667.783855 5078318.53294 1433250470.0
537659.659608 5078339.59411 1433250487.0
537655.643755 5078374.45764 1433250516.0
537656.693455 5078406.12982 1433250542.0
537653.547103 5078438.44316 1433250568.0
537653.028685 5078459.88387 1433250588.0
537626.162321 5078473.60922 1433250616.0
537588.00419 5078493.15492 1433250681.0
537568.782081 5078500.92704 1433250700.0
537553.484741 5078514.38952 1433250717.0
537535.764842 5078530.50395 1433250734.0
537527.4239 5078549.00849 1433250745.0
537499.762429 5078565.9517 1433250768.0
537471.728423 5078580.3373 1433250807.0
537470.588947 5078601.88538 1433250836.0
537457.61323 5078629.47285 1433250878.0
537448.72792 5078648.19642 1433250900.0
537446.908444 5078679.5179 1433250923.0
537433.318241 5078693.2132 1433250944.0
537415.919727 5078707.66329 1433250968.0
537400.522132 5078725.01432 1433250982.0
537384.678856 5078751.91799 1433251027.0
537398.819797 5078775.55822 1433251074.0
537407.492185 5078792.05456 1433251091.0
537417.304748 5078812.55769 1433251111.0
537415.15503 5078834.3219 1433251131.0
537415.566924 5078856.10157 1433251146.0
537401.498526 5078884.79365 1433251178.0
537398.333073 5078907.66282 1433251194.0
537390.773816 5078938.28304 1433251219.0
537380.483881 5078958.33153 1433251242.0
537379.424402 5078979.54679 1433251253.0
537374.333149 5079012.84852 1433251281.0
537373.275707 5079033.73047 1433251298.0
537364.625416 5079052.23336 1433251313.0
537340.814889 5079074.64478 1433251337.0
537322.958608 5079100.86984 1433251365.0
537327.263878 5079120.67302 1433251383.0
537328.599458 5079143.79155 1433251397.0
537330.406773 5079165.91296 1433251415.0
537335.235897 5079188.94144 1433251431.0
537340.084401 5079208.74791 1433251446.0
