536925.827679 5079245.37544 1431857872.0
536912.453041 5079275.40604 1431857903.0
536896.612601 5079302.42206 1431857930.0
536873.064434 5079307.28175 1431857955.0
536853.838786 5079329.27787 1431857983.0
536838.33728 5079338.51877 1431857998.0
536809.418474 5079345.90225 1431858027.0
536776.180175 5079348.7048 1431858055.0
536764.620376 5079347.74733 1431858069.0
536726.669899 5079333.63377 1431858107.0
536701.715071 5079313.93088 1431858131.0
536679.726701 5079304.46761 1431858151.0
536652.119493 5079300.08213 1431858176.0
536632.171528 5079299.96417 1431858196.0
536596.877404 5079295.97794 1431858227.0
536576.434202 5079300.85709 1431858239.0
536540.411343 5079301.97784 1431858281.0
536514.960033 5079313.71636 1431858304.0
536499.729818 5079316.51543 1431858331.0
536482.743605 5079327.52619 1431858342.0
536464.21125 5079363.86053 1431858368.0
536458.608686 5079392.60453 1431858395.0
536448.451604 5079417.09964 1431858420.0
536432.608326 5079445.00568 1431858447.0
536424.606511 5079459.40267 1431858493.0
536399.574768 5079479.1439 1431858531.0
536386.487602 5079487.17791 1431858555.0
536372.71823 5079505.6521 1431858604.0
536369.174002 5079540.85253 1431858649.0
536368.583743 5079562.0707 1431858679.0
536370.001693 5079584.96727 1431858707.0
536370.68914 5079613.30385 1431858748.0
536372.141637 5079630.31191 1431858774.0
536373.864791 5079654.09914 1431858800.0
536370.82349 5079669.74752 1431858828.0
536387.30623 5079704.62112 1431858855.0
536392.319728 5079723.20561 1431858895.0
536405.01876 5079754.7238 1431858936.0
536405.846223 5079785.61671 1431858957.0
536401.69091 5079805.92506 1431858999.0
536395.930575 5079822.00189 1431859024.0
536377.419756 5079841.78151 1431859049.0
536361.917635 5079851.46801 1431859074.0
536342.259787 5079868.3522 1431859113.0
536332.23177 5079897.5148 1431859155.0
536323.103725 5079905.57216 1431859182.0
536317.10444 5079935.9806 1431859223.0
536316.496685 5079946.97674 1431859237.0
536316.73904 5079998.31009 1431859266.0
536322.728847 5080022.45566 1431859315.0
536313.66102 5080033.51331 1431859359.0
536301.813097 5080055.44327 1431859384.0
536300.115212 5080093.54339 1431859417.0
536292.378084 5080115.94189 1431859443.0
