536322.476863 5079986.01073 1346913395.0
536319.733063 5079977.43932 1346913483.0
536319.235196 5079943.21512 1346913524.0
536325.287424 5079930.25096 1346913546.0
536333.891711 5079918.85728 1346913564.0
536340.821828 5079901.78729 1346913581.0
536345.584736 5079883.70462 1346913599.0
536355.73483 5079873.43112 1346913617.0
536369.818365 5079854.18098 1346913639.0
536388.856743 5079837.07103 1346913664.0
536409.222556 5079805.41378 1346913725.0
536407.421892 5079794.84793 1346913757.0
536410.456791 5079767.08875 1346913788.0
536404.159873 5079742.38576 1346913811.0
536391.642142 5079706.42432 1346913860.0
536386.30708 5079689.72678 1346913878.0
536374.582225 5079664.10308 1346913904.0
536371.788783 5079637.53186 1346913927.0
536373.292161 5079619.43008 1346913948.0
536380.625156 5079586.69627 1346913985.0
536376.082415 5079567.22569 1346914010.0
536373.627438 5079535.87882 1346914050.0
536375.668934 5079518.66906 1346914058.0
536397.953258 5079490.91182 1346914120.0
536422.122128 5079459.49918 1346914166.0
536434.623616 5079458.68381 1346914208.0
536438.340201 5079447.03933 1346914257.0
536449.379741 5079417.66064 1346914290.0
536455.744034 5079391.36549 1346914312.0
536469.283868 5079359.22385 1346914345.0
536480.284456 5079336.51146 1346914368.0
536495.547334 5079328.15714 1346914384.0
536516.327043 5079318.83538 1346914409.0
536551.055192 5079313.48475 1346914437.0
536586.386843 5079324.24853 1346914477.0
536612.346784 5079318.40204 1346914506.0
536646.027295 5079332.71186 1346914542.0
536665.894249 5079333.38493 1346914613.0
536689.83746 5079340.41536 1346914642.0
536717.46619 5079341.13457 1346914678.0
536753.523134 5079334.23742 1346914762.0
536761.940828 5079328.39863 1346914763.0
536768.731191 5079322.10577 1346914775.0
536787.385962 5079317.77217 1346914838.0
536793.094983 5079310.58405 1346914839.0
536799.966975 5079303.62505 1346914851.0
536820.796754 5079285.9715 1346914888.0
536826.051355 5079276.89187 1346914902.0
536832.692546 5079269.59821 1346914921.0
536838.266241 5079259.07608 1346914937.0
536840.806201 5079249.647 1346914959.0
536843.821794 5079238.55412 1346914973.0
536845.735529 5079230.01018 1346914993.0
536844.70303 5079220.89318 1346914995.0
536840.066334 5079217.42126 1346915030.0
