536445.651288 5078415.00087 1327493620.0
536420.350033 5078387.40852 1327493690.0
536408.787261 5078320.56479 1327494024.0
536403.293789 5078290.97785 1327494197.0
536364.7364 5078259.97465 1327494320.0
536345.022126 5078206.19397 1327494407.0
536309.210343 5078170.20738 1327494456.0
536289.970423 5078128.09598 1327494570.0
536282.295712 5078086.38565 1327494661.0
536246.404253 5078063.84301 1327494812.0
536222.880683 5078023.92894 1327495052.0
536203.148592 5077986.14815 1327495134.0
536175.006992 5077952.54044 1327495263.0
536147.869056 5077933.1605 1327495374.0
536137.088328 5077891.32116 1327495476.0
536099.279542 5077824.43627 1327496012.0
