535890.48076 5078257.98811 1338076902.0
535909.055686 5078267.87317 1338077262.0
535930.178517 5078266.7734 1338077382.0
535950.490585 5078258.22478 1338077542.0
535969.244275 5078250.66715 1338077702.0
535980.296752 5078232.39853 1338077862.0
535994.064691 5078227.81194 1338078182.0
536006.401993 5078202.21772 1338078342.0
536012.897587 5078179.92281 1338078462.0
536014.821928 5078156.04583 1338078582.0
536034.823945 5078147.49568 1338078742.0
536048.781625 5078137.02161 1338078862.0
536059.754245 5078105.86417 1338078982.0
536057.559672 5078082.741 1338079062.0
536052.521055 5078054.71256 1338079182.0
536044.719314 5078034.5567 1338079262.0
536039.08806 5078014.969 1338079342.0
536023.419277 5077999.21174 1338079422.0
536023.772923 5077978.43667 1338079502.0
536023.278392 5077956.65669 1338079582.0
536030.22977 5077936.14217 1338079662.0
536034.11774 5077908.38786 1338079782.0
536041.922558 5077887.98942 1338079862.0
536049.264191 5077867.14388 1338079942.0
536063.487747 5077851.116 1338080062.0
536084.121604 5077840.90306 1338080182.0
536100.753997 5077824.55597 1338080302.0
536118.783256 5077821.66108 1338080422.0
