534940.071746 5079265.41445 1433578302.0
534961.897179 5079249.20473 1433578359.0
534959.457358 5079227.63608 1433578386.0
534957.629701 5079207.62639 1433578405.0
534956.434898 5079185.50922 1433578419.0
534960.612172 5079160.53356 1433578442.0
534984.017405 5079139.5552 1433578466.0
535005.855319 5079121.23466 1433578498.0
535008.759511 5079101.80723 1433578520.0
535013.144173 5079081.38819 1433578538.0
535039.336084 5079061.87019 1433578573.0
535063.770819 5079051.11985 1433578612.0
535093.750355 5079048.17855 1433578633.0
535122.613457 5079036.78688 1433578661.0
535126.688049 5079016.36616 1433578675.0
535143.923793 5079002.131 1433578693.0
535167.17626 5078980.93024 1433578718.0
535181.706757 5078964.67989 1433578741.0
535185.084243 5078944.03304 1433578756.0
535186.199324 5078925.37328 1433578779.0
535188.574049 5078903.60966 1433578791.0
535207.256075 5078880.8276 1433578811.0
535237.04028 5078871.44162 1433578840.0
535255.028899 5078861.43314 1433578857.0
535275.338709 5078852.77121 1433578874.0
535294.802305 5078842.77123 1433578887.0
535325.71826 5078839.16973 1433578912.0
