536302.41625 5080111.44528 1433253441.0
536286.602208 5080095.01974 1433253482.0
536262.348239 5080075.21158 1433253527.0
536237.690471 5080058.06775 1433253565.0
536215.756348 5080052.93962 1433253582.0
536186.788043 5080056.21468 1433253611.0
536156.970818 5080045.3742 1433253648.0
536136.031897 5080042.58543 1433253666.0
536118.240081 5080032.48194 1433253685.0
536099.129495 5080022.25972 1433253702.0
536075.856397 5080007.12456 1433253732.0
536053.902567 5080005.33012 1433253749.0
536026.563289 5080008.72653 1433253786.0
536005.436683 5080011.49251 1433253800.0
535984.490485 5080009.9264 1433253825.0
535960.765596 5079992.34467 1433253850.0
535955.924961 5079970.5394 1433253864.0
535939.234397 5079944.44328 1433253902.0
535922.541415 5079932.12458 1433253921.0
535910.681485 5079916.16738 1433253942.0
535897.516914 5079897.64716 1433253958.0
535885.767287 5079876.02414 1433253977.0
535854.542029 5079866.8436 1433254073.0
535834.393274 5079861.50494 1433254090.0
535812.486292 5079864.93372 1433254105.0
535787.995796 5079845.3483 1433254136.0
535775.43877 5079829.05401 1433254152.0
535758.451378 5079813.84526 1433254168.0
535737.786004 5079803.83741 1433254201.0
535717.065478 5079803.38459 1433254217.0
535688.421298 5079790.66432 1433254242.0
535662.333548 5079805.73588 1433254265.0
535643.304511 5079808.07074 1433254286.0
535609.842836 5079809.76715 1433254321.0
535580.709189 5079801.15556 1433254356.0
535561.7516 5079791.047 1433254368.0
535532.218905 5079784.32218 1433254394.0
535513.563358 5079775.65991 1433254409.0
535495.177517 5079760.55498 1433254424.0
535470.616906 5079739.41492 1433254446.0
535442.214309 5079725.03057 1433254479.0
535428.857026 5079699.17714 1433254501.0
535399.898156 5079687.01196 1433254524.0
535345.889861 5079684.81477 1433254811.0
535337.782889 5079677.3243 1433254818.0
535317.589331 5079652.43211 1433254847.0
535289.409333 5079639.71635 1433254868.0
535255.507737 5079636.74564 1433254905.0
535234.953236 5079634.29545 1433254929.0
535214.902296 5079625.18172 1433254956.0
535195.057001 5079620.84685 1433254971.0
535178.282151 5079595.19679 1433254996.0
535171.626762 5079564.38215 1433255020.0
535161.796064 5079545.99357 1433255036.0
535155.545081 5079525.9587 1433255051.0
535147.971435 5079506.47188 1433255067.0
535138.85424 5079485.4208 1433255081.0
535114.7663 5079448.952 1433255184.0
535103.928745 5079430.11338 1433255201.0
535088.249068 5079402.80317 1433255224.0
535069.360253 5079366.47511 1433255278.0
535065.685261 5079343.78834 1433255296.0
535050.790173 5079314.92716 1433255324.0
535044.236909 5079293.3352 1433255339.0
535033.852915 5079262.83297 1433255364.0
535041.795469 5079244.65622 1433255389.0
