536530.659726 5078862.59946 1413623631.0
536512.51824 5078845.49303 1413623678.0
536501.505667 5078830.5397 1413623744.0
536489.443585 5078809.24705 1413623779.0
536469.318052 5078799.4622 1413623821.0
536453.467055 5078788.81369 1413623862.0
536437.58334 5078783.72042 1413623897.0
536411.614871 5078777.45685 1413623923.0
536393.369717 5078777.90522 1413623966.0
536369.02091 5078786.65091 1413623986.0
536346.307507 5078794.51742 1413624047.0
536328.348932 5078812.30049 1413624068.0
536309.65132 5078823.74613 1413624102.0
536296.766493 5078836.78138 1413624130.0
536280.367818 5078853.35153 1413624155.0
536262.845831 5078862.91536 1413624182.0
536247.997842 5078879.82799 1413624226.0
536241.462802 5078895.56709 1413624257.0
536235.721233 5078921.64387 1413624276.0
536233.26391 5078943.62886 1413624303.0
536230.578931 5078964.72365 1413624338.0
536217.534769 5078978.53589 1413624374.0
536224.793952 5078998.24442 1413624444.0
536236.685721 5079022.20214 1413624500.0
536243.193915 5079037.57309 1413624540.0
536244.981743 5079063.6939 1413624559.0
536241.587131 5079086.67338 1413624608.0
536235.411835 5079107.30334 1413624672.0
536225.603996 5079125.24548 1413624705.0
536223.525787 5079148.7882 1413624758.0
536238.549356 5079168.09772 1413624813.0
536245.392194 5079192.58148 1413624837.0
536255.540504 5079209.30704 1413624865.0
536270.043251 5079224.72481 1413624900.0
536266.076442 5079239.36784 1413624937.0
536261.088899 5079256.00484 1413624997.0
536243.420631 5079264.23457 1413625060.0
536225.611784 5079283.24099 1413625100.0
536212.152278 5079301.82845 1413625140.0
536195.399401 5079312.84135 1413625165.0
536167.530966 5079326.56711 1413625195.0
536145.997028 5079332.21907 1413625227.0
536125.350498 5079345.43161 1413625247.0
536117.237335 5079365.71706 1413625342.0
536110.012332 5079380.11898 1413625378.0
536106.377107 5079404.54154 1413625397.0
536111.684039 5079426.23852 1413625417.0
536114.442536 5079445.69848 1413625438.0
536116.10467 5079466.81868 1413625458.0
536115.973848 5079489.26172 1413625478.0
536126.34967 5079506.87727 1413625501.0
536136.16657 5079527.15617 1413625548.0
536151.492154 5079547.80055 1413625568.0
536157.019972 5079571.4988 1413625596.0
536171.653328 5079591.02811 1413625617.0
536186.325526 5079603.89121 1413625637.0
536201.343538 5079623.97838 1413625658.0
536208.765 5079642.35457 1413625679.0
536219.739124 5079663.75145 1413625699.0
536231.650383 5079684.15386 1413625720.0
536244.902441 5079700.89758 1413625748.0
536261.695375 5079722.66191 1413625778.0
536271.301408 5079739.05102 1413625813.0
536276.424713 5079752.19176 1413625841.0
536291.225014 5079782.83315 1413625863.0
536293.442738 5079801.73451 1413625921.0
536278.189942 5079821.86684 1413625962.0
536279.331722 5079852.20602 1413626019.0
536278.671327 5079872.2016 1413626073.0
536270.776841 5079894.93253 1413626091.0
536271.415044 5079918.49117 1413626110.0
536281.3691 5079941.65994 1413626128.0
536288.010572 5079960.58721 1413626149.0
536306.373068 5079979.24985 1413626183.0
536312.462688 5079999.61832 1413626204.0
536306.495445 5080024.58266 1413626311.0
536299.380388 5080046.76258 1413626329.0
536293.266485 5080070.28167 1413626357.0
536291.730882 5080093.9387 1413626374.0
536287.730048 5080114.47026 1413626400.0
