535144.0249 5078737.91759 1436716689.0
535154.446776 5078720.75501 1436716721.0
535148.079967 5078693.60864 1436716869.0
535151.596972 5078675.74026 1436716961.0
535151.195376 5078650.73877 1436717020.0
535126.066235 5078633.04129 1436717084.0
535109.296122 5078619.72446 1436717115.0
535102.576333 5078600.02035 1436717137.0
535084.948769 5078573.58804 1436717187.0
535079.826056 5078546.00436 1436717238.0
535068.076911 5078537.04927 1436717524.0
535060.225157 5078511.56121 1436717693.0
535056.360048 5078481.20698 1436717757.0
