536275.536249 5080102.73249 1431841608.0
536293.953394 5080085.5075 1431841708.0
536296.82138 5080059.63612 1431841740.0
536307.737966 5080037.7007 1431841789.0
536320.13777 5080027.55144 1431842000.0
536320.522468 5080014.88737 1431842031.0
536313.864767 5079985.51581 1431842057.0
536315.105013 5079959.30157 1431842080.0
536315.522269 5079941.0823 1431842105.0
536328.777141 5079904.27213 1431842135.0
536336.367249 5079880.53952 1431842163.0
536366.125619 5079848.6039 1431842191.0
536388.810456 5079831.73757 1431842214.0
536397.24678 5079809.3433 1431842245.0
536398.956341 5079782.5763 1431842270.0
536398.514884 5079765.24085 1431842284.0
536394.16999 5079738.54939 1431842311.0
536390.293347 5079711.41626 1431842333.0
536368.8114 5079681.95759 1431842358.0
536366.15165 5079659.05373 1431842376.0
536365.93965 5079615.83146 1431842412.0
536370.43999 5079589.63638 1431842437.0
536365.984605 5079555.27785 1431842458.0
536367.371238 5079543.84187 1431842486.0
536368.294122 5079505.62613 1431842519.0
536370.003624 5079492.08099 1431842534.0
536398.145095 5079471.46905 1431842569.0
536420.190205 5079458.04342 1431842609.0
536432.367762 5079433.11571 1431842650.0
536442.634899 5079416.28767 1431842668.0
536451.119672 5079385.78288 1431842695.0
536457.170917 5079359.93032 1431842718.0
536475.925632 5079325.375 1431842745.0
536498.357557 5079312.28524 1431842766.0
536520.991655 5079304.41884 1431842792.0
536552.577787 5079305.38284 1431842813.0
536572.898742 5079308.05824 1431842828.0
536587.405516 5079309.47718 1431842845.0
536622.225979 5079314.79385 1431842874.0
536643.273694 5079312.69613 1431842894.0
536675.089339 5079314.21766 1431842924.0
536706.489186 5079333.51418 1431842955.0
536735.415606 5079351.01847 1431842984.0
536759.622506 5079352.82865 1431843008.0
536789.695592 5079347.11841 1431843030.0
536820.340451 5079336.63407 1431843054.0
536844.014309 5079323.66404 1431843079.0
536860.62499 5079310.65208 1431843099.0
536884.499481 5079303.1277 1431843117.0
536902.455426 5079272.791 1431843157.0
536919.713137 5079255.44984 1431843183.0
536944.328882 5079240.81918 1431843207.0
536973.98073 5079227.77419 1431843233.0
536987.006185 5079217.29666 1431843248.0
537018.170182 5079198.03884 1431843291.0
537042.481887 5079182.40678 1431843315.0
537057.553585 5079167.27509 1431843334.0
537083.697151 5079156.87623 1431843361.0
537121.038948 5079168.98838 1431843387.0
537145.984703 5079177.13766 1431843411.0
537172.595739 5079179.4083 1431843433.0
537221.144071 5079199.58808 1431843474.0
537234.97927 5079209.44872 1431843488.0
537259.88864 5079223.59808 1431843513.0
537284.240451 5079227.18891 1431843538.0
537309.913756 5079217.56593 1431843560.0
537343.653622 5079196.10309 1431843597.0
537369.019915 5079198.8115 1431843619.0
537401.222098 5079200.67241 1431843656.0
537440.797057 5079189.9117 1431843689.0
537457.986669 5079184.12686 1431843705.0
537497.139816 5079166.14193 1431843740.0
537532.101686 5079148.13185 1431843773.0
537547.664162 5079141.89296 1431843788.0
537572.326476 5079132.70937 1431843813.0
537596.984145 5079124.3036 1431843837.0
537619.212026 5079119.77196 1431843856.0
537652.20292 5079119.63901 1431843884.0
537675.78683 5079121.89341 1431843902.0
537695.997207 5079130.01612 1431843918.0
537730.670678 5079134.00483 1431843945.0
537760.934625 5079135.52248 1431843973.0
537781.113293 5079136.08991 1431843995.0
537815.33384 5079137.96527 1431844039.0
537837.3028 5079150.4324 1431844061.0
537865.973042 5079171.38478 1431844090.0
537880.040835 5079181.13718 1431844103.0
537904.076708 5079198.28372 1431844126.0
537921.41461 5079206.3896 1431844143.0
537951.354803 5079222.68361 1431844177.0
537979.506884 5079226.74489 1431844203.0
538009.256301 5079223.48295 1431844227.0
538034.055824 5079217.30195 1431844250.0
538063.721183 5079240.37242 1431844293.0
538070.43516 5079246.74684 1431844309.0
538098.845359 5079271.92083 1431844350.0
538112.401744 5079289.00377 1431844392.0
538129.464563 5079303.88616 1431844410.0
538163.607063 5079330.87346 1431844444.0
538172.186413 5079336.81506 1431844453.0
538201.10486 5079367.54808 1431844484.0
538228.096821 5079383.38083 1431844509.0
538236.691806 5079386.76712 1431844516.0
538270.28107 5079402.64078 1431844545.0
538298.809251 5079421.03883 1431844574.0
538315.128755 5079430.47283 1431844591.0
538352.981008 5079447.26217 1431844631.0
538375.373045 5079453.734 1431844656.0
538391.876496 5079458.50279 1431844675.0
538428.440592 5079470.17363 1431844716.0
538445.086094 5079477.05451 1431844741.0
538475.049838 5079489.12911 1431844776.0
538487.514315 5079494.31751 1431844789.0
538514.402258 5079501.70664 1431844818.0
538544.563145 5079507.00519 1431844867.0
538565.964437 5079510.47162 1431844894.0
538591.574963 5079511.07552 1431844923.0
538623.975481 5079505.72199 1431844953.0
538645.796001 5079504.19143 1431844983.0
538668.232609 5079503.44255 1431845002.0
538711.762634 5079518.15848 1431845037.0
538748.708317 5079530.72247 1431845066.0
538780.071089 5079542.36287 1431845091.0
538802.534401 5079549.72557 1431845126.0
538829.408513 5079559.22705 1431845168.0
538870.569342 5079567.9294 1431845198.0
538883.753492 5079569.67876 1431845208.0
538918.412646 5079575.4518 1431845240.0
538940.65411 5079593.36892 1431845266.0
538963.21918 5079609.1771 1431845286.0
538976.03894 5079619.47972 1431845298.0
539006.193959 5079637.8913 1431845324.0
539023.593534 5079648.11175 1431845341.0
539041.993635 5079659.67186 1431845358.0
539083.102348 5079676.48623 1431845401.0
539103.006371 5079683.38945 1431845427.0
539127.481847 5079691.5438 1431845455.0
539159.578854 5079697.30202 1431845483.0
539173.846435 5079699.50329 1431845496.0
539207.479462 5079707.82697 1431845524.0
539249.626659 5079719.87136 1431845554.0
539286.208785 5079728.21416 1431845582.0
539324.921636 5079731.01526 1431845613.0
539363.923729 5079737.15171 1431845642.0
539392.209477 5079744.10913 1431845663.0
539413.514932 5079750.2445 1431845679.0
539435.840631 5079754.6087 1431845697.0
539454.751327 5079758.95124 1431845712.0
539498.690602 5079769.78655 1431845746.0
539519.449743 5079776.36324 1431845762.0
539550.483807 5079790.44987 1431845792.0
539578.982785 5079800.40944 1431845825.0
539610.080529 5079804.497 1431845866.0
539632.106824 5079807.08226 1431845912.0
539644.893675 5079810.16401 1431845934.0
539680.922181 5079807.83917 1431845974.0
539693.647767 5079808.36513 1431845998.0
539713.915285 5079806.82838 1431846018.0
539743.831703 5079801.46479 1431846045.0
539760.861638 5079796.46306 1431846060.0
539786.7132 5079783.5182 1431846087.0
539794.276603 5079778.12244 1431846160.0
539809.200491 5079726.44163 1431846204.0
539807.812615 5079688.76684 1431846237.0
539808.075439 5079684.10196 1431846241.0
539830.192814 5079636.35623 1431846280.0
539859.903347 5079614.88109 1431846308.0
539893.220503 5079599.87363 1431846337.0
539921.194842 5079594.94281 1431846361.0
539945.571709 5079594.21106 1431846380.0
539996.409598 5079594.53904 1431846419.0
540006.338591 5079595.49202 1431846427.0
540045.187842 5079601.29844 1431846457.0
540092.55529 5079598.1604 1431846495.0
540114.600844 5079597.85866 1431846522.0
540147.251587 5079601.95896 1431846552.0
540178.317568 5079611.04905 1431846582.0
540185.433637 5079614.8729 1431846597.0
540225.266649 5079612.57589 1431846636.0
540240.783453 5079601.67688 1431846663.0
540253.270432 5079591.20265 1431846678.0
540298.27002 5079570.27339 1431846715.0
540316.013329 5079563.16674 1431846730.0
540346.310873 5079559.14183 1431846759.0
540362.715262 5079555.02654 1431846780.0
540402.557432 5079551.39741 1431846817.0
540409.817073 5079557.0002 1431846841.0
540435.577504 5079570.27912 1431846869.0
540457.44544 5079597.19912 1431846907.0
540473.243356 5079602.74664 1431846937.0
540509.340042 5079613.98233 1431846974.0
540538.359288 5079615.50544 1431847004.0
540566.175743 5079622.90959 1431847033.0
540599.084853 5079634.9027 1431847071.0
540620.919004 5079643.15677 1431847096.0
540633.625927 5079646.57336 1431847109.0
540661.555799 5079660.3119 1431847143.0
540698.935249 5079665.22391 1431847188.0
540716.145901 5079668.33694 1431847213.0
540739.973469 5079668.49357 1431847234.0
540776.058235 5079669.61984 1431847263.0
540797.418971 5079667.20495 1431847280.0
540829.458276 5079646.1942 1431847310.0
540857.428126 5079630.26778 1431847338.0
540887.310632 5079618.57625 1431847366.0
540917.987581 5079615.88994 1431847393.0
540945.040153 5079609.62434 1431847422.0
540953.298186 5079605.01235 1431847467.0
540976.244589 5079597.60865 1431847505.0
541004.223866 5079580.34965 1431847530.0
540999.936544 5079559.655 1431847561.0
541023.589433 5079539.3675 1431847615.0
541038.862833 5079542.02416 1431847679.0
541060.429423 5079532.05613 1431847728.0
541073.291017 5079512.14175 1431847792.0
541082.687209 5079488.09339 1431847879.0
541104.472903 5079480.23803 1431847907.0
541130.073673 5079470.63033 1431847932.0
541153.918984 5079468.23316 1431847965.0
541181.546201 5079480.74983 1431847997.0
541202.041459 5079491.88588 1431848026.0
541217.545537 5079494.87784 1431848051.0
541247.111483 5079495.96347 1431848079.0
541258.51296 5079497.26158 1431848091.0
541294.558952 5079481.05757 1431848132.0
541305.507495 5079468.79745 1431848154.0
541329.761926 5079451.62617 1431848189.0
541335.20443 5079426.99627 1431848212.0
541342.339736 5079404.59984 1431848236.0
541348.880607 5079389.86598 1431848275.0
541373.523093 5079361.14212 1431848305.0
541378.342383 5079348.50787 1431848386.0
541389.041398 5079338.80173 1431848442.0
541408.484211 5079321.59862 1431848469.0
541420.168219 5079303.89926 1431848488.0
541442.036334 5079295.49008 1431848514.0
541463.587341 5079288.07884 1431848549.0
541484.51224 5079281.44125 1431848592.0
541506.923858 5079273.03594 1431848631.0
541523.810603 5079278.2601 1431848669.0
541545.78279 5079277.51851 1431848698.0
541561.888197 5079295.07065 1431848750.0
541581.80056 5079312.09283 1431848804.0
541598.7021 5079326.65046 1431848851.0
541615.278908 5079343.31703 1431848897.0
541636.550047 5079354.45973 1431849037.0
541652.507344 5079347.78933 1431849062.0
541671.759021 5079336.03009 1431849085.0
541692.70941 5079325.61566 1431849112.0
541713.732253 5079315.97955 1431849138.0
541739.053169 5079313.59456 1431849163.0
541755.622651 5079308.26185 1431849184.0
541776.176942 5079299.06723 1431849369.0
541776.185931 5079297.73398 1431849624.0
