534954.086188 5079285.38177 1338067862.0
534968.31874 5079266.68488 1338067982.0
534972.625541 5079246.26537 1338068062.0
534994.386685 5079227.72214 1338068182.0
535008.035568 5079202.46669 1338068302.0
535012.359491 5079179.0474 1338068382.0
535037.648797 5079168.07958 1338068502.0
535053.034229 5079151.50044 1338068622.0
535076.652549 5079134.07908 1338068742.0
535098.224758 5079135.31231 1338068822.0
535118.705235 5079137.42828 1338068902.0
535141.767337 5079136.00352 1338068982.0
535162.196027 5079133.56394 1338069062.0
535173.717241 5079114.07437 1338069142.0
535187.03075 5079093.37282 1338069222.0
535200.199202 5079070.89274 1338069342.0
535217.736567 5079071.88125 1338069462.0
535235.77512 5079052.98438 1338069582.0
535257.994611 5079036.00018 1338069702.0
535275.144933 5079009.54305 1338069822.0
535294.152432 5078997.76275 1338069902.0
535312.830519 5078989.31387 1338069982.0
535333.89975 5078983.54526 1338070062.0
535351.815654 5078972.64778 1338070142.0
535375.372464 5078952.67172 1338070262.0
535402.805686 5078947.16189 1338070382.0
535409.129153 5078927.30974 1338070582.0
535420.083878 5078898.48434 1338070702.0
535423.289797 5078880.83654 1338070822.0
535422.482787 5078859.05481 1338070902.0
535427.095495 5078839.74844 1338070982.0
535431.849378 5078809.33211 1338071102.0
535438.059755 5078782.14624 1338071222.0
535443.907577 5078764.06913 1338071302.0
535447.191348 5078759.97693 1338071342.0
535496.754461 5078712.92874 1338071382.0
