535410.854172 5078937.87483 1327485508.0
535402.72941 5078906.16271 1327485551.0
535427.860704 5078882.41817 1327485627.0
535416.634004 5078836.57763 1327485676.0
535431.990399 5078784.66701 1327485733.0
535457.699286 5078741.48205 1327485783.0
535487.870755 5078705.32254 1327485839.0
535522.39156 5078668.85477 1327485898.0
535538.708055 5078625.72743 1327485980.0
535568.942239 5078592.34636 1327486052.0
535589.244861 5078558.13063 1327486155.0
535621.895696 5078523.09708 1327486225.0
535645.564979 5078484.01215 1327486287.0
535660.647125 5078439.76695 1327486390.0
535682.453443 5078414.22658 1327486500.0
535714.423381 5078416.74398 1327486581.0
535756.170127 5078420.0957 1327486677.0
535782.011803 5078448.68841 1327486787.0
535832.264195 5078444.42331 1327486853.0
535877.266622 5078448.57242 1327486937.0
