536522.831278 5078544.45142 1413622890.0
536531.402494 5078565.39021 1413622951.0
536532.444441 5078586.17353 1413622972.0
536541.065678 5078611.77916 1413623000.0
536554.175138 5078626.63382 1413623137.0
536563.776908 5078643.91218 1413623165.0
536565.60286 5078663.36684 1413623232.0
536563.531099 5078685.57619 1413623263.0
536568.574715 5078712.27185 1413623296.0
536574.478724 5078737.86151 1413623316.0
536573.983718 5078755.96918 1413623337.0
536573.463142 5078778.4099 1413623358.0
536582.245737 5078802.90548 1413623386.0
536592.243799 5078818.74184 1413623406.0
536587.833416 5078842.604 1413623434.0
