537815.424461 5079008.63585 1431856920.0
537802.794752 5079017.55856 1431856958.0
537782.732727 5079035.99127 1431856984.0
537763.500284 5079058.42901 1431857008.0
537762.871863 5079059.64737 1431857009.0
537749.909296 5079085.01217 1431857031.0
537725.560055 5079119.19632 1431857073.0
537702.830536 5079129.61326 1431857100.0
537671.134983 5079120.97626 1431857129.0
537647.155538 5079119.94166 1431857151.0
537626.039964 5079120.25785 1431857168.0
537595.966986 5079125.63072 1431857194.0
537558.96292 5079134.73941 1431857227.0
537540.492778 5079146.84938 1431857246.0
537510.663904 5079163.22386 1431857277.0
537495.261467 5079168.68605 1431857292.0
537462.804485 5079183.26712 1431857324.0
537432.418798 5079189.08333 1431857351.0
537395.061969 5079205.30178 1431857387.0
537376.81864 5079205.63614 1431857409.0
537360.098321 5079197.97995 1431857427.0
537319.789516 5079214.62548 1431857469.0
537287.583438 5079226.32017 1431857496.0
537259.851774 5079216.82026 1431857521.0
537241.65924 5079208.71111 1431857538.0
537218.728973 5079188.12944 1431857564.0
537205.296478 5079175.82688 1431857580.0
537168.547852 5079168.38431 1431857610.0
537154.488598 5079169.96662 1431857639.0
537121.122813 5079154.98927 1431857667.0
537107.937992 5079153.13256 1431857676.0
537062.421861 5079157.97113 1431857718.0
537046.558649 5079175.65356 1431857735.0
537034.321158 5079184.13573 1431857746.0
537007.661642 5079202.97593 1431857771.0
536988.380788 5079221.08254 1431857794.0
536973.429438 5079229.10419 1431857810.0
536947.312973 5079248.059 1431857839.0
536925.827679 5079245.37544 1431857872.0
