535534.150426 5079772.33361 1346910981.0
535553.702236 5079787.11202 1346911087.0
535554.238509 5079788.33729 1346911088.0
535585.863503 5079795.62977 1346911148.0
535592.817967 5079801.0029 1346911149.0
535602.489482 5079806.28054 1346911162.0
535626.728105 5079802.30889 1346911203.0
535634.10254 5079802.12909 1346911242.0
535642.272913 5079798.50953 1346911243.0
535652.347797 5079801.12298 1346911259.0
535675.171982 5079786.69924 1346911285.0
535698.583391 5079791.61173 1346911318.0
535734.215845 5079803.81682 1346911432.0
535743.486356 5079811.31453 1346911488.0
535749.422736 5079818.23747 1346911500.0
535768.943102 5079838.34957 1346911530.0
535791.209911 5079853.25553 1346911567.0
535816.327149 5079858.40055 1346911590.0
535840.776696 5079858.20863 1346911629.0
535867.365275 5079863.91791 1346911706.0
535870.839776 5079867.04905 1346911707.0
535878.528848 5079879.53767 1346911728.0
535886.83942 5079891.91879 1346911753.0
535893.163617 5079898.84412 1346911764.0
535913.332165 5079927.51576 1346911822.0
535927.998929 5079941.26709 1346911847.0
535933.394282 5079947.74264 1346911872.0
535946.275521 5079974.92773 1346911915.0
535961.120107 5079998.12435 1346911949.0
535987.229412 5080006.05353 1346911974.0
536022.404673 5080003.14694 1346912022.0
536050.271077 5080002.53129 1346912050.0
536078.194392 5080005.47155 1346912096.0
536096.897026 5080005.80272 1346912118.0
536113.873996 5080022.56787 1346912157.0
536142.105686 5080025.84354 1346912187.0
536162.971371 5080041.18712 1346912226.0
536179.45282 5080049.72757 1346912271.0
536216.062238 5080053.71916 1346912352.0
536221.103579 5080054.30418 1346912353.0
