536829.264338 5076213.66927 1477128465.0
536832.925903 5076224.80177 1477128516.0
536835.702667 5076254.15064 1477128574.0
536849.088852 5076275.4517 1477128609.0
536871.040617 5076305.91452 1477128649.0
536877.733273 5076316.62063 1477128660.0
536893.697668 5076361.38082 1477128701.0
536893.215874 5076364.04453 1477128703.0
536897.714542 5076417.18071 1477128755.0
536884.804069 5076446.54742 1477128794.0
536887.777411 5076468.89772 1477128865.0
536864.636898 5076481.75971 1477128912.0
536849.715643 5076509.78125 1477128947.0
536848.037805 5076530.77061 1477128981.0
536834.833899 5076544.2473 1477129001.0
536805.263092 5076554.62695 1477129061.0
536787.640135 5076593.07671 1477129110.0
536781.963384 5076620.59772 1477129144.0
536776.589382 5076649.45381 1477129184.0
536762.266485 5076668.36829 1477129235.0
536747.619244 5076689.61413 1477129265.0
536729.897651 5076705.50863 1477129296.0
536714.327349 5076725.30469 1477129335.0
536686.764037 5076737.80782 1477129380.0
536679.963847 5076758.4336 1477129495.0
536659.328698 5076768.08905 1477129532.0
536627.569957 5076781.01207 1477129562.0
536623.217837 5076794.76371 1477129576.0
536605.640872 5076838.88074 1477129632.0
536584.348861 5076854.64347 1477129670.0
536571.169474 5076877.34278 1477129705.0
536561.873267 5076899.95391 1477129761.0
536543.962093 5076921.84763 1477129821.0
536537.073138 5076944.47298 1477129855.0
536528.646332 5076964.5338 1477129885.0
536519.968314 5076987.70417 1477129922.0
536509.368805 5077007.53001 1477129954.0
536499.210393 5077031.58056 1477130017.0
536496.281043 5077054.34037 1477130051.0
536489.119579 5077083.74174 1477130082.0
536476.785317 5077108.11284 1477130125.0
536474.367576 5077136.31994 1477130160.0
536457.669098 5077150.2213 1477130181.0
536435.177332 5077158.97769 1477130214.0
536421.196584 5077172.89511 1477130236.0
536382.584246 5077203.0008 1477130294.0
536356.033757 5077215.40022 1477130326.0
536338.496802 5077239.9633 1477130362.0
536323.037309 5077254.53891 1477130394.0
536309.048569 5077269.90093 1477130423.0
536287.475784 5077294.21831 1477130458.0
536291.254166 5077325.23944 1477130494.0
