535977.49899 5079997.66391 1433241357.0
535998.479449 5079993.34147 1433241376.0
536023.989817 5079997.48965 1433241394.0
536053.955591 5079996.21958 1433241425.0
536084.417403 5080003.06342 1433241454.0
536112.042457 5080017.22401 1433241491.0
536130.215894 5080028.44078 1433241510.0
536160.150416 5080032.50422 1433241537.0
536185.671933 5080047.98616 1433241573.0
536206.522816 5080052.55232 1433241597.0
536237.133559 5080060.39776 1433241636.0
536265.950115 5080069.78837 1433241677.0
536278.888852 5080086.86367 1433241714.0
536287.700601 5080106.24809 1433241738.0
