534775.892757 5079032.05369 1431839315.0
534770.006608 5079057.35319 1431839335.0
534784.925748 5079096.10237 1431839370.0
534800.618535 5079107.63457 1431839384.0
534830.259256 5079123.46728 1431839411.0
534859.000999 5079147.29483 1431839432.0
534871.753331 5079157.14406 1431839444.0
534894.534292 5079178.04943 1431839465.0
534910.125265 5079221.35813 1431839498.0
534919.010759 5079256.1849 1431839524.0
534954.282065 5079291.93823 1431839557.0
534961.262717 5079292.86647 1431839562.0
534990.85814 5079275.2563 1431839591.0
535003.843901 5079257.44131 1431839609.0
535014.241307 5079244.38935 1431839622.0
535053.833038 5079229.83588 1431839661.0
