536978.097843 5078876.03067 1346916749.0
536976.229505 5078863.90875 1346916870.0
536961.28849 5078857.04203 1346916886.0
536941.039721 5078842.03282 1346916939.0
536930.958494 5078840.30611 1346916940.0
536924.136159 5078838.82105 1346916958.0
536899.722863 5078832.23138 1346916992.0
536873.13509 5078812.74033 1346917052.0
536854.076424 5078806.40491 1346917083.0
536844.439066 5078808.34755 1346917111.0
536828.524306 5078795.47554 1346917170.0
536824.137319 5078789.11631 1346917171.0
536814.704036 5078782.83822 1346917250.0
536809.471068 5078775.14069 1346917251.0
536811.238877 5078765.04036 1346917270.0
536803.554869 5078751.77288 1346917328.0
536801.459642 5078751.64933 1346917361.0
536794.751747 5078743.94305 1346917362.0
536788.883866 5078738.57503 1346917418.0
536783.952098 5078732.43482 1346917419.0
536773.767974 5078734.92986 1346917456.0
536761.962287 5078735.9709 1346917494.0
536752.030162 5078735.24534 1346917514.0
536745.065487 5078744.64822 1346917538.0
536736.671395 5078746.37618 1346917579.0
536731.848737 5078748.01421 1346917580.0
536721.933087 5078744.5111 1346917638.0
536713.215335 5078748.45934 1346917639.0
536711.185885 5078750.33615 1346917672.0
536704.024605 5078753.62697 1346917673.0
536697.388946 5078759.92083 1346917717.0
536689.681026 5078776.87471 1346917740.0
