536302.082101 5078101.50104 1407411413.0
536285.63136 5078086.8496 1407411467.0
536266.295087 5078074.40348 1407411548.0
536251.21951 5078063.53785 1407411620.0
536227.37512 5078051.95435 1407411689.0
536223.475139 5078028.48783 1407411743.0
536216.863754 5078004.0055 1407411797.0
536197.919151 5077990.89525 1407411944.0
536185.361947 5077974.15577 1407412373.0
536175.220446 5077955.87492 1407412478.0
536163.997173 5077936.69891 1407412574.0
536143.811921 5077936.58118 1407412700.0
536134.783691 5077913.75148 1407412736.0
536137.541839 5077893.43485 1407412790.0
536129.833987 5077870.50174 1407412838.0
536134.285894 5077852.63936 1407412883.0
536132.090845 5077829.62727 1407412946.0
