536840.066334 5079217.42126 1346915030.0
536849.246274 5079200.92075 1346915051.0
536855.731672 5079193.7373 1346915063.0
536875.564815 5079174.07806 1346915099.0
536883.239705 5079162.67961 1346915124.0
536885.235766 5079153.35842 1346915136.0
536889.369918 5079136.93904 1346915165.0
536906.12452 5079125.928 1346915220.0
536923.061403 5079097.36302 1346915300.0
536929.239819 5079089.62227 1346915326.0
536936.897691 5079081.1126 1346915356.0
536938.273548 5079071.67662 1346915363.0
536951.046418 5079051.5311 1346915432.0
536954.202966 5079042.8835 1346915433.0
536955.395122 5079038.22407 1346915470.0
536959.719324 5079029.02789 1346915471.0
536960.662054 5079027.14468 1346915490.0
536965.60526 5079018.28552 1346915491.0
536970.929963 5079010.53973 1346915503.0
536984.931096 5078992.73488 1346915562.0
536988.947536 5078983.09245 1346915563.0
536990.272425 5078982.2115 1346915577.0
536995.367638 5078973.90881 1346915578.0
536994.997433 5078970.90668 1346915594.0
536998.320604 5078960.37126 1346915595.0
537005.808886 5078954.30503 1346915621.0
537006.805384 5078943.42239 1346915634.0
537006.687957 5078937.08853 1346915661.0
537008.834872 5078928.54604 1346915662.0
537017.256673 5078922.15207 1346915695.0
537019.443431 5078906.94334 1346915734.0
