536099.279542 5077824.43627 1327496012.0
536056.34259 5077851.51886 1327496103.0
536034.57438 5077896.6131 1327496182.0
536018.195777 5077949.51626 1327496277.0
536025.664229 5078000.33587 1327496328.0
536042.773398 5078048.76716 1327496375.0
536049.082827 5078098.5801 1327496427.0
536027.554218 5078142.67579 1327496512.0
536001.009485 5078181.63147 1327496614.0
535977.705636 5078224.05041 1327496700.0
535951.44923 5078253.56381 1327496913.0
535908.2262 5078263.64627 1327497007.0
535870.663158 5078288.428 1327497074.0
535863.667684 5078316.71998 1327497158.0
535877.618155 5078361.02158 1327497244.0
535885.184132 5078408.50838 1327497311.0
535882.076615 5078435.71177 1327497405.0
535840.161814 5078448.02443 1327497512.0
535793.19105 5078435.19782 1327497582.0
535753.417203 5078426.30185 1327497660.0
535712.575637 5078414.06675 1327497722.0
535673.83784 5078413.95477 1327497787.0
535652.402104 5078456.05235 1327497854.0
535627.271782 5078492.68448 1327497907.0
535600.875452 5078533.53153 1327497982.0
535578.268547 5078576.95592 1327498046.0
535543.686484 5078610.42312 1327498110.0
535510.474063 5078648.78709 1327498219.0
535472.262775 5078679.01177 1327498287.0
535423.636212 5078670.84499 1327498368.0
535389.181721 5078641.42684 1327498460.0
535350.998903 5078612.32093 1327498546.0
535329.815499 5078583.42326 1327498610.0
535350.126327 5078547.5402 1327498669.0
535349.928616 5078500.54055 1327498727.0
535341.811168 5078467.38419 1327498845.0
535297.797258 5078439.57868 1327498904.0
535286.728429 5078392.96156 1327498972.0
535288.704496 5078345.8632 1327499028.0
535286.660052 5078309.51938 1327499102.0
