535648.609174 5079290.78304 1407400345.0
535622.495475 5079296.52157 1407400405.0
535605.255498 5079284.42283 1407400417.0
535591.344367 5079260.34362 1407400432.0
535586.84142 5079246.98482 1407400438.0
535574.364277 5079216.46964 1407400447.0
535566.477425 5079184.092 1407400459.0
535556.997278 5079158.81613 1407400468.0
535548.773641 5079130.992 1407400480.0
535553.264462 5079105.90741 1407400498.0
535558.205743 5079083.49199 1407400564.0
535568.962928 5079062.10993 1407400627.0
535586.136409 5079058.8753 1407400684.0
535603.521708 5079059.30848 1407400699.0
535623.76656 5079075.42436 1407400708.0
535625.471673 5079075.87859 1407400777.0
535648.720346 5079082.56765 1407400792.0
