536132.090845 5077829.62727 1407412946.0
536110.509722 5077829.1682 1407413012.0
536084.865607 5077833.12986 1407413069.0
536073.636114 5077841.61979 1407413144.0
536056.394378 5077855.96347 1407413180.0
536044.936044 5077877.1184 1407413216.0
536031.976224 5077902.82003 1407413276.0
536027.136467 5077920.68023 1407413336.0
536027.000219 5077944.12315 1407413360.0
536019.514452 5077963.07906 1407413384.0
536021.012439 5077985.86484 1407413402.0
536034.045687 5078014.27304 1407413435.0
536040.446195 5078035.08739 1407413459.0
536046.450735 5078057.23273 1407413477.0
536047.955702 5078078.79638 1407413501.0
536046.822409 5078100.12246 1407413525.0
536044.78024 5078130.88742 1407413561.0
536037.679569 5078150.40108 1407413597.0
536016.70852 5078165.38984 1407413654.0
536007.444592 5078183.11325 1407413699.0
535998.652964 5078199.72834 1407413822.0
535986.27418 5078219.1003 1407413897.0
535974.917583 5078236.25607 1407413948.0
535950.919986 5078251.11638 1407414029.0
535935.941923 5078263.58469 1407414122.0
535920.826043 5078273.05233 1407414188.0
535898.299437 5078275.25508 1407414314.0
535892.097078 5078287.21879 1407414386.0
535862.598517 5078286.82583 1407414464.0
