535774.430681 5078981.96182 1407401804.0
535790.964313 5078955.1692 1407401969.0
535806.825686 5078950.70541 1407402095.0
535820.901025 5078959.78649 1407402218.0
535846.416557 5078950.37876 1407402407.0
535865.128168 5078949.70928 1407402674.0
535881.835743 5078946.58387 1407402812.0
535900.570543 5078941.91474 1407402968.0
535922.352636 5078933.81899 1407403109.0
535938.002858 5078939.02069 1407403301.0
535963.127964 5078930.05561 1407403442.0
535981.772352 5078927.60836 1407403610.0
535994.053406 5078911.45794 1407403769.0
536017.331375 5078913.1487 1407403892.0
536033.976462 5078920.8008 1407404084.0
536046.442067 5078912.98464 1407404198.0
536066.666843 5078919.10214 1407404258.0
