534755.581131 5079041.27277 1346909523.0
534760.934585 5079069.41303 1346909588.0
534775.404557 5079091.38241 1346909607.0
534802.560928 5079107.31216 1346909635.0
534810.611025 5079111.35725 1346909642.0
534832.407027 5079128.03477 1346909666.0
534847.930034 5079142.12161 1346909682.0
534882.852459 5079171.09499 1346909730.0
534892.304001 5079188.14767 1346909745.0
534900.685735 5079215.97179 1346909766.0
534907.445527 5079242.34238 1346909791.0
534917.058389 5079258.28494 1346909804.0
534940.256919 5079287.63703 1346909831.0
534968.969523 5079288.91009 1346909860.0
534977.471816 5079295.29121 1346909883.0
535002.856409 5079322.32262 1346909919.0
535017.312993 5079346.40357 1346909948.0
535029.586123 5079372.24994 1346909987.0
535040.88594 5079391.75768 1346910055.0
535049.204501 5079403.13772 1346910071.0
535061.696116 5079417.7635 1346910091.0
535087.616632 5079432.24314 1346910122.0
535109.328733 5079449.69894 1346910150.0
535128.223846 5079471.13872 1346910184.0
535136.925295 5079497.07617 1346910206.0
535146.47792 5079523.46289 1346910231.0
535156.080897 5079540.96129 1346910248.0
535172.207947 5079571.38524 1346910290.0
535173.496528 5079590.5031 1346910315.0
535188.660438 5079612.81076 1346910344.0
535214.604468 5079622.95787 1346910379.0
535241.954951 5079631.44647 1346910427.0
535261.109241 5079634.44426 1346910490.0
535270.497403 5079635.05323 1346910491.0
535280.190327 5079636.66393 1346910510.0
535290.427178 5079638.16664 1346910528.0
535318.078793 5079661.87906 1346910581.0
535326.578313 5079668.59399 1346910592.0
535359.248917 5079683.22438 1346910625.0
535386.009762 5079686.15487 1346910666.0
535389.627139 5079691.50871 1346910693.0
535411.735707 5079707.19013 1346910720.0
535436.470301 5079725.10882 1346910773.0
535443.811767 5079730.70621 1346910774.0
535445.88825 5079734.05132 1346910789.0
535455.577161 5079736.32892 1346910791.0
535456.972923 5079736.55912 1346910806.0
535465.238716 5079743.38402 1346910807.0
535473.35499 5079749.20809 1346910823.0
535484.673712 5079765.05023 1346910851.0
535504.053949 5079769.16115 1346910869.0
535535.372335 5079789.34012 1346910952.0
535535.325176 5079797.56184 1346910953.0
