538082.018359 5079117.59906 1431854931.0
538075.575616 5079130.22581 1431854985.0
538048.798345 5079142.39435 1431855012.0
538021.31237 5079156.22528 1431855040.0
537986.869983 5079165.23603 1431855075.0
537959.423016 5079160.06796 1431855100.0
537923.469713 5079149.62585 1431855133.0
537899.901993 5079119.37132 1431855174.0
537899.743879 5079107.14845 1431855188.0
537886.450437 5079072.29028 1431856805.0
537880.030946 5079068.47335 1431856819.0
537858.589955 5079045.78735 1431856862.0
537845.47703 5079032.15204 1431856877.0
537815.424461 5079008.63585 1431856920.0
