534425.458496 5078004.79747 1327501333.0
534378.732311 5078016.75995 1327501380.0
534338.472283 5078052.75779 1327501433.0
534296.488623 5078077.63561 1327501478.0
534259.640417 5078114.54169 1327501533.0
534219.705127 5078148.20883 1327501581.0
534181.179906 5078179.66186 1327501626.0
534144.622097 5078220.45897 1327501679.0
534115.421403 5078264.63001 1327501722.0
534087.293898 5078311.36255 1327501772.0
534054.893492 5078358.73839 1327501818.0
534020.072854 5078394.54595 1327501864.0
533969.722819 5078416.82457 1327501907.0
533920.136266 5078427.33041 1327501957.0
533875.298523 5078449.63997 1327502010.0
533835.081222 5078478.86372 1327502053.0
533795.618168 5078512.20282 1327502125.0
533753.514984 5078545.75 1327502175.0
533706.597866 5078565.27177 1327502222.0
533661.902066 5078590.36131 1327502267.0
533621.99358 5078620.25476 1327502310.0
533584.393803 5078653.93862 1327502355.0
533587.472216 5078701.84255 1327502402.0
533591.77391 5078753.19745 1327502437.0
533575.4984 5078805.66302 1327502483.0
533563.567088 5078858.70769 1327502529.0
533519.907819 5078893.5813 1327502563.0
533474.304663 5078914.77852 1327502594.0
533438.088481 5078951.47063 1327502633.0
533397.349522 5078963.25052 1327502684.0
533349.986128 5078951.10696 1327502724.0
533329.129704 5078903.21861 1327502760.0
533304.01558 5078853.08531 1327502815.0
533256.139397 5078835.05103 1327502878.0
