535408.481678 5078945.5277 1481961283.0
535405.880408 5078925.29124 1481961304.0
535418.873169 5078906.58828 1481961337.0
535423.951574 5078887.28457 1481961375.0
535426.409853 5078864.63265 1481961394.0
535425.347749 5078846.73824 1481961410.0
535429.906987 5078823.20947 1481961435.0
535430.417704 5078801.7686 1481961454.0
535440.166429 5078780.26946 1481961486.0
535446.415731 5078759.86138 1481961523.0
535458.023138 5078739.15065 1481961542.0
535470.085565 5078720.33137 1481961571.0
535486.390137 5078706.31403 1481961592.0
535501.358591 5078695.17788 1481961611.0
535516.293407 5078676.37515 1481961635.0
535525.252982 5078657.20487 1481961654.0
535538.022693 5078636.94537 1481961675.0
535556.089472 5078627.04931 1481961698.0
535566.4325 5078610.3314 1481961731.0
535584.998976 5078594.54957 1481961759.0
535597.267508 5078580.50935 1481961801.0
535606.934416 5078559.89886 1481961830.0
535610.228231 5078540.58504 1481961917.0
535628.014911 5078525.46551 1481961953.0
535640.986164 5078510.76277 1481961985.0
535654.452651 5078490.95195 1481962011.0
535668.979812 5078475.70268 1481962044.0
535679.177728 5078457.3175 1481962080.0
535680.78764 5078433.88305 1481962112.0
535685.559266 5078414.13336 1481962136.0
