536066.666843 5078919.10214 1407404258.0
536073.478922 5078909.03098 1407404420.0
536077.968135 5078884.61339 1407404456.0
536077.367838 5078867.7215 1407404504.0
536082.034983 5078839.41618 1407404555.0
536087.341915 5078821.22539 1407404603.0
536097.307655 5078802.83954 1407404645.0
536112.727919 5078780.93002 1407404735.0
536121.927907 5078760.76202 1407404774.0
536142.831911 5078743.66218 1407404837.0
536159.581194 5078720.20503 1407404873.0
536156.436133 5078713.74243 1407405080.0
536163.165291 5078691.33791 1407405131.0
536186.525788 5078679.03019 1407405287.0
536195.681389 5078666.52847 1407405509.0
536215.661901 5078661.42313 1407405617.0
536236.611314 5078663.21221 1407405761.0
536258.167152 5078654.22744 1407405839.0
536276.582631 5078638.00236 1407405905.0
536288.947202 5078621.07524 1407405980.0
536302.410336 5078602.15465 1407406067.0
536323.430254 5078591.94478 1407406103.0
536346.351184 5078588.52371 1407406178.0
536368.116813 5078570.3186 1407406214.0
536388.578551 5078562.66116 1407406250.0
536409.600706 5078552.11827 1407406325.0
536429.273869 5078546.56738 1407406382.0
536437.723113 5078522.28443 1407406454.0
536446.325719 5078498.33572 1407406508.0
536454.140339 5078476.38232 1407406532.0
536452.402056 5078455.1505 1407406568.0
536453.864863 5078430.82649 1407406628.0
536441.904815 5078418.42319 1407410119.0
536422.392504 5078396.53136 1407410221.0
536412.542043 5078381.80725 1407410326.0
536403.879482 5078363.09025 1407410362.0
536393.619898 5078338.69739 1407410431.0
536403.111078 5078322.08696 1407410560.0
536414.768142 5078306.82256 1407410719.0
