536141.499696 5077933.6789 1481964365.0
536161.38997 5077931.12832 1481964468.0
536172.710347 5077946.97166 1481964515.0
536183.321572 5077964.5886 1481964562.0
536193.694642 5077983.09304 1481964600.0
536212.650312 5077994.31452 1481964665.0
536217.685928 5078009.45459 1481964721.0
536223.706095 5078028.8225 1481964742.0
536228.77708 5078051.18479 1481964773.0
536244.386419 5078063.72011 1481964840.0
536264.77686 5078068.50589 1481964892.0
536272.66653 5078086.77372 1481964929.0
536292.949317 5078096.66993 1481964951.0
536296.330277 5078115.91136 1481965002.0
536293.268968 5078134.89286 1481965044.0
536301.378352 5078155.38418 1481965084.0
536312.380915 5078172.337 1481965200.0
536332.007782 5078188.11821 1481965225.0
536347.36738 5078203.43002 1481965243.0
536358.981012 5078222.05314 1481965261.0
536363.667744 5078243.63554 1481965285.0
536367.037315 5078264.76579 1481965335.0
536376.871772 5078282.26742 1481965370.0
536394.479715 5078298.03698 1481965397.0
536410.258367 5078308.01825 1481965439.0
536420.476868 5078326.18886 1481965499.0
536417.790367 5078347.39466 1481965586.0
536420.006337 5078366.62933 1481965710.0
536418.106598 5078386.06204 1481965802.0
536431.295119 5078400.80578 1481965861.0
536450.410217 5078411.02898 1481965914.0
