534917.003474 5079075.17922 1436700491.0
534911.196907 5079086.25727 1436700492.0
534870.878512 5079105.6963 1436700498.0
534847.296143 5079103.00816 1436700504.0
534824.45687 5079106.21299 1436700510.0
534792.226129 5079109.25406 1436700527.0
534768.47728 5079108.56522 1436700539.0
534744.664138 5079091.65441 1436700600.0
534745.915301 5079062.32901 1436700638.0
534755.257558 5079043.60422 1436700663.0
534769.418963 5079009.90695 1436700813.0
534777.021254 5078996.95002 1436700889.0
534778.673769 5078992.95942 1436701351.0
534796.332078 5078986.28099 1436701554.0
534806.347856 5078985.89281 1436701571.0
534816.193004 5079002.05872 1436701752.0
534814.665346 5079025.27162 1436701771.0
534799.05612 5079040.29458 1436701791.0
534775.181998 5079048.0492 1436701831.0
534763.610816 5079076.65003 1436701865.0
534776.01056 5079094.0524 1436701882.0
534802.622949 5079110.0902 1436701912.0
534820.806396 5079120.41425 1436701932.0
534845.076822 5079138.77234 1436701962.0
534862.714898 5079149.42677 1436701981.0
534878.93949 5079162.9621 1436701996.0
534890.646413 5079179.24973 1436702015.0
534900.800276 5079209.41708 1436702047.0
534906.747573 5079228.44999 1436702065.0
534916.597684 5079257.39349 1436702094.0
534928.760644 5079275.35037 1436702109.0
534965.163705 5079289.33304 1436702269.0
534984.140733 5079296.43994 1436702284.0
534996.778543 5079312.73303 1436702302.0
535014.177122 5079338.16388 1436702327.0
535024.553804 5079356.22198 1436702348.0
535032.748968 5079375.71216 1436702367.0
535049.055551 5079402.0258 1436702395.0
535065.893091 5079416.78729 1436702419.0
535083.683341 5079427.77655 1436702438.0
535109.505371 5079445.92227 1436702463.0
535132.11915 5079468.60533 1436702493.0
535141.026338 5079499.32158 1436702520.0
535149.369869 5079519.92385 1436702541.0
535159.041632 5079538.97815 1436702556.0
535172.770805 5079567.9441 1436702636.0
535183.626211 5079597.22708 1436702737.0
535197.194248 5079613.52588 1436702758.0
535227.407685 5079623.58619 1436702794.0
535247.017578 5079628.36425 1436702817.0
535278.609774 5079627.98852 1436702863.0
535306.807575 5079637.59331 1436702899.0
535324.594865 5079648.9166 1436702937.0
535344.560351 5079659.36349 1436702952.0
535361.412973 5079671.23709 1436702974.0
535391.394932 5079680.96356 1436703005.0
535408.715627 5079692.39553 1436703030.0
535423.226931 5079706.47807 1436703050.0
535448.261776 5079726.17624 1436703078.0
535467.773214 5079734.5099 1436703107.0
535486.423857 5079744.06087 1436703125.0
535515.122705 5079760.8915 1436703177.0
535525.894941 5079763.73096 1436703189.0
535543.748885 5079776.83299 1436703205.0
535567.389234 5079795.96811 1436703230.0
535597.477252 5079800.58524 1436703264.0
535627.343891 5079803.2013 1436703305.0
535648.170803 5079798.65457 1436703326.0
535668.375568 5079794.32655 1436703349.0
535700.362072 5079792.73306 1436703376.0
535717.374005 5079803.71969 1436703403.0
535753.26676 5079811.14875 1436703568.0
535759.895865 5079819.07567 1436703580.0
535775.494568 5079832.83201 1436703599.0
535803.590601 5079846.32727 1436703630.0
535824.318691 5079845.44713 1436703649.0
535852.296632 5079852.49767 1436703693.0
535869.86428 5079861.26579 1436703720.0
535891.471899 5079882.72366 1436703772.0
535909.653211 5079892.71763 1436703805.0
535920.091714 5079912.8887 1436703822.0
535935.924592 5079926.31348 1436703846.0
535946.818299 5079948.26495 1436703860.0
535952.38866 5079978.07422 1436703892.0
535957.63196 5079983.99338 1436704065.0
535965.18226 5079993.5925 1436704075.0
535985.162994 5080001.04166 1436704098.0
536004.962511 5079999.60119 1436704113.0
536035.942366 5079997.44806 1436704147.0
536063.991824 5080005.38885 1436704173.0
536093.522983 5079998.78325 1436704208.0
536118.094704 5080017.48151 1436704246.0
536138.355325 5080016.82191 1436704263.0
536167.478126 5080026.9916 1436704290.0
536195.367233 5080049.04278 1436704412.0
536225.835783 5080054.66517 1436704549.0
536238.400001 5080056.18306 1436704562.0
536260.420375 5080073.08924 1436704623.0
536274.223875 5080088.28075 1436704667.0
536277.648124 5080113.18902 1436704704.0
536272.637142 5080133.93689 1436704734.0
