534755.430872 5079040.38307 1441013382.0
534766.644249 5079047.89018 1441013542.0
534760.16806 5079081.51946 1441013622.0
534782.210885 5079095.75381 1441013702.0
534805.048539 5079106.65948 1441013782.0
534824.555291 5079116.32434 1441013822.0
534855.630702 5079139.27612 1441013862.0
534870.995261 5079153.91767 1441013902.0
534879.599922 5079169.74339 1441013942.0
534894.498629 5079184.38237 1441013982.0
534904.825853 5079211.32859 1441014022.0
534907.14569 5079240.45186 1441014062.0
534924.862207 5079264.66206 1441014142.0
534938.949933 5079285.40751 1441014222.0
