536287.730048 5080114.47026 1413626400.0
536286.055694 5080095.57207 1413626478.0
536271.682763 5080071.59966 1413626503.0
536251.572732 5080059.8156 1413626534.0
536227.888993 5080061.8992 1413626573.0
536206.194198 5080055.66142 1413626598.0
536184.672749 5080046.31371 1413626622.0
536162.479993 5080032.29561 1413626647.0
536138.836369 5080027.49109 1413626673.0
536124.556379 5080014.07484 1413626691.0
536099.773116 5080005.04172 1413626719.0
536081.686827 5080005.49189 1413626750.0
536054.788606 5079999.77988 1413626764.0
536030.893209 5079998.19645 1413626790.0
536010.172697 5079997.85375 1413626809.0
535987.206822 5080009.94218 1413626827.0
535964.415192 5079992.03253 1413626854.0
535945.852014 5079981.03621 1413626882.0
535940.1937 5079953.00416 1413626910.0
535927.882369 5079934.59993 1413626926.0
535917.158607 5079910.09399 1413626977.0
535901.765213 5079887.78317 1413626990.0
535880.566939 5079862.66106 1413627007.0
535849.91685 5079861.37254 1413627027.0
535827.841278 5079853.68949 1413627055.0
535809.605133 5079853.13962 1413627076.0
535788.324856 5079842.12807 1413627093.0
535771.123299 5079823.69591 1413627120.0
535748.133464 5079813.00796 1413627147.0
535728.38404 5079805.67202 1413627183.0
535705.966166 5079789.98766 1413627207.0
535685.799758 5079787.64931 1413627225.0
535670.633361 5079793.11736 1413627248.0
535645.377402 5079798.52739 1413627271.0
535623.626813 5079801.73552 1413627314.0
535596.271206 5079794.35627 1413627339.0
535573.257362 5079787.77982 1413627355.0
535546.087937 5079788.51273 1413627380.0
535523.064464 5079783.60304 1413627407.0
535505.694002 5079767.39282 1413627424.0
535486.131197 5079754.50333 1413627443.0
535471.454746 5079742.19742 1413627477.0
535454.416145 5079735.76674 1413627496.0
535435.122832 5079716.4347 1413627508.0
535417.377857 5079697.77822 1413627527.0
535391.800318 5079691.52112 1413627599.0
535365.079454 5079681.59104 1413627620.0
535339.945004 5079665.67031 1413627643.0
535319.195157 5079656.66336 1413627661.0
535295.459442 5079640.41746 1413627685.0
535271.433834 5079634.1697 1413627702.0
535250.862894 5079634.60817 1413627730.0
535225.660371 5079630.57605 1413627758.0
535197.003042 5079619.85794 1413627786.0
535180.828927 5079597.76673 1413627814.0
535180.717212 5079576.43341 1413627834.0
535166.071265 5079558.57302 1413627851.0
535159.45619 5079534.31398 1413627887.0
535151.153769 5079520.15618 1413627907.0
535146.094063 5079495.35045 1413627924.0
535135.122245 5079472.84445 1413627941.0
535127.334515 5079450.02321 1413627957.0
535109.194096 5079432.36537 1413627972.0
535098.437888 5079412.86057 1413627987.0
535079.141825 5079393.64077 1413628005.0
535061.520534 5079380.2081 1413628033.0
535049.447725 5079360.14041 1413628061.0
535025.053425 5079350.22498 1413628089.0
535013.93069 5079326.8295 1413628108.0
534994.21965 5079312.27415 1413628124.0
534976.850868 5079295.28771 1413628141.0
534953.595406 5079289.82331 1413628160.0
534936.613291 5079273.06138 1413628179.0
534925.100108 5079249.99719 1413628199.0
534915.519808 5079228.2772 1413628219.0
534908.271157 5079206.01483 1413628240.0
534899.47819 5079182.29937 1413628259.0
534884.064921 5079162.54652 1413628279.0
534870.590813 5079143.02685 1413628298.0
534851.663178 5079127.03197 1413628315.0
534830.387462 5079114.46829 1413628334.0
534809.10105 5079103.79345 1413628352.0
534790.138829 5079093.90949 1413628373.0
534774.330648 5079075.26578 1413628393.0
534777.170853 5079053.28242 1413628413.0
534783.668031 5079029.76407 1413628432.0
534784.428082 5079004.99134 1413628460.0
