535861.475682 5078293.04136 1327488135.0
535895.12019 5078288.01405 1327488209.0
535929.498511 5078263.54733 1327488295.0
535964.076477 5078244.85956 1327488520.0
535983.721998 5078217.41887 1327488613.0
536002.581495 5078178.30737 1327488710.0
536027.693339 5078145.45429 1327488828.0
536046.706655 5078106.67714 1327488923.0
536047.22966 5078056.79283 1327488978.0
536023.899444 5078010.10309 1327489031.0
536016.755088 5077956.95211 1327489096.0
536033.278599 5077905.8275 1327489154.0
536054.745916 5077859.0649 1327489218.0
536094.752014 5077828.632 1327489294.0
536136.40613 5077835.20781 1327489398.0
