541776.185931 5079297.73398 1431849624.0
541764.428025 5079303.21017 1431849663.0
541733.608632 5079315.22452 1431849698.0
541715.758567 5079314.77099 1431849722.0
541689.346394 5079329.37075 1431849755.0
541659.041476 5079345.72218 1431849787.0
541633.931184 5079351.44219 1431849816.0
541611.584564 5079338.62563 1431849844.0
541586.702539 5079321.90333 1431849877.0
541579.17867 5079309.51972 1431849908.0
541556.616069 5079294.14641 1431849936.0
541533.501829 5079279.99169 1431849967.0
541506.061116 5079274.36347 1431850010.0
541489.155253 5079283.58341 1431850039.0
541464.781661 5079295.19782 1431850116.0
541440.929605 5079298.48263 1431850149.0
541409.840854 5079316.05223 1431850180.0
541399.274735 5079329.0925 1431850197.0
541384.077973 5079349.76837 1431850223.0
541370.234942 5079365.34231 1431850246.0
541353.495406 5079396.23 1431850281.0
541349.528276 5079420.75862 1431850309.0
541329.292717 5079440.51214 1431850341.0
541308.58566 5079461.15144 1431850365.0
541286.925991 5079473.34018 1431850389.0
541253.153046 5079486.22609 1431850415.0
541231.74343 5079495.86118 1431850429.0
541205.813632 5079496.57755 1431850454.0
541188.593064 5079483.24107 1431850488.0
541169.100865 5079473.0006 1431850542.0
541144.352201 5079471.16957 1431850583.0
541125.025635 5079471.04126 1431850603.0
541094.655386 5079474.17302 1431850633.0
541080.757846 5079486.41396 1431850675.0
541050.541782 5079501.43563 1431850722.0
541043.198006 5079508.60906 1431850770.0
541026.939056 5079525.83438 1431850844.0
541008.839477 5079539.71429 1431850892.0
541006.345549 5079564.69732 1431850940.0
541000.018668 5079582.43289 1431850992.0
540978.72313 5079598.40281 1431851021.0
540955.080394 5079605.46856 1431851048.0
540929.968167 5079611.74694 1431851076.0
540904.097448 5079615.35379 1431851105.0
540881.17026 5079619.86904 1431851133.0
540859.041183 5079632.83392 1431851161.0
540839.400989 5079645.03753 1431851201.0
540812.2052 5079661.30245 1431851242.0
540788.310309 5079671.36712 1431851284.0
540756.632754 5079672.82529 1431851314.0
540734.202257 5079672.67777 1431851340.0
540709.723632 5079665.29479 1431851368.0
540690.15608 5079666.49955 1431851426.0
540659.545847 5079659.07651 1431851454.0
540619.849154 5079640.59425 1431851492.0
540598.377585 5079636.23137 1431851522.0
540567.875266 5079624.14292 1431851549.0
540555.240786 5079621.5047 1431851567.0
540538.121355 5079616.28165 1431851630.0
540514.448821 5079616.1268 1431851651.0
540480.885866 5079609.12977 1431851681.0
540450.246821 5079594.15218 1431851710.0
540434.646119 5079570.27304 1431851736.0
540406.172038 5079556.53199 1431851772.0
540396.957514 5079553.13864 1431851911.0
540360.531168 5079556.67894 1431851940.0
540322.685371 5079563.6546 1431851970.0
540291.021439 5079574.89282 1431851997.0
540269.228478 5079584.08428 1431852016.0
540255.510444 5079592.88384 1431852028.0
540235.073543 5079608.41743 1431852048.0
540227.656119 5079615.14691 1431852056.0
540204.10396 5079632.32701 1431852079.0
540183.398445 5079653.41447 1431852100.0
540168.721942 5079666.43015 1431852115.0
540138.258898 5079684.12124 1431852143.0
540093.050814 5079713.49457 1431852184.0
540068.351002 5079716.22361 1431852205.0
540029.106614 5079723.63643 1431852239.0
540008.818519 5079716.28331 1431852256.0
539970.268028 5079700.36813 1431852288.0
539946.1982 5079689.65756 1431852309.0
539925.878824 5079675.08243 1431852329.0
539887.450193 5079664.27957 1431852368.0
539852.199761 5079666.16379 1431852396.0
539817.593612 5079676.49662 1431852425.0
539807.621178 5079682.3213 1431852710.0
