534750.823779 5079045.24597 1407398953.0
534764.384828 5079063.21036 1407399001.0
534764.802889 5079085.54533 1407399019.0
534781.01539 5079101.30248 1407399031.0
534816.033867 5079113.27655 1407399055.0
534840.763811 5079132.74827 1407399079.0
534860.330545 5079145.52459 1407399097.0
534877.920423 5079164.73409 1407399118.0
534892.635752 5079184.37188 1407399136.0
534901.903847 5079206.42339 1407399154.0
534905.189553 5079229.44119 1407399172.0
534911.258877 5079254.3635 1407399190.0
534927.680871 5079274.1221 1407399208.0
534950.540081 5079294.80592 1407399238.0
534972.841045 5079290.59855 1407399256.0
534992.722872 5079274.93351 1407399277.0
535012.121107 5079248.71057 1407399307.0
535041.726018 5079243.21143 1407399331.0
