536278.790953 5080130.08414 1477117749.0
536288.6589 5080128.142 1477117786.0
536297.314142 5080094.74917 1477117838.0
536297.805558 5080063.864 1477117880.0
536309.683407 5080036.82323 1477117928.0
536328.57171 5080018.71225 1477118039.0
536316.179387 5079987.86265 1477118104.0
536316.488422 5079974.86481 1477118172.0
536317.193225 5079947.31414 1477118217.0
536325.204517 5079917.91747 1477118258.0
536332.971972 5079890.40822 1477118291.0
536353.05038 5079867.97108 1477118324.0
536370.837752 5079852.40924 1477118347.0
536387.496275 5079830.84099 1477118376.0
536393.449006 5079808.43213 1477118427.0
536398.37069 5079776.57303 1477118473.0
536395.017149 5079752.88731 1477118504.0
536385.460401 5079728.16519 1477118531.0
536382.323963 5079707.14735 1477118555.0
536367.889821 5079693.50742 1477118576.0
536360.552336 5079647.68784 1477118619.0
536360.30315 5079624.02037 1477118644.0
536364.463656 5079602.82316 1477118681.0
536363.992722 5079577.26555 1477118706.0
536364.993851 5079538.93916 1477118748.0
536367.228378 5079515.28627 1477118774.0
536370.078631 5079492.52586 1477118809.0
536398.795995 5079479.58376 1477118839.0
536426.057057 5079463.5222 1477118884.0
536433.95721 5079440.01375 1477118982.0
536444.704419 5079420.74416 1477119009.0
536450.227318 5079392.333 1477119040.0
536459.027386 5079347.83047 1477119077.0
536473.411765 5079330.47117 1477119096.0
536489.440361 5079323.89906 1477119111.0
536522.838126 5079307.20742 1477119143.0
536553.735509 5079306.50075 1477119169.0
536566.852372 5079306.68926 1477119268.0
