535006.650516 5078499.48097 1327499715.0
534978.106064 5078467.76527 1327499767.0
534954.974757 5078425.96944 1327499816.0
534917.126019 5078392.09052 1327499860.0
534870.655656 5078372.7184 1327499899.0
534823.413298 5078366.34188 1327499949.0
534768.034756 5078288.03353 1327500492.0
534729.936318 5078256.82096 1327500529.0
534676.854346 5078267.19007 1327500581.0
534626.790819 5078265.35468 1327500619.0
534590.59699 5078240.48674 1327500675.0
534546.919238 5078221.13266 1327500767.0
534540.986299 5078185.21191 1327500848.0
534512.546568 5078175.83157 1327500940.0
534477.590559 5078165.52626 1327501031.0
534460.553163 5078129.98826 1327501085.0
534445.434797 5078098.34974 1327501157.0
534418.637885 5078072.64619 1327501220.0
534416.505132 5078023.30268 1327501273.0
534425.458496 5078004.79747 1327501333.0
