536297.350085 5080101.8603 1470920764.0
536275.425275 5080095.17649 1470920853.0
536264.730488 5080066.00355 1470920897.0
536245.922227 5080057.22705 1470920928.0
536226.053666 5080057.22193 1470920952.0
536193.948847 5080052.70106 1470920983.0
536166.259499 5080036.31756 1470921031.0
536146.026166 5080032.31069 1470921060.0
536118.938692 5080019.15305 1470921090.0
536091.773494 5080005.99508 1470921135.0
536069.433557 5080003.86502 1470921158.0
536027.624553 5079999.73295 1470921254.0
536007.041183 5080002.50208 1470921279.0
535976.216584 5080004.65626 1470921309.0
535956.406968 5079981.09746 1470921338.0
535948.737927 5079951.83155 1470921377.0
535924.634968 5079932.47005 1470921409.0
535907.567061 5079904.48299 1470921457.0
535895.174061 5079886.745 1470921485.0
535883.019615 5079868.00845 1470921502.0
535853.966792 5079858.9516 1470921539.0
535825.745767 5079853.67737 1470921573.0
535794.60049 5079844.05316 1470921612.0
535776.890939 5079832.95118 1470921637.0
535759.503316 5079819.85116 1470921658.0
535736.100968 5079799.93891 1470921703.0
535715.81909 5079790.7111 1470921730.0
535687.231981 5079781.54662 1470921771.0
535667.694329 5079791.32271 1470921791.0
535637.473098 5079796.37087 1470921828.0
535618.879694 5079803.93038 1470921864.0
535589.451538 5079792.53936 1470921910.0
535569.768633 5079787.09314 1470921928.0
535540.328199 5079777.81333 1470921961.0
535519.859526 5079774.02938 1470921992.0
535500.030191 5079767.02704 1470922008.0
535476.627454 5079747.00467 1470922041.0
535458.844537 5079735.01433 1470922069.0
535441.061552 5079723.02403 1470922089.0
535417.679418 5079699.33545 1470922131.0
535399.584527 5079687.56571 1470922159.0
535377.699395 5079687.10738 1470922188.0
535345.765693 5079679.36978 1470922225.0
535331.571576 5079664.06704 1470922248.0
535315.903355 5079648.64483 1470922270.0
535286.475181 5079637.03305 1470922303.0
535264.736874 5079638.02035 1470922332.0
535244.020832 5079636.68029 1470922364.0
535225.437004 5079628.90816 1470922386.0
535195.73912 5079623.73953 1470922422.0
535179.197125 5079598.09079 1470922465.0
535178.876511 5079558.86793 1470922706.0
535171.395771 5079550.38126 1470922714.0
535157.195883 5079535.96777 1470922732.0
535147.758217 5079516.69258 1470922751.0
535141.045243 5079495.98846 1470922769.0
535137.587693 5079476.08056 1470922784.0
535114.024933 5079456.50312 1470922809.0
535097.251388 5079444.18623 1470922829.0
535081.568814 5079431.09781 1470922846.0
535056.048936 5079414.39832 1470922874.0
535047.1566 5079394.68195 1470922892.0
535032.341407 5079379.15419 1470922913.0
535023.221742 5079358.4366 1470922933.0
535013.000924 5079340.26828 1470922951.0
534998.407899 5079312.85334 1470922978.0
534980.312965 5079300.75153 1470922997.0
534952.961923 5079292.04189 1470923046.0
534934.401129 5079279.93759 1470923070.0
534921.997197 5079263.42373 1470923088.0
534910.753731 5079233.80573 1470923116.0
534903.708498 5079202.98922 1470923147.0
534895.196582 5079184.49741 1470923165.0
534878.893139 5079157.40646 1470923195.0
534860.716147 5079145.97119 1470923212.0
534846.919575 5079128.5608 1470923232.0
534821.397191 5079111.97339 1470923256.0
534790.559642 5079101.9116 1470923292.0
534776.050466 5079086.94173 1470923312.0
534773.543217 5079049.59551 1470923368.0
