534927.046769 5079276.45179 1464420559.0
534979.241353 5079243.08059 1464420623.0
534999.646172 5079217.30772 1464420667.0
535008.376804 5079197.02434 1464420684.0
535025.256962 5079176.89813 1464420710.0
535043.303124 5079170.2226 1464420726.0
535071.319645 5079143.71526 1464420780.0
535089.66637 5079138.81928 1464420791.0
535115.395888 5079132.40968 1464420876.0
535159.629506 5079134.43823 1464420912.0
535168.354532 5079128.93236 1464420915.0
535172.148429 5079116.95426 1464420922.0
535197.708373 5079099.43327 1464420950.0
535222.656334 5079080.3534 1464420985.0
535243.045636 5079057.58114 1464421020.0
535255.022228 5079039.98315 1464421036.0
535273.41115 5079027.75484 1464421056.0
535290.278709 5079010.07364 1464421071.0
535309.060332 5078997.06992 1464421088.0
535328.580887 5078990.62583 1464421109.0
535354.736153 5078977.7754 1464421139.0
535381.781535 5078958.59701 1464421217.0
535395.762946 5078943.4551 1464421226.0
535406.264715 5078925.96008 1464421280.0
535429.518243 5078891.20516 1464421340.0
535427.593902 5078861.19508 1464421354.0
535427.302826 5078830.6388 1464421386.0
535435.404227 5078812.13013 1464421430.0
535440.81306 5078802.93912 1464421435.0
535446.754924 5078768.41861 1464421468.0
535486.978698 5078711.98389 1464421513.0
