534762.241298 5079030.19937 1433578066.0
534768.759054 5079058.34616 1433578112.0
534777.269031 5079077.28221 1433578126.0
534793.637388 5079092.92916 1433578139.0
534822.612701 5079102.8694 1433578159.0
534842.776639 5079106.09376 1433578173.0
534867.65927 5079126.01088 1433578194.0
534880.208861 5079144.30316 1433578207.0
534894.566202 5079172.38312 1433578226.0
534912.111451 5079199.48111 1433578255.0
534915.410271 5079220.16573 1433578268.0
534916.684709 5079241.95001 1433578280.0
534940.071746 5079265.41445 1433578302.0
