538054.565664 5078177.78832 1477123521.0
538046.021515 5078153.18098 1477123570.0
538019.510608 5078133.90772 1477123597.0
537996.174343 5078103.32101 1477123646.0
537982.427723 5078091.4593 1477123680.0
537970.181276 5078075.49581 1477123699.0
537945.126388 5078046.5654 1477123744.0
537918.877673 5078035.07175 1477123776.0
537919.402457 5078012.74224 1477123804.0
537914.737927 5077988.38104 1477123838.0
537912.667434 5077971.47995 1477123854.0
537915.80242 5077941.27773 1477123877.0
537909.382087 5077912.01705 1477123910.0
537894.773403 5077901.37247 1477123927.0
537881.309966 5077881.17962 1477123968.0
537886.012282 5077835.87628 1477124023.0
537890.953446 5077815.01818 1477124040.0
537892.340975 5077791.24954 1477124059.0
537890.273518 5077761.12663 1477124126.0
537889.941012 5077752.01374 1477124155.0
537882.006276 5077716.41069 1477124195.0
537886.755338 5077688.88493 1477124227.0
537892.285129 5077673.3636 1477124245.0
537907.717734 5077638.23672 1477124286.0
537915.421353 5077610.0624 1477124316.0
537921.254367 5077595.76514 1477124330.0
537925.012033 5077565.34454 1477124363.0
537935.254706 5077528.29714 1477124402.0
537936.427339 5077514.30471 1477124427.0
537934.159829 5077491.5137 1477124490.0
