536136.40613 5077835.20781 1327489398.0
536135.120953 5077882.53219 1327489476.0
536144.818697 5077923.69856 1327489559.0
536164.811124 5077930.25941 1327489707.0
536189.02831 5077971.17727 1327489821.0
536211.508505 5077990.41908 1327489965.0
536225.379639 5078034.72099 1327490076.0
536254.212491 5078056.22224 1327490180.0
536284.198183 5078092.95214 1327490327.0
536297.881852 5078129.36449 1327490430.0
536315.773968 5078176.24565 1327490569.0
536356.901811 5078205.93031 1327490618.0
536362.527452 5078252.73969 1327490724.0
536385.778497 5078285.87515 1327490782.0
536430.769183 5078318.5829 1327491050.0
536421.921041 5078357.86307 1327491176.0
536444.049045 5078423.43565 1327492809.0
