536768.788226 5078723.78952 1470917897.0
536789.098935 5078741.57622 1470917948.0
536808.435789 5078766.46812 1470918032.0
536822.01834 5078792.9925 1470918094.0
536845.632502 5078803.4659 1470918168.0
536871.759942 5078822.06522 1470918205.0
536892.332431 5078821.85433 1470918241.0
536912.540819 5078830.64109 1470918277.0
536935.009526 5078837.88588 1470918296.0
536960.383507 5078852.59231 1470918337.0
536981.050202 5078875.60385 1470918402.0
536994.22904 5078891.57096 1470918429.0
537015.623289 5078909.69822 1470918491.0
