534947.623791 5079288.90076 1431245067.0
534947.414832 5079270.90014 1431245234.0
534940.478077 5079248.41727 1431245264.0
534949.053234 5079228.13293 1431245294.0
534962.312578 5079203.09739 1431245331.0
534957.832682 5079185.406 1431245344.0
534967.651783 5079164.79538 1431245374.0
534979.929085 5079148.75406 1431245405.0
534995.129677 5079137.3958 1431245449.0
535001.771547 5079115.87843 1431245474.0
535017.46561 5079099.63427 1431245504.0
535043.518554 5079077.22669 1431245533.0
535056.713224 5079063.74619 1431245575.0
535085.890689 5079065.35573 1431245603.0
535105.15212 5079063.46488 1431245621.0
535121.337505 5079042.77946 1431245646.0
535140.472631 5079022.11081 1431245673.0
535159.660921 5079005.77571 1431245849.0
535170.613778 5078990.72722 1431245896.0
535184.213423 5078974.36049 1431245927.0
535186.581816 5078953.70791 1431245942.0
535189.579411 5078931.61451 1431245974.0
535198.925098 5078898.89082 1431245994.0
535223.148092 5078884.58446 1431246016.0
535237.011219 5078876.55241 1431246035.0
535256.456346 5078869.77433 1431246052.0
535283.938532 5078855.70897 1431246078.0
535311.864429 5078845.53501 1431246106.0
535317.730821 5078824.12466 1431246143.0
535310.170082 5078802.30448 1431246161.0
535313.196672 5078775.21145 1431246186.0
535310.513587 5078755.64121 1431246205.0
535313.894138 5078734.55002 1431246222.0
535317.156815 5078706.90281 1431246248.0
535321.197681 5078678.92671 1431246277.0
535319.80852 5078650.25302 1431246302.0
535324.30506 5078624.05724 1431246313.0
535349.635836 5078606.31334 1431246351.0
535368.174501 5078595.30835 1431246380.0
535388.026957 5078571.75575 1431246405.0
535412.553919 5078558.89625 1431246430.0
535426.377076 5078530.86501 1431246454.0
535439.361812 5078513.71756 1431246473.0
535452.441407 5078493.57078 1431246498.0
535456.990816 5078471.8197 1431246516.0
535468.31942 5078445.66312 1431246546.0
535474.917806 5078418.59062 1431246574.0
535478.456249 5078397.1671 1431246590.0
535497.971232 5078378.50165 1431246613.0
535525.604392 5078365.66039 1431246644.0
535539.273763 5078351.07254 1431246674.0
535551.409707 5078333.14271 1431246829.0
535564.913112 5078320.4428 1431246850.0
535576.148865 5078297.06357 1431246877.0
535587.081194 5078272.46043 1431246969.0
535576.817447 5078261.73518 1431247005.0
535559.304604 5078256.0793 1431247024.0
535543.220955 5078244.87629 1431247040.0
535547.188663 5078216.34439 1431247064.0
535564.316301 5078194.44333 1431247094.0
535568.10528 5078170.0214 1431247124.0
535570.393273 5078136.59114 1431247151.0
535576.301364 5078108.1815 1431247179.0
535581.156263 5078087.43224 1431247264.0
535588.812393 5078065.588 1431247294.0
535588.617315 5078045.47641 1431247325.0
535584.063404 5078013.7846 1431247405.0
535586.003174 5078000.46283 1431247468.0
535586.859434 5077973.02417 1431247512.0
535600.48407 5077952.88082 1431247589.0
535613.154188 5077936.7319 1431247651.0
535631.64386 5077921.17198 1431247715.0
535638.221125 5077897.98831 1431247758.0
535626.922289 5077878.14621 1431247788.0
535626.749667 5077854.14599 1431247825.0
535631.062739 5077833.17145 1431247851.0
535653.059208 5077815.4096 1431247893.0
535670.078705 5077799.06359 1431247926.0
535689.641778 5077785.95439 1431247954.0
535699.838937 5077767.90257 1431247997.0
535715.494491 5077745.77123 1431248025.0
535723.10412 5077732.14885 1431248070.0
535733.749361 5077717.21068 1431248086.0
535724.681992 5077687.3816 1431248125.0
535727.407344 5077659.06488 1431248161.0
535733.743987 5077637.32432 1431248434.0
535739.215247 5077631.02273 1431248726.0
535745.112511 5077618.16825 1431248802.0
535746.720913 5077595.06716 1431248830.0
535757.746851 5077568.0205 1431248874.0
535771.388372 5077558.65506 1431248913.0
535788.661682 5077538.8665 1431248961.0
535803.058547 5077533.17203 1431248994.0
535819.784049 5077514.15815 1431249052.0
535842.702313 5077498.40223 1431249132.0
535868.885345 5077495.44265 1431249184.0
535888.108358 5077487.66526 1431249195.0
535899.049975 5077488.72857 1431249297.0
535914.234413 5077481.15009 1431249333.0
535937.788056 5077476.39785 1431249362.0
535952.383656 5077463.26067 1431249401.0
535972.616216 5077455.4894 1431249428.0
535990.628821 5077442.26103 1431249455.0
536010.648578 5077431.0443 1431249509.0
536038.508317 5077420.20654 1431249560.0
536063.552355 5077412.90796 1431249603.0
536086.487179 5077407.81935 1431249650.0
