537098.731613 5077487.79156 1431255841.0
537100.716228 5077506.46955 1431255954.0
537089.801949 5077513.84846 1431256261.0
537088.668989 5077534.50774 1431256293.0
537075.200509 5077553.53772 1431256368.0
537058.714106 5077570.88307 1431256440.0
537055.449781 5077597.41833 1431256506.0
537036.50961 5077609.63812 1431256606.0
537031.329632 5077631.93984 1431256658.0
537019.330047 5077652.0898 1431256755.0
537015.624639 5077674.51145 1431256890.0
537005.466627 5077698.33898 1431257010.0
536991.050445 5077707.14157 1431257038.0
536976.691399 5077719.38888 1431257056.0
536963.859336 5077735.97852 1431257070.0
