536086.487179 5077407.81935 1431249650.0
536089.666561 5077381.83868 1431249738.0
536113.2712 5077368.42101 1431249788.0
536135.84515 5077371.99687 1431249832.0
536150.737543 5077387.97207 1431249862.0
536170.328442 5077410.41896 1431249950.0
536184.092505 5077406.83272 1431250036.0
536199.051908 5077384.69853 1431250061.0
536219.641045 5077369.15261 1431250089.0
536242.34418 5077350.6192 1431250113.0
536264.266469 5077332.85906 1431250138.0
536266.391123 5077314.76095 1431250170.0
536280.90078 5077289.95774 1431250197.0
536293.917105 5077268.25683 1431250227.0
536302.319985 5077252.08432 1431250245.0
536322.675585 5077236.75958 1431250270.0
536344.007305 5077213.88531 1431250298.0
536365.428657 5077202.23351 1431250328.0
536390.135305 5077186.49008 1431250351.0
536404.907407 5077170.02176 1431250382.0
536426.888209 5077155.70687 1431250411.0
536455.397129 5077153.65227 1431250441.0
536475.204684 5077139.21367 1431250472.0
536473.400791 5077115.87046 1431250518.0
536480.707633 5077088.13654 1431250548.0
536482.823839 5077071.59396 1431250568.0
536492.589313 5077048.31883 1431250599.0
536500.024795 5077025.14111 1431250639.0
536503.237943 5077006.93838 1431250675.0
536513.087782 5076982.5527 1431250706.0
536520.905111 5076960.48833 1431250742.0
536533.90397 5076942.00994 1431250783.0
536543.438852 5076918.40021 1431250830.0
536549.62378 5076896.65958 1431250863.0
