539807.856161 5079681.98948 1431852894.0
539797.046407 5079685.2533 1431852938.0
539771.550974 5079715.20005 1431852981.0
539753.40846 5079736.30539 1431853007.0
539734.303416 5079750.18253 1431853031.0
539706.295044 5079760.55829 1431853069.0
539683.987377 5079765.52637 1431853095.0
539657.962864 5079769.13742 1431853122.0
539635.957902 5079775.3298 1431853142.0
539605.936855 5079784.91537 1431853172.0
539574.548684 5079789.82579 1431853202.0
539555.994303 5079790.48505 1431853219.0
539536.548281 5079784.9166 1431853237.0
539513.559675 5079774.99236 1431853263.0
539482.651646 5079765.46218 1431853288.0
539441.64817 5079756.75674 1431853320.0
539418.011544 5079751.05087 1431853338.0
539375.155762 5079740.66746 1431853371.0
539362.60148 5079737.58774 1431853381.0
539334.307911 5079731.85261 1431853404.0
539303.588541 5079729.21326 1431853431.0
539273.726415 5079726.02395 1431853454.0
539235.281536 5079717.66943 1431853485.0
539202.520627 5079706.46229 1431853513.0
539177.325704 5079701.63635 1431853535.0
539138.714092 5079695.05912 1431853566.0
539117.790643 5079689.81597 1431853585.0
539088.749244 5079679.52179 1431853611.0
539055.763439 5079666.98071 1431853643.0
539030.552228 5079652.37771 1431853667.0
539005.335303 5079638.66366 1431853691.0
538978.52261 5079619.49534 1431853718.0
538958.813998 5079606.14946 1431853763.0
538925.751891 5079580.94223 1431853801.0
538912.053778 5079574.52299 1431853827.0
538882.896934 5079570.11782 1431853853.0
538861.103058 5079567.42558 1431853869.0
538859.938828 5079567.41828 1431853870.0
538820.49666 5079556.94904 1431853900.0
538796.095092 5079549.24081 1431853919.0
538768.292279 5079539.28923 1431853940.0
538730.494995 5079526.38647 1431853969.0
538702.769594 5079516.43567 1431853991.0
538672.337943 5079504.80147 1431854040.0
538633.382963 5079503.22515 1431854138.0
538623.199319 5079505.71715 1431854162.0
538586.283925 5079513.15363 1431854194.0
538559.6644 5079512.54347 1431854217.0
538519.902643 5079503.40746 1431854251.0
538493.94887 5079495.57968 1431854278.0
538463.746826 5079484.39237 1431854306.0
538439.903714 5079474.13353 1431854329.0
538426.967945 5079469.83117 1431854340.0
538386.608886 5079456.80353 1431854376.0
538350.561821 5079449.35825 1431854409.0
538327.96301 5079438.66312 1431854437.0
538313.257703 5079431.79456 1431854459.0
538283.027526 5079412.49706 1431854487.0
538246.059528 5079390.71373 1431854522.0
538226.464109 5079383.81519 1431854537.0
538220.81927 5079380.33601 1431854542.0
538182.961214 5079351.76996 1431854582.0
538158.41964 5079328.73046 1431854615.0
538144.369032 5079316.31092 1431854632.0
538117.726 5079294.14751 1431854668.0
538121.688279 5079280.94999 1431854687.0
538115.102193 5079253.79904 1431854715.0
538101.799355 5079220.71806 1431854751.0
538098.341822 5079189.69758 1431854781.0
538096.107736 5079161.68455 1431854814.0
538097.960885 5079138.02988 1431854842.0
538082.018359 5079117.59906 1431854931.0
