537020.432625 5078910.28249 1481972669.0
537012.102347 5078927.34336 1481972710.0
537007.716955 5078946.76108 1481972729.0
536997.417003 5078968.69897 1481972750.0
536985.258164 5078989.95913 1481972770.0
536973.493484 5079010.2217 1481972788.0
536961.49734 5079030.26069 1481972808.0
536955.09666 5079049.22199 1481972829.0
536946.511356 5079070.05911 1481972849.0
536934.593033 5079090.09861 1481972871.0
536922.300584 5079107.80264 1481972901.0
536911.715199 5079125.62797 1481972932.0
536894.778884 5079141.08224 1481972955.0
536889.748564 5079164.6072 1481972979.0
536874.81929 5079181.9623 1481973000.0
536856.46888 5079200.29706 1481973020.0
536841.64515 5079212.98633 1481973036.0
536840.494732 5079236.75661 1481973055.0
536839.364138 5079257.19377 1481973078.0
536828.91995 5079277.46446 1481973099.0
536818.80479 5079294.6261 1481973115.0
536800.197191 5079304.07085 1481973132.0
536779.354545 5079310.83579 1481973152.0
536759.404475 5079324.16148 1481973179.0
536741.18383 5079333.83092 1481973196.0
536718.498927 5079337.1408 1481973221.0
536701.903794 5079334.48699 1481973266.0
536683.432656 5079320.93353 1481973287.0
536671.577443 5079317.41901 1481973374.0
536649.429934 5079321.73229 1481973396.0
536625.872194 5079328.25948 1481973415.0
536605.564454 5079323.36182 1481973431.0
536585.203336 5079314.35293 1481973447.0
536562.011837 5079311.43834 1481973475.0
536538.700768 5079315.63404 1481973500.0
536519.425227 5079319.96472 1481973515.0
536496.504929 5079323.71846 1481973534.0
536474.468333 5079335.58836 1481973557.0
536459.385402 5079352.94354 1481973577.0
536452.209751 5079372.0119 1481973592.0
536451.45743 5079394.34018 1481973608.0
536443.638693 5079417.18244 1481973625.0
536432.037043 5079436.55811 1481973648.0
536424.92808 5079457.51573 1481973675.0
536408.937035 5079470.97692 1481973706.0
536388.216691 5079483.5215 1481973730.0
536371.840974 5079496.42499 1481973753.0
536367.127285 5079519.28557 1481973778.0
536366.383757 5079540.16951 1481973799.0
536363.628106 5079560.04167 1481973827.0
536365.98854 5079581.05494 1481973851.0
536371.223312 5079601.64065 1481973875.0
536369.540576 5079623.85237 1481973901.0
536368.966623 5079642.29294 1481973927.0
536367.981125 5079664.73098 1481973948.0
536368.248538 5079685.28753 1481973970.0
536378.074796 5079703.78916 1481973988.0
536392.260389 5079720.09424 1481974023.0
536394.461514 5079741.77324 1481974050.0
536397.599197 5079762.56888 1481974068.0
536398.541515 5079787.1293 1481974089.0
536393.370089 5079808.65388 1481974114.0
536393.791974 5079829.32246 1481974146.0
536375.302059 5079845.54675 1481974168.0
536359.132761 5079863.11802 1481974186.0
536340.740852 5079875.89864 1481974207.0
536333.49505 5079893.85564 1481974231.0
536324.76426 5079913.58168 1481974248.0
536314.930042 5079936.19007 1481974271.0
536316.425039 5079959.1982 1481974297.0
536312.724063 5079981.50923 1481974325.0
536318.108659 5080002.98466 1481974354.0
536322.578188 5080021.67702 1481974388.0
536310.601043 5080039.16188 1481974440.0
536299.845526 5080060.09828 1481974470.0
536301.139618 5080077.66094 1481974529.0
536300.766811 5080101.54699 1481974548.0
536290.64011 5080121.15379 1481974571.0
536273.244344 5080136.27371 1481974595.0
