535958.5951 5079991.88764 1470899378.0
535990.535492 5079998.07296 1470899419.0
536011.147932 5079990.30407 1470899438.0
536037.963403 5079983.57131 1470899472.0
536059.983931 5080000.58788 1470899492.0
536092.126655 5079998.66401 1470899526.0
536111.887238 5080017.2231 1470899560.0
536129.20438 5080028.87931 1470899582.0
536153.05814 5080037.5738 1470899606.0
536180.074342 5080049.62009 1470899645.0
536201.490562 5080050.41185 1470899672.0
536233.065123 5080052.70751 1470899712.0
536259.858685 5080062.97512 1470899758.0
536266.488379 5080083.90225 1470899787.0
536279.813174 5080101.31313 1470899814.0
536276.191966 5080123.29133 1470899838.0
