536434.78902 5078413.93704 1464432620.0
536433.076686 5078401.4829 1464433462.0
536416.546871 5078374.05323 1464433708.0
536414.05231 5078362.59447 1464433713.0
536399.283028 5078326.17546 1464433920.0
536143.145144 5077904.46718 1464436001.0
536136.988671 5077895.09824 1464436141.0
536135.654044 5077884.31302 1464436176.0
536133.304958 5077874.41074 1464436179.0
536132.855482 5077844.96459 1464436281.0
536109.015206 5077832.49272 1464436435.0
536069.662416 5077844.04103 1464436555.0
536061.696933 5077851.99444 1464436570.0
536044.534296 5077879.44932 1464436619.0
536017.118054 5077907.84463 1464436829.0
536009.076374 5077915.57545 1464436839.0
536014.30673 5077937.38293 1464436858.0
536011.466205 5077958.58799 1464436879.0
536013.933457 5077988.26807 1464436913.0
536024.932586 5078005.99811 1464436925.0
536035.225963 5078038.27916 1464436951.0
536041.324302 5078057.64735 1464436967.0
536036.495735 5078086.95171 1464436997.0
536034.42959 5078108.49459 1464437016.0
536021.431049 5078154.30651 1464437245.0
535997.792999 5078187.39039 1464437339.0
535981.593448 5078209.62898 1464437448.0
535977.580037 5078218.93873 1464437456.0
535935.842391 5078267.36177 1464437709.0
535913.379227 5078272.00921 1464437783.0
535894.233655 5078280.23138 1464437817.0
535874.719372 5078325.33923 1464438476.0
535873.496394 5078335.44296 1464438479.0
535879.370849 5078366.69822 1464438507.0
535890.393257 5078393.76121 1464438551.0
535897.858123 5078418.47036 1464438584.0
535889.267833 5078440.64215 1464438661.0
535857.814487 5078442.79336 1464438804.0
535837.584739 5078437.23208 1464438854.0
535814.875254 5078444.32281 1464438865.0
535772.367797 5078438.29972 1464438946.0
535768.023717 5078424.27508 1464438954.0
535744.324851 5078414.47199 1464438972.0
535714.352154 5078415.6325 1464439008.0
535688.102908 5078403.81499 1464439052.0
