535405.031813 5078937.95267 1413611156.0
535403.692996 5078927.72311 1413611195.0
535418.584266 5078902.80897 1413611229.0
535416.591934 5078884.68702 1413611249.0
535416.347953 5078859.46418 1413611268.0
535415.720926 5078833.35029 1413611283.0
535423.379405 5078810.8392 1413611318.0
535435.024758 5078783.46218 1413611344.0
535442.907981 5078762.3968 1413611421.0
535454.278046 5078742.46245 1413611440.0
535466.373573 5078731.42089 1413611493.0
535488.410319 5078705.99228 1413611510.0
535507.766576 5078687.77038 1413611525.0
535515.257575 5078667.4806 1413611551.0
535518.11904 5078642.27555 1413611572.0
535533.342243 5078627.36328 1413611631.0
535541.673807 5078622.96674 1413611634.0
535556.122756 5078607.71676 1413611659.0
535566.531329 5078593.11027 1413611729.0
535577.913575 5078571.17628 1413611740.0
535589.297177 5078549.02011 1413611756.0
535597.541912 5078532.73463 1413611794.0
535612.024403 5078511.70737 1413611843.0
535626.064563 5078500.12175 1413611884.0
535639.506108 5078484.64396 1413612005.0
535647.2575 5078459.68931 1413612040.0
535653.951835 5078443.06166 1413612060.0
535668.586786 5078422.59095 1413612072.0
535683.633239 5078411.56679 1413612101.0
535695.400945 5078417.18994 1413612234.0
535716.066407 5078414.5313 1413612285.0
535737.19318 5078412.65314 1413612316.0
535747.562315 5078431.93457 1413612342.0
535756.791304 5078446.98734 1413612377.0
535769.096553 5078467.05773 1413612409.0
