536549.62378 5076896.65958 1431250863.0
536558.359128 5076916.48822 1431251028.0
536568.511743 5076932.99201 1431251058.0
536577.222729 5076956.93152 1431251087.0
536577.686617 5076983.60008 1431251116.0
536576.848192 5077007.26105 1431251149.0
536587.60277 5077026.99055 1431251181.0
536592.121277 5077050.79424 1431251208.0
536597.426049 5077072.93597 1431251238.0
536600.386969 5077097.50823 1431251267.0
536599.709003 5077120.28129 1431251315.0
536619.198983 5077133.39596 1431251384.0
536636.869372 5077139.05573 1431251671.0
536640.513635 5077153.07682 1431251934.0
536643.913783 5077168.98531 1431251976.0
536643.301487 5077193.7587 1431252026.0
536657.316597 5077213.5076 1431252077.0
536665.566875 5077236.44456 1431252124.0
536670.845587 5077262.9194 1431252211.0
536665.280412 5077284.88581 1431252302.0
536658.1762 5077304.50986 1431252435.0
536656.834057 5077321.39029 1431252488.0
536654.239778 5077339.92993 1431252552.0
536648.047673 5077362.89262 1431252614.0
536636.863341 5077376.60387 1431252837.0
536616.131661 5077389.81432 1431252948.0
536611.295746 5077406.67413 1431253005.0
536592.947518 5077423.8986 1431253101.0
536576.633155 5077438.57965 1431253161.0
536552.424311 5077448.99211 1431253318.0
536546.358792 5077463.73367 1431253466.0
536537.543116 5077484.01442 1431253541.0
