536293.644698 5080124.94907 1470900099.0
536301.679232 5080104.77447 1470900127.0
536302.653379 5080084.22519 1470900149.0
536310.363117 5080053.27121 1470900214.0
536325.555363 5080016.91683 1470900328.0
536323.290268 5080006.12606 1470900338.0
536320.447838 5079974.66581 1470900373.0
536319.870506 5079953.99632 1470900398.0
536323.330873 5079933.01719 1470900422.0
536339.230505 5079908.44444 1470900462.0
536339.19911 5079887.33372 1470900483.0
536362.992465 5079866.69613 1470900517.0
536379.067844 5079851.90202 1470900542.0
536397.892349 5079831.56871 1470900570.0
536405.724214 5079793.17134 1470900639.0
536408.249031 5079772.96451 1470900659.0
536408.429893 5079742.18864 1470900689.0
536397.201528 5079724.56759 1470900712.0
536383.201852 5079703.04151 1470900737.0
536366.335586 5079680.60976 1470900768.0
536370.160186 5079650.52194 1470900797.0
536369.877774 5079619.29892 1470900829.0
536377.208128 5079600.23138 1470900854.0
536367.831728 5079571.17714 1470900889.0
536375.851545 5079540.4473 1470900924.0
536376.522707 5079518.67407 1470900949.0
536388.011215 5079492.07561 1470900989.0
536413.421156 5079474.00318 1470901028.0
536435.499745 5079441.68944 1470901089.0
536447.938845 5079425.0964 1470901122.0
536459.693185 5079406.16609 1470901154.0
536463.937014 5079384.08057 1470901177.0
536476.37979 5079353.71022 1470901211.0
536502.099716 5079335.86218 1470901251.0
536525.877368 5079318.33613 1470901282.0
536548.318888 5079316.80185 1470901295.0
536579.387863 5079313.31862 1470901325.0
536599.778524 5079317.32781 1470901350.0
536618.904943 5079325.10727 1470901369.0
536640.135544 5079331.45483 1470901392.0
536682.846573 5079328.15209 1470901492.0
536699.834393 5079343.14116 1470901519.0
536732.143243 5079339.99937 1470901553.0
536760.695478 5079342.05754 1470901590.0
536784.849408 5079326.64576 1470901627.0
536806.632927 5079305.22015 1470901659.0
536818.610225 5079288.18067 1470901678.0
536833.292677 5079260.04649 1470901717.0
536836.83011 5079239.51253 1470901743.0
536843.879604 5079215.77732 1470901779.0
536856.326197 5079198.18516 1470901807.0
536875.999719 5079192.30237 1470901827.0
536888.286346 5079162.48744 1470901851.0
536891.589165 5079142.28544 1470901875.0
536911.063601 5079117.73542 1470901980.0
536917.856156 5079098.10976 1470902007.0
536937.173603 5079073.89222 1470902041.0
536954.7981 5079047.22026 1470902096.0
536960.4272 5079027.4766 1470902120.0
536972.404122 5079010.65963 1470902141.0
536982.609718 5078991.49884 1470902160.0
536999.538688 5078964.37842 1470902195.0
537007.180892 5078945.53569 1470902213.0
537016.911695 5078914.92799 1470902259.0
