537015.623289 5078909.69822 1470918491.0
537002.278698 5078934.50672 1470918580.0
536997.961014 5078955.59147 1470918596.0
536989.397355 5078985.76173 1470918631.0
536969.382822 5079009.64163 1470918675.0
536959.097686 5079029.13529 1470918701.0
536950.091771 5079055.41419 1470918753.0
536931.241931 5079079.30116 1470918791.0
536921.127495 5079096.24042 1470918827.0
536902.173141 5079124.68228 1470918902.0
536885.635532 5079138.36121 1470918940.0
536882.411011 5079158.45257 1470918966.0
536862.023881 5079179.88622 1470918993.0
536840.462686 5079202.97957 1470919028.0
536842.680625 5079234.65856 1470919072.0
536835.647668 5079255.61616 1470919092.0
536825.086913 5079282.44154 1470919122.0
536798.442978 5079298.83835 1470919166.0
536779.688101 5079306.94899 1470919194.0
536760.77474 5079315.61429 1470919214.0
536734.143634 5079329.9004 1470919244.0
536709.157165 5079328.64123 1470919276.0
536683.328726 5079312.26649 1470919311.0
536653.375257 5079310.86704 1470919418.0
536632.603848 5079318.74398 1470919439.0
536602.558172 5079306.67786 1470919476.0
536582.356384 5079310.11401 1470919504.0
536561.367685 5079302.21257 1470919520.0
536527.968803 5079305.90437 1470919559.0
536507.772292 5079308.45193 1470919584.0
536482.210745 5079325.74533 1470919628.0
536476.349919 5079345.59916 1470919656.0
536466.380623 5079364.53994 1470919675.0
536459.514125 5079383.83233 1470919695.0
536445.138905 5079412.85805 1470919727.0
536432.683456 5079432.2287 1470919757.0
536414.620751 5079454.78855 1470919792.0
536396.709544 5079464.79413 1470919819.0
536376.154866 5079488.78386 1470919872.0
536374.314247 5079511.43909 1470919898.0
536371.00351 5079533.30793 1470919929.0
536372.126652 5079553.53618 1470919952.0
536368.046313 5079574.28943 1470919976.0
536368.865521 5079606.62667 1470920014.0
536362.535711 5079627.1445 1470920038.0
536366.542981 5079658.50048 1470920079.0
536370.760223 5079680.52463 1470920098.0
536386.908413 5079693.06355 1470920117.0
536394.266585 5079722.10597 1470920153.0
536397.743389 5079751.23671 1470920186.0
536401.137976 5079781.14472 1470920219.0
536394.657572 5079800.88388 1470920246.0
536387.972388 5079829.06606 1470920288.0
536370.357741 5079841.62894 1470920315.0
536348.252162 5079865.60965 1470920354.0
536339.834338 5079884.89307 1470920383.0
536329.553251 5079904.27668 1470920405.0
536317.504868 5079933.87189 1470920443.0
536319.00637 5079955.76899 1470920470.0
536320.123067 5079977.10828 1470920494.0
536322.677947 5080017.89993 1470920624.0
536322.768021 5080029.01127 1470920635.0
536307.804622 5080052.81179 1470920690.0
536297.621183 5080082.08464 1470920737.0
536297.350085 5080101.8603 1470920764.0
