535685.559266 5078414.13336 1481962136.0
535701.308469 5078415.89067 1481962235.0
535724.604378 5078414.80272 1481962271.0
535743.23227 5078415.46566 1481962314.0
535758.823699 5078431.11067 1481962338.0
535768.479966 5078452.83239 1481962362.0
535788.0842 5078459.16759 1481962404.0
535809.285266 5078457.84565 1481962441.0
535830.986067 5078464.08199 1481962466.0
535852.62655 5078467.31815 1481962491.0
535875.288405 5078468.44926 1481962515.0
535896.423415 5078465.12729 1481962558.0
535905.29139 5078448.62361 1481962631.0
535906.970776 5078426.74511 1481962661.0
535904.691059 5078404.84369 1481962685.0
535902.484448 5078383.72044 1481962705.0
535892.175325 5078367.55011 1481962734.0
535882.976129 5078347.38635 1481962762.0
535879.128886 5078328.03134 1481962820.0
535879.554534 5078308.14553 1481962883.0
535869.33314 5078290.19803 1481962916.0
