535861.800349 5078290.59887 1441026022.0
535889.548116 5078284.98188 1441026142.0
535907.3169 5078273.19627 1441026222.0
535934.35902 5078268.79757 1441026342.0
535951.529439 5078253.11985 1441026462.0
535973.08627 5078244.13409 1441026542.0
535985.880215 5078220.09799 1441026662.0
535996.840967 5078204.27323 1441026742.0
536003.196747 5078179.31091 1441026822.0
536013.71893 5078158.81712 1441026942.0
536030.309476 5078136.13645 1441027062.0
536044.743102 5078097.22157 1441027142.0
536049.002417 5078072.35822 1441027222.0
536044.217329 5078040.77581 1441027302.0
536032.707815 5078017.37628 1441027342.0
536022.026859 5077984.98187 1441027422.0
536027.246686 5077941.79133 1441027502.0
536030.695443 5077922.81196 1441027542.0
536034.989173 5077905.39302 1441027622.0
536047.672051 5077873.91218 1441027702.0
536065.294721 5077847.45996 1441027782.0
536101.308456 5077822.67036 1441027862.0
536127.932769 5077823.71433 1441027942.0
