536466.063941 5079431.53621 1433242761.0
536459.883541 5079413.38923 1433242815.0
536462.254087 5079393.07041 1433242833.0
536470.294003 5079372.22943 1433242851.0
536472.369822 5079349.24229 1433242869.0
536495.99341 5079331.493 1433242893.0
536517.395013 5079308.84196 1433242932.0
536538.211819 5079306.40919 1433242948.0
536582.078052 5079304.66808 1433243028.0
536593.735259 5079302.29254 1433243038.0
536613.710938 5079310.85475 1433243058.0
536645.402245 5079307.15332 1433243088.0
536668.103652 5079301.06557 1433243264.0
536689.452037 5079300.6364 1433243306.0
536720.876194 5079328.93289 1433243397.0
536729.609509 5079335.31781 1433243417.0
536751.767428 5079342.3379 1433243438.0
536772.860407 5079345.68518 1433243452.0
536793.295707 5079342.13993 1433243466.0
536823.673407 5079337.43163 1433243488.0
536844.687107 5079328.00126 1433243507.0
536861.780013 5079312.21447 1433243526.0
536890.331453 5079301.38469 1433243551.0
536900.823444 5079273.11461 1433243593.0
536918.06129 5079259.10656 1433243607.0
536946.697982 5079247.05536 1433243629.0
536965.298687 5079238.83319 1433243650.0
536982.907632 5079227.71635 1433243664.0
537006.080715 5079207.74414 1433243687.0
537024.600015 5079200.18831 1433243704.0
537049.321751 5079180.89216 1433243727.0
537069.932424 5079161.12708 1433243753.0
537098.457659 5079154.85353 1433243836.0
537107.647471 5079149.79758 1433243843.0
537129.430192 5079154.70571 1433243862.0
537151.187217 5079150.94734 1433243877.0
537184.285809 5079158.70122 1433244111.0
537195.643723 5079154.54728 1433244124.0
537215.987609 5079153.44724 1433244147.0
537228.542279 5079169.74444 1433244157.0
537247.894718 5079191.52683 1433244177.0
537266.70224 5079200.63967 1433244191.0
537284.158081 5079215.07763 1433244206.0
537315.061407 5079213.48593 1433244237.0
537336.407487 5079213.5034 1433244252.0
