537707.95999 5078261.00104 1433245437.0
537739.13814 5078266.07955 1433245480.0
537752.158398 5078282.49173 1433245498.0
537769.325536 5078293.59601 1433245514.0
537788.969087 5078318.71507 1433245541.0
537809.456871 5078319.95109 1433245562.0
537831.87796 5078322.42117 1433245578.0
537849.494847 5078297.97384 1433245601.0
537864.63513 5078272.28923 1433245629.0
537873.998874 5078251.79145 1433245645.0
537898.933427 5078236.83316 1433245673.0
537914.064024 5078225.48155 1433245692.0
537949.422593 5078207.14289 1433245763.0
537970.889228 5078188.05265 1433245792.0
