536430.155975 5078422.90954 1470904897.0
536442.004002 5078414.75721 1470916054.0
536460.302517 5078405.42066 1470916115.0
536476.76151 5078392.07346 1470916146.0
536495.439135 5078384.29476 1470916344.0
536531.470886 5078369.39636 1470916398.0
536555.096019 5078365.20245 1470916480.0
536580.743761 5078373.46464 1470916569.0
536588.107293 5078401.7295 1470916638.0
536571.884519 5078427.63299 1470916792.0
536578.98275 5078448.22983 1470916844.0
536591.470355 5078476.41384 1470916905.0
536595.935652 5078495.88408 1470916936.0
536592.545366 5078517.86342 1470916964.0
536577.166286 5078545.54961 1470917008.0
536581.01801 5078576.90476 1470917072.0
536587.656171 5078596.49893 1470917122.0
536613.784425 5078602.09752 1470917185.0
536645.5965 5078604.84103 1470917267.0
536659.339965 5078630.58823 1470917354.0
536659.985448 5078652.70253 1470917437.0
536657.376533 5078673.7976 1470917485.0
536662.844037 5078694.3849 1470917531.0
536672.780931 5078720.55406 1470917588.0
536670.58384 5078750.76242 1470917656.0
536687.550934 5078769.52897 1470917733.0
