536537.543116 5077484.01442 1431253541.0
536563.809779 5077493.2801 1431253582.0
536588.252321 5077495.86867 1431253631.0
536606.696567 5077488.64444 1431253698.0
536627.287432 5077499.21018 1431253730.0
536645.937204 5077509.76452 1431253761.0
536662.54503 5077497.97418 1431253851.0
536691.097182 5077488.36561 1431253903.0
536712.957792 5077481.16192 1431253983.0
536738.53466 5077488.86875 1431254133.0
536752.383701 5077497.17281 1431254206.0
536778.661862 5077504.43954 1431254257.0
536797.570839 5077497.44085 1431254309.0
536828.69989 5077485.40384 1431254382.0
536846.203515 5077479.73024 1431254413.0
536873.84417 5077466.78386 1431254441.0
536892.833658 5077459.3415 1431254482.0
536913.251834 5077446.68564 1431254704.0
536915.753571 5077443.81174 1431254796.0
536942.164365 5077441.85801 1431254824.0
536961.360961 5077425.75069 1431254856.0
536969.994872 5077397.13637 1431255005.0
