536287.700601 5080106.24809 1433241738.0
536288.899067 5080087.14452 1433241842.0
536301.16553 5080059.9949 1433241884.0
536305.14483 5080029.90793 1433241917.0
536316.615185 5080006.19804 1433242028.0
536310.735509 5079976.49771 1433242094.0
536314.518105 5079966.74237 1433242098.0
536317.803586 5079935.87359 1433242126.0
536332.347315 5079917.51493 1433242150.0
536348.869179 5079879.50178 1433242209.0
536351.797514 5079869.85256 1433242227.0
536371.497119 5079859.0796 1433242240.0
536382.171037 5079838.9206 1433242264.0
536396.529994 5079812.45012 1433242300.0
536406.032705 5079793.50647 1433242326.0
536409.375437 5079766.19353 1433242359.0
536401.038381 5079745.25623 1433242375.0
536391.497961 5079717.75649 1433242402.0
536381.985482 5079698.70115 1433242420.0
536369.969736 5079682.96437 1433242435.0
536370.546953 5079650.74643 1433242459.0
536368.54724 5079621.17995 1433242486.0
536372.082945 5079600.64572 1433242513.0
536372.437108 5079579.98171 1433242531.0
536377.043164 5079549.00962 1433242565.0
536384.302528 5079528.83058 1433242576.0
536371.427457 5079500.75577 1433242606.0
536390.901322 5079475.75971 1433242640.0
536411.510129 5079468.99209 1433242655.0
536437.695092 5079451.14653 1433242702.0
536453.086234 5079434.12643 1433242758.0
536466.063941 5079431.53621 1433242761.0
