536605.243931 5078457.71794 1481971269.0
536599.139866 5078479.12571 1481971302.0
536596.603475 5078501.11009 1481971334.0
536592.828984 5078522.42052 1481971362.0
536585.820376 5078539.26754 1481971422.0
536578.869762 5078559.44814 1481971453.0
536581.995034 5078582.35481 1481971489.0
536584.97749 5078603.14959 1481971518.0
536603.357631 5078619.36877 1481971550.0
536623.957691 5078614.60172 1481971588.0
536644.71698 5078609.16903 1481971626.0
536659.206399 5078626.92088 1481971656.0
536660.401185 5078648.03845 1481971690.0
536660.817726 5078669.48474 1481971719.0
536664.019603 5078692.50302 1481971754.0
536673.968286 5078703.56157 1481971962.0
536676.008996 5078726.01745 1481971988.0
536670.062157 5078747.09277 1481972012.0
536674.81317 5078770.67576 1481972037.0
