537016.911695 5078914.92799 1470902259.0
536992.892881 5078907.34032 1470902288.0
536979.872637 5078890.81863 1470902328.0
536970.505212 5078860.54135 1470902418.0
536945.701815 5078841.28285 1470902442.0
536915.109896 5078842.43384 1470902482.0
536896.120388 5078837.54311 1470902502.0
536867.715534 5078823.37445 1470902530.0
536841.911482 5078815.66565 1470902575.0
536812.791943 5078804.15959 1470902622.0
536801.517017 5078781.20439 1470902669.0
536795.623223 5078754.05905 1470902731.0
536783.693503 5078736.76649 1470902773.0
536762.737885 5078736.08661 1470902813.0
536735.828711 5078744.48235 1470902969.0
536713.93766 5078744.46373 1470903099.0
536686.970711 5078762.63684 1470903147.0
536671.554181 5078757.32353 1470903216.0
