534852.153923 5079688.35075 1436713324.0
534862.469648 5079689.63098 1436714630.0
534871.117269 5079683.90204 1436714642.0
534881.476113 5079663.73875 1436714661.0
534902.16584 5079655.96662 1436714737.0
534917.528989 5079670.6083 1436714756.0
534944.577437 5079663.87212 1436714782.0
534948.861445 5079633.67498 1436714806.0
534943.066869 5079601.42105 1436714839.0
534941.323797 5079580.18964 1436714857.0
534939.030512 5079560.17732 1436714876.0
534937.197337 5079527.3902 1436714903.0
534940.652601 5079506.52143 1436714922.0
534936.808841 5079486.16705 1436714938.0
534940.236005 5079456.52061 1436714967.0
534952.685453 5079437.3692 1436714983.0
534967.667001 5079409.6768 1436715020.0
534968.249332 5079389.01406 1436715037.0
534963.222008 5079358.31996 1436715062.0
534953.633867 5079338.04426 1436715080.0
534948.229613 5079305.34812 1436715106.0
534946.119669 5079280.33699 1436715316.0
534949.743396 5079270.91328 1436715326.0
534944.55437 5079241.32937 1436715361.0
534955.896372 5079212.17202 1436715400.0
534964.526798 5079182.11054 1436715439.0
534974.687275 5079142.28023 1436715555.0
534993.522416 5079119.6095 1436715608.0
535012.430699 5079111.49434 1436715626.0
535025.226071 5079086.2341 1436715661.0
535045.847486 5079063.46251 1436715704.0
535061.824622 5079052.10881 1436715752.0
535081.044316 5079043.88451 1436715769.0
535099.501689 5079033.21159 1436715828.0
535109.827517 5079005.49316 1436715884.0
535097.9788 5078986.87106 1436715929.0
