536162.938794 5077931.804 1413614758.0
536173.488647 5077946.64288 1413614816.0
536183.474249 5077965.03392 1413614877.0
536193.078103 5077982.31168 1413614932.0
536210.089659 5077994.07734 1413615016.0
536215.604721 5078006.88695 1413615262.0
536219.987432 5078027.46748 1413615300.0
536229.173693 5078049.74271 1413615328.0
536240.136036 5078060.36202 1413615408.0
536269.157788 5078076.08685 1413615502.0
536277.0858 5078087.79956 1413615533.0
536290.583882 5078102.87811 1413615554.0
536297.08514 5078119.58234 1413615650.0
536291.527213 5078140.66027 1413615721.0
536293.024579 5078150.11319 1413615783.0
536307.677213 5078166.86517 1413615861.0
536325.430511 5078184.4131 1413615890.0
536342.025086 5078200.95433 1413615911.0
536353.332771 5078218.79788 1413615931.0
536363.517695 5078242.7458 1413615993.0
536363.956825 5078260.52562 1413616044.0
536374.170978 5078279.47388 1413616088.0
536387.399634 5078300.662 1413616119.0
536400.050231 5078301.29182 1413616196.0
536413.931128 5078317.15066 1413616245.0
