534934.850611 5079269.05157 1327484920.0
534966.382658 5079265.8962 1327484972.0
534991.787156 5079220.70768 1327485013.0
534999.131664 5079170.97292 1327485058.0
535042.787094 5079151.6647 1327485094.0
535082.673989 5079126.22452 1327485134.0
535136.239141 5079125.30584 1327485169.0
535178.568165 5079093.65809 1327485213.0
535221.745143 5079063.12653 1327485255.0
535246.212642 5079019.37811 1327485295.0
535276.803633 5078990.8864 1327485348.0
535330.119055 5078979.52383 1327485387.0
535366.417677 5078943.9542 1327485446.0
535410.854172 5078937.87483 1327485508.0
