536292.505814 5080107.38732 1436706237.0
536275.352871 5080094.2872 1436706316.0
536264.126087 5080076.44417 1436706333.0
536245.154588 5080055.77815 1436706372.0
536224.522276 5080053.65752 1436706392.0
536204.128623 5080050.53838 1436706409.0
536173.71234 5080049.24961 1436706439.0
536149.984242 5080032.33378 1436706476.0
536127.639882 5080030.98124 1436706498.0
536101.591071 5080012.71877 1436706532.0
536081.207579 5080007.82237 1436706550.0
536061.136435 5080002.59453 1436706574.0
536031.170044 5080003.97568 1436706604.0
536008.425242 5080004.73229 1436706620.0
535987.459013 5080006.6104 1436706654.0
535967.963956 5079995.7197 1436706672.0
535954.452303 5079970.19753 1436706699.0
535945.632224 5079952.03574 1436706734.0
535928.467813 5079940.71427 1436706753.0
535917.641332 5079920.54094 1436706776.0
535902.05733 5079904.33995 1436706794.0
535889.792131 5079877.93629 1436706830.0
535869.204791 5079867.92845 1436706845.0
535850.31648 5079859.37491 1436706859.0
535819.904986 5079857.08794 1436706885.0
535791.603104 5079852.36894 1436706917.0
535775.463771 5079838.16501 1436706932.0
535755.101877 5079815.93698 1436706962.0
535739.030363 5079803.40016 1436706988.0
535719.658068 5079797.95525 1436707009.0
535709.054009 5079792.89426 1436707102.0
535689.224943 5079785.89131 1436707129.0
535664.403271 5079796.74805 1436707163.0
535646.11389 5079805.42032 1436707202.0
535614.814481 5079809.01797 1436707245.0
535595.306025 5079800.23944 1436707268.0
535572.047883 5079795.66154 1436707285.0
535554.970177 5079782.56388 1436707302.0
535524.448221 5079772.38908 1436707332.0
535497.916243 5079756.68189 1436707367.0
535481.152543 5079742.9196 1436707396.0
535464.92252 5079730.82702 1436707414.0
535445.898359 5079718.71849 1436707433.0
535429.439812 5079705.84695 1436707445.0
535399.330737 5079691.23082 1436707476.0
535376.832957 5079689.32459 1436707490.0
535337.240226 5079677.2101 1436707544.0
535322.591169 5079660.01595 1436707578.0
535304.251113 5079650.35615 1436707599.0
535274.992071 5079636.30101 1436707637.0
535252.172222 5079636.39334 1436707665.0
535232.489798 5079630.72599 1436707682.0
535211.500524 5079622.82912 1436707700.0
535183.399686 5079609.78097 1436707739.0
535179.998489 5079579.98477 1436707763.0
535165.69517 5079556.45983 1436707861.0
535156.801502 5079537.07661 1436707880.0
535144.780362 5079508.00928 1436707908.0
535135.807049 5079488.95896 1436707925.0
535122.148211 5079461.21569 1436707950.0
535097.024831 5079443.07387 1436707984.0
535078.77398 5079431.1931 1436707998.0
535061.291056 5079420.76112 1436708014.0
535043.3477 5079395.66037 1436708041.0
535032.196223 5079377.37565 1436708056.0
535018.073474 5079349.18556 1436708080.0
535002.24174 5079321.20808 1436708106.0
534987.891966 5079305.68306 1436708123.0
534970.262075 5079293.69501 1436708141.0
