535331.446617 5078841.98007 1477138194.0
535306.801769 5078848.50608 1477138236.0
535287.037166 5078856.83769 1477138278.0
535273.53359 5078869.87151 1477138296.0
535247.877912 5078876.72532 1477138321.0
535212.788162 5078890.85872 1477138358.0
535190.640878 5078922.3986 1477138399.0
535173.519117 5078957.52252 1477138441.0
535140.06511 5078970.77675 1477138480.0
535114.1381 5078984.51824 1477138548.0
535108.854506 5079012.82076 1477138640.0
535101.037133 5079036.22019 1477138835.0
535088.765587 5079051.15022 1477139013.0
535068.732939 5079052.1479 1477139080.0
535046.149174 5079065.01973 1477139159.0
535039.321982 5079078.09182 1477139215.0
535017.475028 5079097.96771 1477139251.0
535012.679255 5079108.71805 1477139266.0
534998.09055 5079135.41258 1477139328.0
534989.190998 5079144.36204 1477139405.0
534960.892564 5079165.86831 1477139480.0
534964.700845 5079178.77829 1477139537.0
534953.35749 5079208.15783 1477139583.0
534938.993982 5079236.29817 1477139619.0
534946.5774 5079254.22927 1477139654.0
534945.941247 5079284.44697 1477139698.0
