534953.41012 5079460.26147 1436708353.0
534931.568531 5079479.47104 1436708398.0
534932.375269 5079501.58602 1436708414.0
534934.728048 5079524.8208 1436708430.0
534935.922843 5079546.93797 1436708449.0
534937.667198 5079567.94717 1436708466.0
534942.37523 5079600.19496 1436708492.0
534945.765022 5079632.21311 1436708521.0
534946.039036 5079652.43627 1436708554.0
534936.701472 5079670.38306 1436708570.0
534919.171366 5079682.17276 1436708586.0
534901.556202 5079695.29532 1436708606.0
534891.754402 5079713.01735 1436708621.0
534880.877382 5079742.51077 1436708654.0
534882.946655 5079747.18894 1436711105.0
