535493.226302 5078719.01945 1338071422.0
535500.152851 5078688.83784 1338071582.0
535522.406844 5078666.18828 1338071702.0
535524.688084 5078633.86902 1338071822.0
535541.391334 5078618.07639 1338071942.0
535554.801317 5078594.48737 1338072062.0
535560.956334 5078577.07878 1338072182.0
535579.129015 5078562.29465 1338072302.0
535591.367821 5078539.92117 1338072422.0
535599.262722 5078516.96722 1338072542.0
535617.600504 5078500.51754 1338072702.0
535637.963117 5078482.96847 1338072822.0
535642.030161 5078464.21466 1338072942.0
535660.939103 5078442.99075 1338073102.0
535680.12991 5078426.76837 1338073262.0
535701.751846 5078419.78199 1338073542.0
535715.927794 5078411.6417 1338073702.0
535743.524848 5078418.57836 1338073822.0
535761.987271 5078434.46215 1338073942.0
535775.522379 5078443.20667 1338074102.0
535786.134487 5078447.26781 1338074262.0
535814.853425 5078448.10034 1338074382.0
535840.130333 5078453.46852 1338074502.0
535868.52972 5078455.85497 1338074662.0
535891.216064 5078452.76417 1338074862.0
535903.414626 5078424.16904 1338075022.0
535899.521402 5078399.36946 1338075142.0
535900.235992 5078369.81895 1338075262.0
535884.437395 5078363.17211 1338075542.0
535870.695263 5078336.53782 1338075662.0
535865.827845 5078319.06574 1338075782.0
535868.058252 5078295.85714 1338075942.0
535882.060144 5078291.04945 1338076302.0
535905.064702 5078286.73836 1338076462.0
535923.103753 5078268.51011 1338076622.0
