534752.811675 5079036.81294 1413610046.0
534762.780957 5079058.53484 1413610078.0
534755.032601 5079083.7128 1413610092.0
534774.575349 5079100.82191 1413610110.0
534787.727241 5079108.67326 1413610135.0
534809.774275 5079122.12999 1413610165.0
534831.426867 5079136.69566 1413610183.0
534851.121977 5079154.25029 1413610200.0
534869.031091 5079171.90606 1413610215.0
534884.470654 5079186.99249 1413610236.0
534893.905274 5079207.04499 1413610251.0
534903.448133 5079235.43119 1413610264.0
534913.019073 5079258.81772 1413610276.0
534927.628889 5079283.34375 1413610303.0
534947.405975 5079286.23295 1413610380.0
534963.035016 5079267.65503 1413610415.0
534975.192616 5079245.27989 1413610433.0
534986.696725 5079228.67868 1413610461.0
535004.123831 5079207.88886 1413610509.0
535018.21905 5079186.08029 1413610527.0
535035.516619 5079174.51177 1413610572.0
535041.22686 5079166.76652 1413610575.0
535051.022387 5079150.37798 1413610581.0
535068.958057 5079135.81325 1413610616.0
535092.249238 5079135.05625 1413610638.0
535121.336145 5079138.8876 1413610663.0
535141.265699 5079142.33382 1413610681.0
535163.306672 5079129.34815 1413610699.0
535178.538559 5079112.54623 1413610718.0
535194.130868 5079100.63514 1413610761.0
535211.100877 5079078.51 1413610786.0
535224.983137 5079067.0337 1413610814.0
535242.951687 5079046.80316 1413610829.0
535262.460146 5079028.80359 1413610849.0
535278.098367 5079008.89321 1413610865.0
535295.048042 5078990.43474 1413610883.0
535319.372326 5078985.57349 1413610904.0
535342.440116 5078983.26064 1413610929.0
535356.715384 5078971.00912 1413610938.0
535359.156271 5078951.35698 1413610966.0
