537394.775812 5078725.31297 1433244904.0
537414.991385 5078719.99069 1433244933.0
537427.978599 5078703.29179 1433244951.0
537452.9069 5078688.88723 1433244970.0
537455.537995 5078664.57046 1433244992.0
537459.155425 5078644.03733 1433245009.0
537462.138036 5078612.94509 1433245035.0
537478.438354 5078587.5999 1433245073.0
537492.42845 5078572.01828 1433245095.0
537511.573286 5078564.13434 1433245111.0
537534.763997 5078541.94202 1433245141.0
537554.00344 5078531.28109 1433245161.0
537570.376761 5078519.60287 1433245180.0
537587.947589 5078502.48765 1433245194.0
537615.679122 5078486.87855 1433245227.0
537632.457688 5078472.42525 1433245243.0
537649.214734 5078461.52732 1433245261.0
537662.902465 5078431.94462 1433245286.0
537665.266493 5078400.62651 1433245318.0
537661.515971 5078379.04875 1433245340.0
537673.507514 5078360.34436 1433245352.0
537681.463058 5078328.72692 1433245375.0
537696.397302 5078311.26266 1433245389.0
537706.172919 5078286.76724 1433245409.0
537707.95999 5078261.00104 1433245437.0
