534955.11466 5079281.94323 1431270942.0
534929.941209 5079272.46823 1431271010.0
534918.004217 5079255.7348 1431271026.0
534908.905265 5079231.23984 1431271053.0
534902.464707 5079203.31554 1431271079.0
534892.632624 5079184.9274 1431271097.0
534875.855946 5079159.16709 1431271118.0
534849.022343 5079141.12778 1431271141.0
534830.915999 5079130.91519 1431271158.0
534807.047334 5079110.11505 1431271185.0
534787.061088 5079102.89193 1431271205.0
534770.818058 5079092.57886 1431271224.0
534760.707954 5079068.30068 1431271248.0
534775.837888 5079041.83085 1431271268.0
