534840.245614 5079142.0784 1433239617.0
534860.299918 5079150.96869 1433239632.0
534880.183914 5079162.52468 1433239649.0
534891.798826 5079181.36726 1433239666.0
534903.643395 5079200.7667 1433239682.0
534906.633643 5079221.11625 1433239697.0
534910.691759 5079244.80504 1433239709.0
534930.336193 5079271.24827 1433239737.0
534966.577768 5079286.34111 1433239963.0
534995.840848 5079313.83881 1433240025.0
535014.171472 5079339.16382 1433240050.0
535027.193434 5079356.12579 1433240074.0
535041.542066 5079385.53936 1433240102.0
535063.308814 5079407.10629 1433240133.0
535086.561455 5079426.68177 1433240156.0
535099.663168 5079443.19993 1433240172.0
535115.2605 5079457.6212 1433240187.0
535138.966512 5079479.31051 1433240212.0
535146.762985 5079500.57631 1433240223.0
535161.520221 5079526.21483 1433240251.0
535184.674928 5079549.23447 1433240282.0
535185.709809 5079572.01745 1433240301.0
535186.538973 5079603.68787 1433240330.0
535207.063244 5079625.13717 1433240355.0
535237.989671 5079632.6461 1433240462.0
535269.146969 5079640.48983 1433240501.0
535289.082423 5079642.60329 1433240525.0
535311.870589 5079648.0663 1433240549.0
535332.419947 5079651.40559 1433240573.0
535346.756008 5079669.0424 1433240588.0
535373.669197 5079686.08439 1433240613.0
535404.680358 5079692.26136 1433240651.0
535421.369927 5079705.46748 1433240667.0
535446.789034 5079725.83449 1433240698.0
535462.07503 5079740.14378 1433240720.0
535479.932357 5079752.6901 1433240738.0
535499.3616 5079761.80114 1433240761.0
535517.22898 5079772.5699 1433240774.0
535545.8704 5079785.8449 1433240797.0
535567.113229 5079789.9667 1433240818.0
535596.763421 5079803.24773 1433240854.0
535617.860515 5079805.70225 1433240882.0
535635.311459 5079794.35849 1433240902.0
535658.441836 5079794.15826 1433240923.0
535687.460338 5079782.32569 1433240953.0
535717.05192 5079792.27372 1433240990.0
535752.518851 5079806.25568 1433241048.0
535758.916409 5079813.95905 1433241056.0
535780.904293 5079836.86314 1433241089.0
535797.206545 5079849.73473 1433241108.0
535828.507012 5079859.35984 1433241131.0
535857.119924 5079863.96971 1433241153.0
535884.878166 5079882.12993 1433241190.0
535906.640882 5079903.58876 1433241224.0
535921.14541 5079918.56131 1433241247.0
535931.605097 5079935.06595 1433241272.0
535952.10958 5079959.29535 1433241303.0
535964.201505 5079975.36509 1433241328.0
535977.49899 5079997.66391 1433241357.0
