535325.71826 5078839.16973 1433578912.0
535316.799584 5078810.45311 1433578937.0
535312.241114 5078779.4281 1433578964.0
535313.525145 5078758.43607 1433578984.0
535301.834966 5078739.25895 1433578998.0
535315.893907 5078710.56216 1433579022.0
535322.432102 5078680.26704 1433579046.0
535323.619188 5078649.05255 1433579071.0
535320.074837 5078617.14446 1433579092.0
535344.16993 5078598.28242 1433579130.0
535369.003944 5078613.20141 1433579164.0
535392.640442 5078633.89127 1433579220.0
535405.374156 5078660.62984 1433579267.0
535429.83298 5078673.21368 1433579329.0
535461.271635 5078673.39349 1433579393.0
535480.853844 5078683.50526 1433579425.0
535497.20498 5078674.93249 1433579457.0
535519.058143 5078654.50278 1433579506.0
535533.570575 5078641.69748 1433579537.0
535535.794545 5078619.37758 1433579588.0
535543.070674 5078595.97559 1433579604.0
535583.891979 5078584.54353 1433579678.0
535595.399566 5078567.83235 1433579715.0
535604.515432 5078548.55197 1433579745.0
535623.216014 5078522.99356 1433579844.0
535640.061013 5078509.64638 1433579891.0
535646.968686 5078482.90915 1433579944.0
535670.298605 5078462.37735 1433580057.0
