535477.172433 5078729.92719 1464421514.0
535477.77878 5078718.931 1464421531.0
535496.182455 5078704.37017 1464421580.0
535524.11137 5078680.30872 1464421600.0
535528.725156 5078660.89133 1464421617.0
535541.785097 5078630.63381 1464421655.0
535580.762452 5078602.30279 1464421710.0
535588.533244 5078573.90384 1464421885.0
535600.473444 5078562.97275 1464421891.0
535611.275442 5078547.47974 1464421902.0
535620.895469 5078521.53582 1464421944.0
535633.031964 5078503.49504 1464421970.0
535644.369566 5078475.89442 1464422068.0
535649.340398 5078448.47941 1464422122.0
535658.528123 5078443.75464 1464422127.0
535688.261586 5078416.70439 1464422325.0
535719.865773 5078415.33095 1464422568.0
535732.262162 5078419.62449 1464422583.0
535768.925178 5078442.94637 1464422733.0
535776.876094 5078450.7698 1464422737.0
535809.995482 5078455.84981 1464422786.0
535840.952128 5078459.02866 1464422852.0
535852.202552 5078460.0937 1464422856.0
535987.242112 5078226.21682 1464424715.0
535995.590024 5078219.1544 1464424757.0
536002.627698 5078197.08484 1464424802.0
536011.20129 5078177.91301 1464424841.0
536021.421364 5078155.97307 1464425106.0
536030.530884 5078151.4706 1464425114.0
536054.676486 5078124.61183 1464425177.0
536059.132531 5078105.97166 1464425202.0
536052.867956 5078075.15839 1464425238.0
536050.656544 5078054.92393 1464425269.0
536047.929559 5078043.24176 1464425272.0
536039.279623 5078022.08101 1464425285.0
536028.354181 5077991.6851 1464425318.0
536021.628681 5077959.98033 1464425348.0
536027.875372 5077927.12877 1464425381.0
536030.951457 5077905.48065 1464425398.0
536045.317765 5077878.23169 1464425440.0
536054.434077 5077859.2853 1464425468.0
536084.32991 5077831.79345 1464425574.0
536115.266288 5077825.64047 1464425733.0
536125.901258 5077825.92465 1464425744.0
