534486.725912 5078267.7959 1436720385.0
534461.204973 5078264.09851 1436720470.0
534448.40338 5078248.69453 1436720517.0
534428.325194 5078243.47203 1436720550.0
534403.579277 5078226.00188 1436720607.0
534385.854006 5078202.45986 1436720668.0
534369.925857 5078190.81635 1436720741.0
534343.977526 5078180.11732 1436720841.0
534324.759867 5078187.67728 1436720890.0
534297.320446 5078179.85898 1436720942.0
534272.069411 5078169.38632 1436721023.0
534262.045097 5078142.99846 1436721076.0
534241.405187 5078140.99559 1436721123.0
534214.613611 5078156.40267 1436721162.0
534195.157627 5078164.96168 1436721191.0
534168.675576 5078180.59288 1436721280.0
534163.193544 5078189.22903 1436721288.0
534142.178268 5078213.11243 1436721326.0
534125.882837 5078225.80003 1436721358.0
534119.323193 5078246.87431 1436721376.0
534102.865295 5078275.005 1436721405.0
534090.276842 5078291.26853 1436721420.0
534076.071701 5078319.18947 1436721445.0
534063.246852 5078336.1184 1436721464.0
534048.192885 5078363.14587 1436721487.0
534023.387583 5078384.67559 1436721515.0
534009.100851 5078399.26335 1436721538.0
533989.470548 5078411.48858 1436721560.0
533967.942214 5078415.92596 1436721576.0
533936.903824 5078413.31156 1436721604.0
533921.700405 5078425.22793 1436721625.0
533904.40592 5078436.24403 1436721643.0
533884.969347 5078455.69263 1436721681.0
533866.242562 5078458.92349 1436721711.0
533846.943877 5078467.37333 1436721731.0
533819.998835 5078482.89237 1436721762.0
533802.838134 5078497.90935 1436721785.0
533785.850338 5078509.70521 1436721807.0
533766.700061 5078533.71113 1436721836.0
533746.239749 5078541.71052 1436721855.0
533725.485908 5078546.59738 1436721871.0
533697.691842 5078561.33458 1436721897.0
533678.176524 5078566.89497 1436721919.0
533650.615544 5078581.63365 1436721950.0
533636.085204 5078598.44308 1436721965.0
533621.412949 5078612.80742 1436721988.0
533602.795049 5078624.70603 1436721997.0
533578.704227 5078643.79702 1436722024.0
533571.767766 5078663.20322 1436722171.0
533564.742285 5078670.38714 1436722182.0
533570.957775 5078698.08653 1436722215.0
533586.745233 5078721.3935 1436722243.0
533576.70201 5078741.11618 1436722260.0
533561.647522 5078768.81147 1436722287.0
533565.910871 5078798.61132 1436722361.0
533564.922208 5078809.16116 1436722369.0
533563.947388 5078831.48846 1436722389.0
533552.831511 5078848.6499 1436722407.0
533542.407693 5078867.03729 1436722423.0
533517.467737 5078885.45727 1436722446.0
533497.317001 5078893.90358 1436722463.0
533466.14141 5078902.73483 1436722487.0
533453.950603 5078917.77961 1436722505.0
533430.863275 5078938.20987 1436722529.0
533412.412144 5078948.22112 1436722545.0
533385.088942 5078948.07386 1436722576.0
533363.518796 5078946.29108 1436722595.0
533352.587257 5078929.34393 1436722612.0
533337.501663 5078905.37468 1436722638.0
533330.540131 5078886.33789 1436722654.0
533315.136681 5078863.70028 1436722680.0
533299.919423 5078849.73008 1436722699.0
533275.410467 5078831.37683 1436722728.0
533256.911948 5078821.27787 1436722742.0
