536674.81317 5078770.67576 1481972037.0
536695.256221 5078766.13024 1481972083.0
536709.631402 5078750.66027 1481972111.0
536733.383465 5078751.02323 1481972143.0
536752.021474 5078749.80043 1481972185.0
536770.0281 5078737.24094 1481972209.0
536791.025062 5078744.03203 1481972241.0
536803.963877 5078761.33059 1481972266.0
536812.859515 5078779.71624 1481972298.0
536826.344207 5078796.57366 1481972352.0
536847.350817 5078801.69839 1481972382.0
536864.603647 5078811.46739 1481972413.0
536886.815136 5078822.82146 1481972435.0
536906.399886 5078832.04892 1481972454.0
536923.588155 5078839.59554 1481972483.0
536942.781366 5078849.37633 1481972509.0
536962.518548 5078859.04931 1481972531.0
536975.954869 5078870.90691 1481972573.0
536989.453509 5078885.32041 1481972604.0
536997.953664 5078904.81505 1481972634.0
537020.432625 5078910.28249 1481972669.0
