535879.187793 5078291.03282 1413613129.0
535894.322645 5078291.67599 1413613165.0
535906.415327 5078281.41302 1413613276.0
535922.382534 5078272.3947 1413613317.0
535936.782986 5078265.81172 1413613371.0
535957.565368 5078256.48809 1413613417.0
535977.438805 5078243.27049 1413613529.0
535992.135505 5078225.8008 1413613585.0
536001.551365 5078208.63379 1413613640.0
536005.751062 5078193.99197 1413613704.0
536020.037042 5078167.0758 1413613750.0
536028.678027 5078149.68211 1413613778.0
536047.385522 5078136.79127 1413613830.0
536052.304106 5078118.70933 1413613858.0
536056.952253 5078093.73713 1413613878.0
536057.641183 5078082.07483 1413613905.0
536057.282019 5078063.73997 1413613914.0
536046.822548 5078033.34674 1413613936.0
536036.08098 5078011.39608 1413613956.0
536025.968808 5077988.00469 1413613974.0
536021.614478 5077962.42462 1413613991.0
536026.929041 5077943.01166 1413614012.0
536030.816992 5077915.25735 1413614040.0
536039.51196 5077888.64206 1413614068.0
536047.537453 5077870.35596 1413614096.0
536061.238223 5077850.76959 1413614131.0
536077.998645 5077839.0897 1413614175.0
536099.24978 5077829.54705 1413614223.0
536118.305135 5077823.76934 1413614306.0
536133.733448 5077840.85872 1413614389.0
536131.456006 5077858.62267 1413614438.0
536130.003435 5077881.39128 1413614479.0
536136.508605 5077897.53981 1413614535.0
536136.780202 5077917.54077 1413614602.0
536144.02928 5077939.24904 1413614637.0
