537906.965797 5076580.04048 1477126120.0
537881.02476 5076567.99343 1477126179.0
537851.425131 5076582.81225 1477126233.0
537838.085211 5076605.50794 1477126265.0
537806.633049 5076618.53794 1477126287.0
537776.011008 5076622.79564 1477126314.0
537745.124386 5076619.49656 1477126349.0
537728.983708 5076592.06582 1477126387.0
537719.789009 5076584.45456 1477126441.0
537697.697182 5076577.87598 1477126476.0
537681.756739 5076555.77977 1477126513.0
537664.556185 5076536.56474 1477126570.0
537640.462573 5076514.30802 1477126618.0
537611.35076 5076525.57549 1477126661.0
537589.874452 5076519.8899 1477126701.0
537569.477851 5076515.4331 1477126735.0
537547.098177 5076517.85304 1477126773.0
537532.024321 5076532.09469 1477126796.0
537491.65227 5076517.73981 1477126837.0
537481.602984 5076510.12374 1477126860.0
537455.473515 5076490.52203 1477126917.0
537436.803218 5076483.07619 1477126941.0
537413.333173 5076460.26859 1477126990.0
537393.644575 5076441.37264 1477127039.0
537376.283488 5076422.82412 1477127086.0
537374.010772 5076400.47778 1477127152.0
537344.360597 5076385.07742 1477127199.0
537324.833638 5076377.96009 1477127222.0
537315.843686 5076374.90609 1477127240.0
537283.003184 5076347.59831 1477127294.0
537270.00671 5076313.41016 1477127333.0
537256.125169 5076284.32766 1477127372.0
537244.557447 5076270.81417 1477127394.0
537211.494438 5076241.61662 1477127449.0
537192.168828 5076226.72339 1477127481.0
537167.351432 5076208.13076 1477127538.0
537142.732926 5076195.20591 1477127599.0
537120.368907 5076194.84981 1477127640.0
537099.809617 5076191.39357 1477127673.0
537071.329938 5076174.77936 1477127708.0
537056.718348 5076163.69239 1477127766.0
537032.720082 5076163.88238 1477127819.0
537001.856006 5076156.36507 1477127882.0
536976.019758 5076152.21112 1477127960.0
536945.780358 5076157.14187 1477128023.0
536925.057867 5076168.01811 1477128082.0
536889.180287 5076154.69393 1477128124.0
