537340.084401 5079208.74791 1433251446.0
537312.445766 5079222.46994 1433251471.0
537292.056617 5079231.12474 1433251485.0
537259.683962 5079231.81885 1433251506.0
537240.639661 5079223.37126 1433251526.0
537222.230282 5079212.59426 1433251542.0
537195.244388 5079195.21045 1433251570.0
537173.69272 5079190.6368 1433251585.0
537142.87094 5079191.56305 1433251609.0
537114.214119 5079180.94718 1433251632.0
537089.250571 5079162.79819 1433251655.0
537057.929062 5079169.38839 1433251677.0
537030.710135 5079190.89174 1433251708.0
537015.17085 5079206.35403 1433251723.0
536988.457744 5079221.1941 1433251747.0
536961.899343 5079236.14632 1433251777.0
536943.753088 5079246.26005 1433251793.0
536926.363882 5079259.60047 1433251812.0
536909.755573 5079272.16783 1433251827.0
536895.8104 5079293.75086 1433251859.0
536884.997175 5079310.79712 1433251882.0
536864.466911 5079317.23032 1433251902.0
536839.137241 5079334.52364 1433251927.0
536812.192919 5079349.25198 1433251949.0
536783.26694 5079357.85773 1433251972.0
536749.873483 5079360.65949 1433251998.0
536729.153485 5079359.86999 1433252014.0
536703.421933 5079340.2736 1433252038.0
536691.412207 5079323.53627 1433252060.0
536670.709176 5079319.85825 1433252074.0
536638.198936 5079317.66598 1433252096.0
536617.015044 5079316.54079 1433252114.0
536595.385777 5079311.96868 1433252129.0
536564.393093 5079315.67449 1433252149.0
536532.032796 5079314.37254 1433252174.0
536511.911966 5079317.25385 1433252193.0
536483.371093 5079326.41881 1433252219.0
536463.661112 5079338.63577 1433252232.0
536456.355691 5079353.37015 1433252249.0
536455.758589 5079375.69934 1433252266.0
536447.050078 5079404.6473 1433252288.0
536434.829418 5079423.686 1433252305.0
536420.387236 5079450.93366 1433252340.0
536397.74657 5079473.24443 1433252383.0
536369.569884 5079486.63415 1433252430.0
536363.583042 5079514.82044 1433252464.0
536363.789841 5079545.70968 1433252497.0
536362.645209 5079568.81343 1433252523.0
536366.63686 5079589.61406 1433252546.0
536361.471261 5079610.13872 1433252562.0
536364.936552 5079641.26931 1433252600.0
536359.20162 5079666.23496 1433252630.0
536372.247271 5079691.64416 1433252737.0
536383.252683 5079720.81909 1433252764.0
536389.192967 5079740.18678 1433252782.0
536389.460302 5079760.74334 1433252800.0
536393.305586 5079793.20948 1433252826.0
536388.993136 5079813.85025 1433252860.0
536383.376321 5079831.92787 1433252881.0
536368.383531 5079847.39497 1433252896.0
536343.503525 5079868.02617 1433252925.0
536325.886473 5079881.0336 1433252946.0
536319.956948 5079912.77574 1433252969.0
536312.708642 5079931.17718 1433252991.0
536307.094878 5079962.03232 1433253037.0
536310.633917 5079993.82998 1433253101.0
536316.163205 5080003.86212 1433253111.0
536324.424529 5080024.46555 1433253127.0
536315.797606 5080039.74788 1433253280.0
536301.841093 5080050.66578 1433253323.0
536296.080726 5080080.07567 1433253408.0
536302.41625 5080111.44528 1433253441.0
