536273.244344 5080136.27371 1481974595.0
536282.23109 5080125.77107 1481974682.0
536284.454714 5080103.8958 1481974702.0
536272.070349 5080084.9349 1481974725.0
536261.821236 5080072.43079 1481974742.0
536241.336794 5080058.3113 1481974763.0
536220.330737 5080053.74412 1481974780.0
536193.24647 5080053.3636 1481974801.0
536175.740559 5080047.48373 1481974826.0
536160.524843 5080034.83968 1481974843.0
536137.125721 5080028.03665 1481974860.0
536115.20955 5080019.79796 1481974879.0
536097.445473 5080004.91705 1481974899.0
536077.125327 5080002.46541 1481974916.0
536054.811238 5079995.89123 1481974934.0
536033.616659 5079996.9901 1481974952.0
536013.203352 5079997.20472 1481974969.0
535989.002016 5079994.84191 1481974988.0
535966.916768 5079988.93603 1481975009.0
535954.606879 5079970.30954 1481975038.0
535944.152471 5079952.91602 1481975062.0
535928.080405 5079940.60091 1481975079.0
535917.072935 5079924.87086 1481975103.0
535905.789738 5079903.13939 1481975120.0
535896.353679 5079884.08524 1481975134.0
535884.075542 5079859.90368 1481975149.0
535867.147457 5079847.9171 1481975170.0
535844.098091 5079847.56148 1481975188.0
535820.878081 5079849.87155 1481975203.0
535803.048603 5079846.10192 1481975218.0
535781.397557 5079832.08834 1481975238.0
535769.312574 5079814.68572 1481975254.0
535764.162592 5079792.54551 1481975278.0
535741.827553 5079789.41669 1481975299.0
535724.2954 5079774.42711 1481975318.0
535701.738465 5079782.85239 1481975337.0
535684.048769 5079795.19456 1481975353.0
535661.28663 5079798.84116 1481975372.0
535639.309587 5079800.93685 1481975400.0
535616.463172 5079792.25016 1481975424.0
535596.833276 5079777.5822 1481975442.0
535579.823613 5079766.15149 1481975455.0
535556.36802 5079768.90563 1481975473.0
535537.060967 5079765.57272 1481975489.0
535511.116058 5079769.31273 1481975506.0
535488.203194 5079758.62619 1481975526.0
535467.788493 5079745.39855 1481975547.0
535448.069043 5079732.7305 1481975565.0
535431.144859 5079719.85629 1481975582.0
535415.702245 5079705.7684 1481975597.0
535396.045577 5079695.65636 1481975614.0
535371.227653 5079692.29249 1481975633.0
535349.781319 5079682.94814 1481975652.0
535332.559013 5079667.85034 1481975671.0
535311.220547 5079653.17356 1481975688.0
535291.337663 5079641.83838 1481975709.0
535272.028182 5079638.83961 1481975729.0
535250.073477 5079636.93694 1481975752.0
535229.775193 5079630.37723 1481975770.0
535205.897766 5079625.35276 1481975790.0
535187.961276 5079612.9179 1481975814.0
535184.961435 5079594.45697 1481975829.0
535187.187019 5079571.5814 1481975864.0
535170.726915 5079558.82166 1481975905.0
535159.436014 5079537.86931 1481975927.0
535148.998178 5079517.03294 1481975944.0
535140.960065 5079497.32127 1481975958.0
535134.007266 5079477.83798 1481975973.0
535127.663386 5079460.4692 1481976014.0
535114.961202 5079441.95331 1481976031.0
535102.800372 5079423.77384 1481976046.0
535089.948465 5079404.25719 1481976062.0
535080.740091 5079385.53895 1481976077.0
535074.012907 5079367.2792 1481976091.0
535067.617533 5079345.24367 1481976107.0
535060.296982 5079322.09184 1481976124.0
535050.312837 5079303.25815 1481976142.0
535027.519409 5079298.46273 1481976167.0
535006.956797 5079297.23545 1481976193.0
534985.696866 5079295.78208 1481976210.0
534962.351257 5079292.53929 1481976227.0
534944.989772 5079287.99705 1481976305.0
