536418.801633 5078320.62362 1431266098.0
536413.578918 5078297.81584 1431266184.0
536398.183834 5078288.61457 1431266228.0
536378.896674 5078267.9464 1431266275.0
536371.312867 5078250.56908 1431266414.0
536367.13504 5078234.87837 1431266437.0
536353.692824 5078210.3558 1431266465.0
536333.282596 5078195.79212 1431266493.0
536308.859461 5078177.09401 1431266519.0
536300.979126 5078157.27067 1431266639.0
536296.52045 5078136.46741 1431266670.0
536301.330044 5078110.60747 1431266748.0
536301.948957 5078097.7226 1431266781.0
536280.967237 5078074.60045 1431266860.0
536268.261011 5078056.85997 1431266872.0
