537336.407487 5079213.5034 1433244252.0
537341.459556 5079186.64567 1433244393.0
537336.073053 5079165.9471 1433244442.0
537332.555429 5079144.25982 1433244460.0
537331.494226 5079114.25423 1433244482.0
537329.895015 5079083.35653 1433244513.0
537349.533934 5079070.47522 1433244526.0
537366.928608 5079056.46936 1433244543.0
537380.218239 5079028.10583 1433244567.0
537386.154646 5078996.25361 1433244599.0
537385.074896 5078969.35893 1433244621.0
537391.873805 5078948.95606 1433244638.0
537403.555645 5078929.80485 1433244655.0
537398.079572 5078898.2171 1433244683.0
537407.666351 5078878.94215 1433244699.0
537415.391551 5078859.43376 1433244714.0
537418.084633 5078837.67283 1433244730.0
537417.288648 5078815.22419 1433244738.0
537407.293513 5078786.38685 1433244764.0
537395.758369 5078768.31772 1433244778.0
537394.775812 5078725.31297 1433244904.0
