536015.943003 5078150.16364 1433581964.0
536036.462634 5078146.06081 1433582014.0
536040.771095 5078126.08647 1433582059.0
536046.549349 5078093.67663 1433582091.0
536048.543722 5078071.13336 1433582117.0
536046.65123 5078049.45636 1433582141.0
536032.37661 5078020.9298 1433582166.0
536019.968968 5077991.74748 1433582195.0
536013.182105 5077970.59759 1433582214.0
536014.148877 5077937.82645 1433582243.0
536020.411852 5077915.5302 1433582270.0
536022.167942 5077880.54149 1433582321.0
536043.03325 5077870.55198 1433582416.0
536053.460342 5077853.16872 1433582453.0
536081.027773 5077838.88511 1433582490.0
536109.594906 5077826.27407 1433582543.0
536140.097164 5077828.00733 1433582614.0
536152.726716 5077832.41417 1433582618.0
