534753.308917 5079045.03769 1470897436.0
534762.369788 5079062.64351 1470897498.0
534767.538952 5079082.11635 1470897517.0
534783.60245 5079096.76159 1470897529.0
534814.665408 5079108.15791 1470897560.0
534830.264876 5079122.46735 1470897577.0
534855.088609 5079139.05086 1470897605.0
534867.647587 5079155.67655 1470897621.0
534893.311768 5079174.59821 1470897647.0
534901.198365 5079193.86425 1470897663.0
534904.338857 5079215.10351 1470897678.0
534910.047646 5079235.13505 1470897693.0
534914.77238 5079264.49409 1470897717.0
534939.106423 5079285.18618 1470897748.0
534955.483323 5079285.38965 1470897777.0
534975.635939 5079290.50322 1470897791.0
534995.213 5079315.05745 1470897818.0
535013.539855 5079341.04908 1470897849.0
535025.706765 5079358.22843 1470897873.0
535030.94178 5079379.59071 1470897892.0
535049.105515 5079406.91482 1470897928.0
535066.187839 5079419.56665 1470897950.0
535091.232529 5079437.93011 1470897987.0
535106.441811 5079452.34916 1470898004.0
535127.34739 5079475.13363 1470898050.0
535132.754822 5079493.38596 1470898077.0
535140.268039 5079523.53877 1470898110.0
535149.860318 5079542.92594 1470898129.0
535170.678352 5079567.37668 1470898157.0
535176.929873 5079587.30046 1470898185.0
535181.942675 5079606.66168 1470898207.0
535207.606545 5079625.14025 1470898239.0
535237.667207 5079634.75532 1470898277.0
535268.381579 5079638.59664 1470898323.0
535294.913611 5079640.85878 1470898364.0
535320.732868 5079659.2276 1470898406.0
535339.066535 5079669.9985 1470898427.0
535366.419182 5079678.04324 1470898456.0
535394.072692 5079687.75643 1470898505.0
535409.909183 5079700.84654 1470898530.0
535426.834733 5079713.49849 1470898560.0
535446.587343 5079720.38905 1470898584.0
535465.460724 5079731.71896 1470898603.0
535483.011435 5079743.59689 1470898629.0
535505.001856 5079766.27777 1470898661.0
535526.557776 5079769.9568 1470898683.0
535557.314491 5079779.79964 1470898726.0
535573.398551 5079790.225 1470898739.0
535601.03209 5079803.27226 1470898772.0
535628.854304 5079796.98794 1470898804.0
535646.168228 5079795.97646 1470898828.0
535667.863626 5079788.87931 1470898847.0
535699.145244 5079788.39284 1470898912.0
535708.423505 5079794.55725 1470898927.0
535728.547594 5079804.22856 1470898951.0
535752.266138 5079809.69857 1470899007.0
535767.080424 5079824.89476 1470899033.0
535785.48082 5079837.334 1470899054.0
535798.65741 5079853.8541 1470899078.0
535826.262062 5079858.34689 1470899106.0
535855.195072 5079861.29198 1470899139.0
535875.669054 5079864.0771 1470899174.0
535893.302382 5079888.28967 1470899220.0
535913.730848 5079912.29628 1470899257.0
535923.797358 5079929.68749 1470899284.0
535938.929112 5079943.55265 1470899304.0
535956.31688 5079969.87503 1470899352.0
535958.5951 5079991.88764 1470899378.0
