535058.332827 5079161.64121 1441015262.0
535060.941144 5079139.65665 1441015502.0
535083.048883 5079128.55991 1441015742.0
535107.642647 5079130.81024 1441015862.0
535129.677436 5079132.60174 1441015982.0
535149.883985 5079128.27202 1441016222.0
535168.523586 5079112.82271 1441016502.0
535186.065861 5079099.25604 1441016702.0
535200.710354 5079090.22839 1441016862.0
535215.414242 5079070.75698 1441016982.0
535230.054497 5079048.84087 1441017102.0
535238.052138 5079034.77567 1441017262.0
535263.143081 5079017.91892 1441017382.0
535273.624746 5079003.8679 1441017502.0
535289.797564 5078985.5161 1441017622.0
535313.567742 5078982.5405 1441017862.0
535335.008003 5078979.77392 1441018062.0
535353.41818 5078963.87941 1441018302.0
535363.536753 5078945.49327 1441018582.0
535391.424946 5078941.87482 1441018742.0
535402.367055 5078928.82661 1441019022.0
535412.272007 5078907.10609 1441019302.0
535422.311952 5078888.94181 1441019622.0
535420.775843 5078872.48909 1441019902.0
535421.145885 5078848.49194 1441020142.0
535422.916343 5078823.94726 1441020382.0
535426.99015 5078803.86006 1441020622.0
535435.04064 5078780.68458 1441020822.0
535440.532843 5078770.49407 1441020982.0
535452.94443 5078744.89919 1441021182.0
535462.567376 5078731.84354 1441021342.0
535478.724918 5078716.38094 1441021502.0
535492.164359 5078701.12504 1441021662.0
535507.635514 5078683.54754 1441021822.0
535520.617616 5078666.84467 1441021982.0
535530.98023 5078646.68247 1441022102.0
535534.827347 5078625.59407 1441022222.0
535548.921914 5078604.45333 1441022382.0
535557.919158 5078592.2831 1441022542.0
535576.06245 5078582.60975 1441022662.0
535582.738801 5078555.5378 1441022782.0
535596.592507 5078535.84019 1441022942.0
535613.931913 5078517.49593 1441023102.0
535625.057947 5078499.67154 1441023222.0
535642.886951 5078477.21918 1441023382.0
535660.033682 5078465.4293 1441023542.0
535660.797909 5078440.54557 1441023702.0
535668.460299 5078417.59038 1441023862.0
535693.858591 5078415.40333 1441024062.0
535713.070223 5078409.06976 1441024222.0
535735.13946 5078405.30819 1441024342.0
