534887.49765 5079311.11679 1481976781.0
534880.386726 5079291.96624 1481976800.0
534864.877301 5079275.54612 1481976818.0
534861.573345 5079255.75037 1481976838.0
534859.382287 5079231.29436 1481976861.0
534856.632248 5079209.6129 1481976880.0
534842.768185 5079190.42441 1481976899.0
534826.847823 5079178.00196 1481976915.0
534805.574731 5079164.99394 1481976937.0
534794.73074 5079147.04471 1481976968.0
534776.890859 5079130.83396 1481976991.0
534765.181052 5079114.99097 1481977009.0
534760.754464 5079101.52212 1481977030.0
