536671.554181 5078757.32353 1470903216.0
536673.75259 5078726.89296 1470903263.0
536673.090686 5078694.44553 1470903313.0
536659.221164 5078676.91953 1470903377.0
536660.195326 5078656.59254 1470903414.0
536657.115071 5078626.13076 1470903482.0
536636.301061 5078614.56357 1470903562.0
536618.517063 5078602.56992 1470903593.0
536587.768562 5078590.61088 1470903669.0
536573.877717 5078550.30784 1470903919.0
536578.170354 5078520.11183 1470903969.0
536583.171769 5078501.36412 1470903999.0
536598.516655 5078466.34462 1470904100.0
536602.514242 5078446.70214 1470904135.0
