537884.877493 5077462.5465 1477124692.0
537909.382845 5077454.80763 1477124762.0
537919.684385 5077433.5379 1477124820.0
537920.384174 5077407.98735 1477124879.0
537930.602067 5077387.71709 1477124952.0
537922.648882 5077367.78012 1477124984.0
537902.861083 5077340.43767 1477125018.0
537905.515479 5077312.67691 1477125069.0
537902.61643 5077291.54868 1477125098.0
537894.785489 5077264.27937 1477125125.0
537881.127069 5077237.64112 1477125154.0
537891.287828 5077214.03722 1477125175.0
537898.626728 5077182.08299 1477125260.0
537895.160303 5077164.84008 1477125343.0
537901.795254 5077146.43672 1477125367.0
537913.998127 5077119.06767 1477125400.0
537905.242041 5077090.68163 1477125431.0
537891.499512 5077065.04281 1477125466.0
537874.021672 5077040.71451 1477125505.0
537878.857632 5077011.7449 1477125539.0
537886.764662 5076975.79425 1477125571.0
537883.659579 5076950.22047 1477125598.0
537866.501166 5076911.67235 1477125646.0
537850.739533 5076898.68761 1477125661.0
537839.587593 5076881.0645 1477125681.0
537841.971949 5076846.63562 1477125716.0
537853.763136 5076823.15273 1477125751.0
537857.311308 5076801.61947 1477125791.0
537857.828433 5076780.51214 1477125828.0
537856.605722 5076751.83885 1477125867.0
537860.081716 5076729.41629 1477125900.0
537872.855212 5076697.71746 1477125938.0
537880.948304 5076682.21179 1477125974.0
537895.009492 5076655.85404 1477126006.0
537898.562646 5076633.54308 1477126040.0
537903.313203 5076605.90627 1477126079.0
537906.965797 5076580.04048 1477126120.0
