534936.203839 5079290.61409 1433255582.0
534926.452122 5079271.78191 1433255599.0
534911.714575 5079256.14379 1433255622.0
534905.152627 5079235.99633 1433255638.0
534901.316078 5079214.30873 1433255658.0
534895.692369 5079192.94438 1433255677.0
534880.883814 5079176.08375 1433255694.0
534864.358052 5079147.10276 1433255720.0
534838.296196 5079129.8456 1433255756.0
534814.513912 5079107.49041 1433255784.0
534794.950083 5079094.15872 1433255802.0
534776.935475 5079081.39132 1433255824.0
534770.098568 5079054.79824 1433255855.0
534775.725984 5079020.27535 1433255890.0
534781.202876 5078998.75121 1433256117.0
534785.4472 5078975.55355 1433256352.0
