534945.941247 5079284.44697 1477139698.0
534935.768196 5079285.27846 1477139819.0
534924.822754 5079271.66162 1477139837.0
534906.172317 5079234.11324 1477139874.0
534899.989639 5079201.74609 1477139911.0
534881.820257 5079175.20016 1477139938.0
534864.852009 5079155.88304 1477139958.0
534844.750721 5079141.54819 1477139977.0
534826.812101 5079129.1144 1477139995.0
534811.800526 5079120.69697 1477140011.0
534775.586914 5079100.38315 1477140047.0
534760.92399 5079071.3018 1477140079.0
534773.080917 5079035.14892 1477140110.0
534774.110574 5079031.48815 1477140142.0
