535743.642124 5079784.3162 1431840818.0
535749.336113 5079806.34842 1431840843.0
535775.897384 5079830.27885 1431840879.0
535797.257262 5079840.95749 1431840904.0
535827.221671 5079853.46369 1431840932.0
535845.392417 5079851.90218 1431840952.0
535875.614605 5079860.0769 1431840988.0
535895.025276 5079885.63306 1431841020.0
535914.87537 5079902.30319 1431841054.0
535933.070031 5079936.74107 1431841089.0
535948.942389 5079956.72149 1431841121.0
535955.511116 5079974.98132 1431841140.0
535974.933352 5079998.42676 1431841174.0
535990.452719 5079998.96134 1431841189.0
536022.217714 5079995.25719 1431841214.0
536047.991275 5079994.18492 1431841246.0
536078.149135 5079999.91589 1431841275.0
536100.158574 5080005.4884 1431841302.0
536114.628068 5080026.34994 1431841328.0
536137.88674 5080043.92954 1431841352.0
536167.684127 5080044.8812 1431841389.0
536183.231655 5080053.86064 1431841418.0
536209.147887 5080054.90093 1431841457.0
536230.084787 5080058.02326 1431841484.0
536250.619318 5080063.58769 1431841526.0
536263.225561 5080084.43868 1431841564.0
536275.536249 5080102.73249 1431841608.0
