536288.883137 5078141.42254 1441028982.0
536313.371739 5078162.232 1441029062.0
536338.198837 5078191.48774 1441029142.0
536358.914383 5078206.94209 1441029222.0
536358.238812 5078255.93666 1441029302.0
536377.699599 5078273.49476 1441029382.0
536401.709193 5078296.41282 1441029462.0
536412.463364 5078302.69803 1441029542.0
536427.809417 5078320.23213 1441029622.0
536424.312632 5078347.21077 1441029742.0
536418.760337 5078367.28866 1441029942.0
536421.969163 5078389.30686 1441030102.0
536442.746547 5078394.09552 1441030302.0
