535543.329152 5078577.97763 1464439578.0
535549.822336 5078596.34764 1464439606.0
535546.747998 5078645.10628 1464439708.0
535540.038232 5078664.51164 1464439735.0
535521.571993 5078676.4054 1464439771.0
535502.804208 5078700.29712 1464439802.0
535486.113999 5078713.86777 1464439822.0
535471.521705 5078740.67229 1464439854.0
535460.013495 5078757.60591 1464439873.0
535450.139375 5078787.43739 1464439908.0
535443.071267 5078815.28499 1464439945.0
535435.832725 5078845.79821 1464439979.0
535443.42611 5078875.39629 1464440019.0
535431.923939 5078891.33002 1464440061.0
535420.582154 5078906.37583 1464440075.0
535424.96046 5078928.06686 1464440101.0
535402.079786 5078951.93537 1464440136.0
535373.868843 5078944.10784 1464440159.0
535350.242288 5078976.30536 1464440233.0
535342.130894 5078983.03666 1464440245.0
535321.355044 5078991.80682 1464440265.0
535280.39983 5079013.68395 1464440493.0
535266.648564 5079029.38296 1464440508.0
535244.490217 5079049.25628 1464440531.0
535227.945382 5079064.82839 1464440558.0
535212.328927 5079080.96135 1464440576.0
535180.670906 5079106.11409 1464440743.0
535167.850283 5079122.04082 1464440767.0
535146.873167 5079125.36614 1464440814.0
535126.980872 5079129.03101 1464440824.0
535095.476985 5079127.07477 1464440855.0
535074.413503 5079131.95536 1464440878.0
535052.176635 5079152.16223 1464440954.0
535043.606359 5079157.78025 1464440957.0
535014.027578 5079186.05661 1464440993.0
535006.314126 5079204.90133 1464441014.0
534999.063927 5079224.19311 1464441039.0
534976.741862 5079245.84417 1464441073.0
534969.79726 5079266.02658 1464441094.0
534958.682611 5079282.40779 1464441114.0
534931.774621 5079277.70062 1464441144.0
534919.056445 5079261.85165 1464441164.0
534908.293078 5079243.45824 1464441183.0
534903.212131 5079222.20805 1464441206.0
534899.443173 5079202.29855 1464441225.0
534883.840253 5079174.87821 1464441251.0
534870.579024 5079158.91517 1464441273.0
534850.140897 5079135.46759 1464441330.0
534841.089286 5079130.08352 1464441340.0
534823.620096 5079116.98573 1464441363.0
534807.069801 5079106.1153 1464441384.0
534787.238784 5079098.89305 1464441403.0
534781.855209 5079089.97422 1464441413.0
