536236.241994 5078062.45031 1433584152.0
536260.337785 5078057.59137 1433584239.0
536283.423148 5078092.72539 1433584347.0
536298.379974 5078110.5902 1433584394.0
536287.42437 5078138.63631 1433584497.0
536301.393318 5078152.82879 1433584534.0
536309.664424 5078172.20998 1433584660.0
536320.369425 5078186.93892 1433584677.0
536343.616928 5078207.51902 1433584715.0
536358.436936 5078222.16105 1433584742.0
536371.616269 5078265.01487 1433584888.0
536383.946652 5078280.53122 1433584950.0
536404.411272 5078298.98417 1433585009.0
536414.552828 5078317.04321 1433585080.0
