534809.454203 5079110.01746 1477114598.0
534835.128119 5079127.27231 1477114622.0
534880.110672 5079161.74651 1477114658.0
534888.43422 5079172.3486 1477114671.0
534899.125159 5079189.8527 1477114692.0
534906.957891 5079218.6737 1477114712.0
534921.202223 5079266.75248 1477114752.0
534930.985281 5079280.02944 1477114791.0
534952.411699 5079293.26097 1477114818.0
534990.287469 5079307.58542 1477114852.0
535002.759961 5079325.65531 1477114894.0
535015.692437 5079344.7278 1477114925.0
535031.958973 5079378.15206 1477114962.0
535045.184748 5079400.22618 1477114985.0
535058.432432 5079418.41168 1477115008.0
535087.60279 5079434.68743 1477115042.0
535106.682845 5079450.90613 1477115065.0
535130.890018 5079480.04246 1477115101.0
535132.879059 5079485.1647 1477115125.0
535151.317908 5079532.26786 1477115162.0
535164.616124 5079555.12042 1477115183.0
535182.275821 5079575.33118 1477115300.0
535178.582516 5079596.97622 1477115338.0
535191.351072 5079617.38146 1477115362.0
535215.219068 5079624.07244 1477115385.0
535246.435089 5079635.24962 1477115424.0
535277.702243 5079637.42752 1477115469.0
535298.223169 5079645.76638 1477115496.0
535316.388387 5079658.86951 1477115570.0
535334.957439 5079669.19731 1477115595.0
535374.904671 5079687.20253 1477115636.0
535399.956724 5079690.34553 1477115672.0
535412.262353 5079696.52679 1477115696.0
535435.870367 5079721.43883 1477115734.0
535456.335448 5079725.88912 1477115759.0
535479.672171 5079743.91109 1477115806.0
535483.304684 5079760.15364 1477115908.0
535497.145156 5079769.34377 1477115965.0
535527.788109 5079771.9638 1477115995.0
535551.120797 5079777.0975 1477116023.0
535586.579493 5079779.07881 1477116056.0
535610.168912 5079793.54727 1477116097.0
535628.319964 5079795.42936 1477116135.0
535642.977815 5079797.4025 1477116171.0
535672.446593 5079788.23905 1477116210.0
535681.885041 5079780.07142 1477116233.0
535710.010333 5079788.56657 1477116265.0
535739.984783 5079799.40578 1477116311.0
535749.661342 5079817.23888 1477116354.0
535769.458809 5079829.68613 1477116388.0
535794.939824 5079839.05527 1477116422.0
535825.164066 5079846.89642 1477116457.0
535845.604212 5079842.12591 1477116495.0
535861.121197 5079856.54864 1477116517.0
535889.295568 5079883.2666 1477116565.0
535907.526801 5079898.03849 1477116604.0
535919.718139 5079923.77511 1477116638.0
535941.810367 5079941.90274 1477116671.0
535947.286141 5079961.26731 1477116704.0
535956.156727 5079984.09593 1477116741.0
535981.838037 5079998.9113 1477116774.0
536015.314964 5079994.4393 1477116804.0
536039.866808 5079989.91555 1477116838.0
536047.076766 5079991.29079 1477116868.0
536082.185489 5079999.82829 1477116907.0
536104.489175 5080008.18023 1477116940.0
536119.292406 5080025.04384 1477116978.0
536147.643832 5080021.09821 1477117013.0
536172.298101 5080038.9083 1477117066.0
536188.246015 5080045.77904 1477117100.0
536214.713989 5080045.37817 1477117138.0
536224.616777 5080050.76926 1477117258.0
536245.755308 5080059.22601 1477117316.0
536265.095117 5080070.00558 1477117356.0
536277.000869 5080091.18583 1477117398.0
536282.586424 5080118.1067 1477117460.0
536280.865549 5080133.65175 1477117497.0
