534768.058569 5079031.00976 1481960453.0
534772.285062 5079052.47725 1481960480.0
534765.809143 5079072.21806 1481960495.0
534783.561001 5079090.31712 1481960512.0
534803.291965 5079101.53867 1481960526.0
534822.706754 5079113.75847 1481960540.0
534843.839742 5079124.09917 1481960557.0
534859.529224 5079136.18704 1481960574.0
534866.58341 5079151.67069 1481960621.0
534881.890306 5079162.7565 1481960634.0
534896.593114 5079184.61638 1481960651.0
534904.220543 5079208.54749 1481960667.0
534910.480812 5079227.13773 1481960683.0
534918.342241 5079250.84796 1481960699.0
534930.191603 5079269.35863 1481960716.0
534939.498275 5079284.52174 1481960739.0
534956.891114 5079283.50876 1481960826.0
534967.424306 5079260.12448 1481960846.0
534977.617623 5079241.96035 1481960858.0
534988.09701 5079228.13105 1481960868.0
535000.746651 5079214.86957 1481960895.0
535010.962738 5079192.70575 1481960912.0
535030.329897 5079172.03807 1481960935.0
535049.015265 5079162.14404 1481960954.0
535059.592051 5079144.87108 1481960968.0
535079.972619 5079137.20889 1481960981.0
535102.49955 5079134.33655 1481960993.0
535122.761652 5079133.89583 1481961009.0
535148.755072 5079135.70983 1481961029.0
535170.090562 5079123.94237 1481961046.0
535183.304338 5079107.12901 1481961059.0
535200.182154 5079087.5588 1481961078.0
535214.607722 5079076.08556 1481961090.0
535230.065162 5079060.61835 1481961106.0
535242.515024 5079041.68972 1481961120.0
535258.755159 5079025.11595 1481961133.0
535277.103195 5079006.44318 1481961150.0
535286.722208 5078993.94277 1481961162.0
535310.277845 5078987.74381 1481961180.0
535334.52453 5078982.88218 1481961197.0
535355.029239 5078967.22184 1481961213.0
535363.284863 5078948.82506 1481961236.0
535388.285132 5078947.96781 1481961256.0
535408.481678 5078945.5277 1481961283.0
