0,0,1
1,1,0
2,1,2
3,2,1
4,2,3
5,3,2
6,3,4
7,4,3
8,4,5
9,5,4
10,5,6
11,5,288
12,6,5
13,6,7
14,7,6
15,7,8
16,8,7
17,8,9
18,9,8
19,9,10
20,10,9
21,10,11
22,11,10
23,11,12
24,12,11
25,12,13
26,13,12
27,13,14
28,14,13
29,14,15
30,14,500
31,15,14
32,15,16
33,15,305
34,16,15
35,16,17
36,17,16
37,17,18
38,18,17
39,18,19
40,19,18
41,19,20
42,20,19
43,20,21
44,21,20
45,21,22
46,21,1058
47,22,21
48,22,23
49,23,22
50,23,24
51,24,23
52,24,25
53,25,24
54,25,26
55,26,25
56,26,27
57,27,26
58,27,28
59,28,27
60,28,29
61,29,28
62,29,30
63,30,29
64,30,31
65,31,30
66,31,32
67,32,31
68,32,33
69,33,32
70,33,34
71,34,33
72,34,35
73,35,34
74,35,36
75,36,35
76,36,37
77,37,36
78,37,38
79,38,37
80,38,39
81,39,38
82,39,40
83,40,39
84,40,41
85,41,40
86,41,42
87,42,41
88,42,43
89,43,42
90,43,44
91,44,43
92,44,45
93,45,44
94,45,46
95,46,45
96,46,47
97,47,46
98,47,48
99,48,47
100,48,49
101,49,48
102,49,50
103,50,49
104,50,51
105,51,50
106,51,52
107,52,51
108,52,53
109,53,52
110,53,54
111,54,53
112,54,55
113,55,54
114,55,56
115,56,55
116,56,57
117,57,56
118,57,58
119,58,57
120,58,59
121,59,58
122,59,60
123,60,59
124,60,61
125,61,60
126,61,62
127,62,61
128,62,63
129,63,62
130,63,64
131,64,63
132,64,65
133,65,64
134,65,66
135,66,65
136,66,67
137,67,66
138,67,68
139,68,67
140,68,69
141,69,68
142,69,70
143,70,69
144,70,71
145,71,70
146,71,72
147,72,71
148,72,73
149,73,72
150,73,74
151,74,73
152,74,75
153,75,74
154,75,76
155,76,75
156,76,77
157,77,76
158,77,78
159,78,77
160,78,79
161,79,78
162,79,80
163,80,79
164,80,81
165,81,80
166,81,82
167,82,81
168,82,83
169,83,82
170,83,84
171,84,83
172,84,85
173,85,84
174,85,86
175,86,85
176,86,87
177,87,86
178,87,88
179,88,87
180,88,89
181,89,88
182,89,90
183,90,89
184,90,91
185,91,90
186,91,92
187,92,91
188,92,93
189,93,92
190,93,94
191,94,93
192,94,95
193,95,94
194,95,96
195,96,95
196,96,97
197,97,96
198,97,98
199,98,97
200,98,99
201,99,98
202,99,100
203,100,99
204,100,101
205,101,100
206,101,102
207,102,101
208,102,103
209,103,102
210,103,104
211,104,103
212,104,105
213,105,104
214,105,106
215,106,105
216,106,107
217,107,106
218,107,108
219,108,107
220,108,109
221,109,108
222,109,110
223,110,109
224,110,111
225,111,110
226,111,112
227,112,111
228,112,113
229,113,112
230,113,114
231,114,113
232,114,115
233,115,114
234,115,116
235,116,115
236,116,117
237,117,116
238,117,118
239,118,117
240,118,119
241,119,118
242,119,120
243,120,119
244,120,121
245,121,120
246,121,122
247,122,121
248,122,123
249,123,122
250,123,124
251,124,123
252,124,125
253,125,124
254,125,126
255,126,125
256,126,127
257,127,126
258,127,128
259,128,127
260,128,129
261,129,128
262,129,130
263,130,129
264,130,131
265,131,130
266,131,132
267,132,131
268,132,133
269,133,132
270,133,134
271,134,133
272,134,135
273,135,134
274,135,136
275,135,283
276,136,135
277,136,137
278,137,136
279,137,138
280,138,137
281,138,139
282,139,138
283,139,140
284,140,139
285,140,141
286,141,140
287,141,142
288,142,141
289,142,143
290,143,142
291,143,144
292,144,143
293,144,145
294,145,144
295,145,146
296,146,145
297,146,147
298,147,146
299,147,148
300,148,147
301,148,149
302,149,148
303,149,150
304,150,149
305,150,151
306,151,150
307,151,152
308,152,151
309,152,153
310,153,152
311,153,154
312,154,153
313,154,155
314,155,154
315,155,156
316,156,155
317,156,157
318,157,156
319,157,158
320,158,157
321,158,159
322,159,158
323,159,160
324,160,159
325,160,161
326,161,160
327,161,162
328,162,161
329,162,163
330,163,162
331,163,164
332,164,163
333,164,165
334,165,164
335,165,166
336,166,165
337,166,167
338,167,166
339,167,168
340,168,167
341,168,169
342,169,168
343,169,170
344,170,169
345,170,171
346,171,170
347,171,172
348,172,171
349,172,173
350,173,172
351,173,174
352,174,173
353,174,175
354,175,174
355,175,176
356,176,175
357,176,177
358,177,176
359,177,178
360,178,177
361,178,179
362,179,178
363,179,180
364,180,179
365,180,181
366,181,180
367,181,182
368,182,181
369,182,183
370,183,182
371,183,184
372,184,183
373,184,185
374,185,184
375,185,186
376,186,185
377,186,187
378,187,186
379,187,188
380,188,187
381,188,189
382,189,188
383,189,190
384,190,189
385,190,191
386,191,190
387,191,192
388,192,191
389,192,193
390,193,192
391,193,194
392,194,193
393,194,195
394,195,194
395,195,196
396,196,195
397,196,197
398,197,196
399,197,198
400,198,197
401,198,199
402,199,198
403,199,200
404,200,199
405,200,201
406,201,200
407,201,202
408,201,847
409,202,201
410,202,203
411,203,202
412,203,204
413,204,203
414,204,205
415,205,204
416,205,206
417,206,205
418,206,207
419,207,206
420,207,208
421,208,207
422,208,209
423,209,208
424,209,210
425,210,209
426,210,211
427,211,210
428,211,212
429,212,211
430,212,213
431,213,212
432,213,214
433,214,213
434,214,215
435,215,214
436,215,216
437,216,215
438,216,217
439,217,216
440,217,218
441,218,217
442,218,219
443,219,218
444,219,220
445,220,219
446,220,221
447,221,220
448,221,222
449,222,221
450,222,223
451,223,222
452,223,224
453,224,223
454,224,225
455,225,224
456,225,226
457,226,225
458,226,227
459,227,226
460,227,228
461,228,227
462,228,229
463,229,228
464,229,230
465,230,229
466,230,231
467,231,230
468,231,232
469,232,231
470,232,233
471,233,232
472,233,234
473,234,233
474,234,235
475,235,234
476,235,236
477,236,235
478,236,237
479,237,236
480,237,238
481,238,237
482,238,239
483,239,238
484,239,240
485,240,239
486,240,241
487,241,240
488,241,242
489,242,241
490,242,243
491,243,242
492,243,244
493,244,243
494,244,245
495,245,244
496,245,246
497,246,245
498,246,247
499,247,246
500,247,248
501,248,247
502,248,249
503,249,248
504,249,250
505,250,249
506,250,251
507,251,250
508,251,252
509,252,251
510,252,253
511,253,252
512,253,254
513,254,253
514,254,255
515,255,254
516,255,256
517,256,255
518,256,257
519,257,256
520,257,258
521,258,257
522,258,259
523,259,258
524,259,260
525,260,259
526,260,261
527,261,260
528,261,262
529,262,261
530,262,263
531,263,262
532,263,264
533,264,263
534,264,265
535,265,264
536,265,266
537,266,265
538,266,267
539,267,266
540,267,268
541,268,267
542,268,269
543,269,268
544,269,270
545,270,269
546,270,271
547,271,270
548,271,272
549,272,271
550,272,273
551,273,272
552,273,274
553,274,273
554,274,275
555,275,274
556,275,276
557,276,275
558,276,277
559,277,276
560,277,278
561,278,277
562,278,279
563,279,278
564,279,280
565,280,279
566,280,281
567,281,280
568,281,282
569,281,296
570,282,281
571,283,135
572,283,284
573,284,283
574,284,285
575,285,284
576,285,286
577,286,285
578,286,287
579,287,286
580,288,5
581,288,289
582,289,288
583,289,290
584,290,289
585,290,291
586,291,290
587,291,292
588,292,291
589,292,293
590,293,292
591,293,294
592,294,293
593,294,295
594,295,294
595,296,281
596,296,297
597,297,296
598,297,298
599,298,297
600,298,299
601,299,298
602,299,300
603,300,299
604,300,301
605,301,300
606,301,302
607,302,301
608,302,303
609,303,302
610,303,304
611,304,303
612,305,15
613,305,306
614,306,305
615,306,307
616,307,306
617,307,308
618,308,307
619,308,309
620,309,308
621,309,310
622,310,309
623,310,311
624,311,310
625,311,312
626,312,311
627,312,313
628,313,312
629,313,314
630,314,313
631,314,315
632,315,314
633,315,316
634,316,315
635,316,317
636,317,316
637,317,318
638,318,317
639,318,319
640,319,318
641,319,320
642,320,319
643,320,321
644,321,320
645,321,322
646,322,321
647,322,323
648,323,322
649,323,324
650,324,323
651,324,325
652,325,324
653,325,326
654,326,325
655,326,327
656,327,326
657,327,328
658,328,327
659,328,329
660,329,328
661,329,330
662,330,329
663,330,331
664,331,330
665,331,332
666,332,331
667,332,333
668,333,332
669,333,334
670,334,333
671,334,335
672,335,334
673,335,336
674,336,335
675,336,337
676,337,336
677,337,338
678,338,337
679,338,339
680,339,338
681,339,340
682,340,339
683,340,341
684,341,340
685,341,342
686,342,341
687,342,343
688,343,342
689,343,344
690,344,343
691,344,345
692,345,344
693,345,346
694,346,345
695,346,347
696,347,346
697,347,348
698,348,347
699,348,349
700,349,348
701,349,350
702,350,349
703,350,351
704,351,350
705,351,352
706,352,351
707,352,353
708,353,352
709,353,354
710,354,353
711,354,355
712,355,354
713,355,356
714,356,355
715,356,357
716,357,356
717,357,358
718,358,357
719,358,359
720,359,358
721,359,360
722,360,359
723,360,361
724,361,360
725,361,362
726,362,361
727,362,363
728,363,362
729,363,364
730,364,363
731,364,365
732,365,364
733,365,366
734,366,365
735,366,367
736,367,366
737,367,368
738,368,367
739,368,369
740,369,368
741,369,370
742,370,369
743,370,371
744,371,370
745,371,372
746,372,371
747,372,373
748,373,372
749,373,374
750,374,373
751,374,375
752,375,374
753,375,376
754,376,375
755,376,377
756,377,376
757,377,378
758,378,377
759,378,379
760,378,646
761,379,378
762,379,380
763,379,846
764,380,379
765,380,381
766,381,380
767,381,382
768,382,381
769,382,383
770,383,382
771,383,384
772,384,383
773,384,385
774,385,384
775,385,386
776,386,385
777,386,387
778,387,386
779,387,388
780,388,387
781,388,389
782,389,388
783,389,390
784,390,389
785,390,391
786,391,390
787,391,392
788,392,391
789,392,393
790,393,392
791,393,394
792,394,393
793,394,395
794,395,394
795,395,396
796,396,395
797,396,397
798,397,396
799,397,398
800,398,397
801,398,399
802,399,398
803,399,400
804,400,399
805,400,401
806,401,400
807,401,402
808,402,401
809,402,403
810,403,402
811,403,404
812,404,403
813,404,405
814,405,404
815,405,406
816,406,405
817,406,407
818,407,406
819,407,408
820,408,407
821,408,409
822,409,408
823,409,410
824,410,409
825,410,411
826,411,410
827,411,412
828,412,411
829,412,413
830,413,412
831,413,414
832,414,413
833,414,415
834,415,414
835,415,416
836,416,415
837,416,417
838,417,416
839,417,418
840,418,417
841,418,419
842,419,418
843,419,420
844,420,419
845,420,421
846,421,420
847,421,422
848,422,421
849,422,423
850,423,422
851,423,424
852,424,423
853,424,425
854,425,424
855,425,426
856,426,425
857,426,427
858,427,426
859,427,428
860,428,427
861,428,429
862,429,428
863,429,430
864,430,429
865,430,431
866,431,430
867,431,432
868,432,431
869,432,433
870,433,432
871,433,434
872,434,433
873,434,435
874,435,434
875,435,436
876,436,435
877,436,437
878,437,436
879,437,438
880,438,437
881,438,439
882,439,438
883,439,440
884,440,439
885,440,441
886,441,440
887,441,442
888,442,441
889,442,443
890,443,442
891,443,444
892,444,443
893,444,445
894,445,444
895,445,446
896,446,445
897,446,447
898,447,446
899,447,448
900,448,447
901,448,449
902,449,448
903,449,450
904,450,449
905,450,451
906,451,450
907,452,453
908,453,452
909,453,454
910,454,453
911,454,455
912,455,454
913,455,456
914,456,455
915,456,457
916,457,456
917,457,458
918,458,457
919,458,459
920,459,458
921,459,460
922,460,459
923,460,461
924,461,460
925,461,462
926,462,461
927,462,463
928,463,462
929,463,464
930,464,463
931,464,465
932,465,464
933,465,466
934,466,465
935,466,467
936,467,466
937,467,468
938,468,467
939,468,469
940,469,468
941,469,470
942,470,469
943,470,471
944,471,470
945,471,472
946,472,471
947,472,473
948,473,472
949,473,474
950,474,473
951,474,475
952,475,474
953,475,476
954,476,475
955,476,477
956,477,476
957,477,478
958,478,477
959,478,479
960,479,478
961,479,480
962,480,479
963,480,481
964,481,480
965,481,482
966,482,481
967,482,483
968,483,482
969,483,484
970,484,483
971,484,485
972,485,484
973,485,486
974,486,485
975,486,487
976,487,486
977,487,488
978,488,487
979,488,489
980,489,488
981,489,490
982,490,489
983,490,491
984,491,490
985,491,492
986,492,491
987,492,493
988,493,492
989,493,494
990,494,493
991,494,495
992,495,494
993,495,496
994,496,495
995,496,497
996,497,496
997,497,498
998,498,497
999,498,499
1000,499,498
1001,499,500
1002,500,499
1003,500,14
1004,501,502
1005,502,501
1006,502,503
1007,503,502
1008,503,504
1009,504,503
1010,504,505
1011,505,504
1012,505,506
1013,506,505
1014,506,507
1015,507,506
1016,507,508
1017,508,507
1018,508,509
1019,509,508
1020,509,510
1021,510,509
1022,510,511
1023,511,510
1024,511,512
1025,512,511
1026,512,513
1027,513,512
1028,513,514
1029,514,513
1030,514,515
1031,515,514
1032,515,516
1033,516,515
1034,516,517
1035,517,516
1036,517,518
1037,518,517
1038,518,519
1039,519,518
1040,519,520
1041,520,519
1042,520,521
1043,521,520
1044,521,522
1045,522,521
1046,522,523
1047,523,522
1048,523,524
1049,524,523
1050,524,525
1051,525,524
1052,525,526
1053,526,525
1054,526,527
1055,527,526
1056,527,528
1057,528,527
1058,528,529
1059,529,528
1060,529,530
1061,530,529
1062,530,531
1063,531,530
1064,531,532
1065,532,531
1066,532,533
1067,533,532
1068,533,534
1069,534,533
1070,534,535
1071,535,534
1072,535,536
1073,536,535
1074,536,537
1075,537,536
1076,537,538
1077,538,537
1078,538,539
1079,539,538
1080,539,540
1081,540,539
1082,540,541
1083,540,867
1084,541,540
1085,541,542
1086,542,541
1087,542,543
1088,543,542
1089,543,544
1090,544,543
1091,544,545
1092,545,544
1093,545,546
1094,546,545
1095,546,547
1096,547,546
1097,547,548
1098,548,547
1099,548,549
1100,549,548
1101,549,550
1102,550,549
1103,550,551
1104,551,550
1105,551,552
1106,552,551
1107,552,553
1108,553,552
1109,553,554
1110,554,553
1111,554,555
1112,555,554
1113,555,556
1114,556,555
1115,556,557
1116,557,556
1117,557,558
1118,558,557
1119,558,559
1120,559,558
1121,559,560
1122,560,559
1123,560,561
1124,561,560
1125,561,562
1126,562,561
1127,562,563
1128,563,562
1129,563,564
1130,564,563
1131,564,565
1132,565,564
1133,565,566
1134,566,565
1135,566,567
1136,567,566
1137,567,568
1138,568,567
1139,568,569
1140,568,868
1141,569,568
1142,569,570
1143,570,569
1144,570,571
1145,571,570
1146,571,572
1147,572,571
1148,572,573
1149,573,572
1150,573,574
1151,574,573
1152,574,575
1153,575,574
1154,575,576
1155,576,575
1156,576,577
1157,577,576
1158,577,578
1159,578,577
1160,578,579
1161,579,578
1162,579,580
1163,580,579
1164,580,581
1165,581,580
1166,581,582
1167,582,581
1168,582,583
1169,583,582
1170,583,584
1171,584,583
1172,584,585
1173,585,584
1174,585,586
1175,586,585
1176,586,587
1177,587,586
1178,587,588
1179,588,587
1180,588,589
1181,589,588
1182,589,590
1183,590,589
1184,590,591
1185,591,590
1186,591,592
1187,592,591
1188,592,593
1189,593,592
1190,593,594
1191,594,593
1192,594,595
1193,595,594
1194,595,596
1195,596,595
1196,596,597
1197,597,596
1198,597,598
1199,598,597
1200,598,599
1201,599,598
1202,599,600
1203,600,599
1204,600,601
1205,601,600
1206,601,602
1207,602,601
1208,602,603
1209,603,602
1210,603,604
1211,604,603
1212,604,605
1213,605,604
1214,605,606
1215,606,605
1216,606,607
1217,607,606
1218,607,608
1219,608,607
1220,608,609
1221,609,608
1222,609,610
1223,610,609
1224,610,611
1225,611,610
1226,611,612
1227,612,611
1228,612,613
1229,613,612
1230,613,614
1231,614,613
1232,614,615
1233,615,614
1234,615,616
1235,616,615
1236,616,617
1237,617,616
1238,617,618
1239,618,617
1240,618,619
1241,619,618
1242,619,620
1243,620,619
1244,620,621
1245,621,620
1246,621,622
1247,622,621
1248,622,623
1249,623,622
1250,623,624
1251,624,623
1252,624,625
1253,625,624
1254,625,626
1255,626,625
1256,626,627
1257,627,626
1258,627,628
1259,628,627
1260,628,629
1261,629,628
1262,629,630
1263,630,629
1264,630,631
1265,631,630
1266,631,632
1267,632,631
1268,632,633
1269,633,632
1270,633,634
1271,634,633
1272,634,635
1273,635,634
1274,635,636
1275,636,635
1276,636,637
1277,637,636
1278,637,638
1279,638,637
1280,638,639
1281,639,638
1282,639,640
1283,640,639
1284,640,641
1285,641,640
1286,641,642
1287,642,641
1288,642,643
1289,643,642
1290,643,644
1291,644,643
1292,644,645
1293,645,644
1294,645,882
1295,646,378
1296,646,647
1297,647,646
1298,647,648
1299,648,647
1300,648,649
1301,649,648
1302,649,650
1303,650,649
1304,650,651
1305,651,650
1306,651,652
1307,652,651
1308,652,653
1309,653,652
1310,653,654
1311,654,653
1312,654,655
1313,655,654
1314,655,656
1315,656,655
1316,656,657
1317,657,656
1318,657,658
1319,658,657
1320,658,659
1321,659,658
1322,659,660
1323,660,659
1324,660,661
1325,661,660
1326,661,662
1327,662,661
1328,662,663
1329,663,662
1330,663,664
1331,664,663
1332,664,665
1333,665,664
1334,665,666
1335,666,665
1336,666,667
1337,667,666
1338,667,668
1339,668,667
1340,668,669
1341,669,668
1342,669,670
1343,670,669
1344,670,671
1345,671,670
1346,671,672
1347,672,671
1348,672,673
1349,673,672
1350,673,674
1351,674,673
1352,674,675
1353,675,674
1354,675,676
1355,676,675
1356,676,677
1357,677,676
1358,677,678
1359,678,677
1360,678,679
1361,679,678
1362,679,680
1363,680,679
1364,680,681
1365,681,680
1366,681,682
1367,682,681
1368,682,683
1369,683,682
1370,683,684
1371,684,683
1372,684,685
1373,685,684
1374,685,686
1375,685,884
1376,686,685
1377,686,687
1378,687,686
1379,687,688
1380,688,687
1381,688,689
1382,689,688
1383,689,690
1384,690,689
1385,690,691
1386,691,690
1387,691,692
1388,692,691
1389,692,693
1390,693,692
1391,693,694
1392,694,693
1393,694,695
1394,695,694
1395,695,696
1396,696,695
1397,696,697
1398,697,696
1399,697,698
1400,698,697
1401,698,699
1402,699,698
1403,699,700
1404,700,699
1405,700,701
1406,701,700
1407,701,702
1408,702,701
1409,702,703
1410,703,702
1411,703,704
1412,704,703
1413,704,705
1414,705,704
1415,705,706
1416,706,705
1417,706,707
1418,707,706
1419,707,708
1420,708,707
1421,708,709
1422,709,708
1423,709,710
1424,710,709
1425,710,711
1426,711,710
1427,711,712
1428,712,711
1429,712,713
1430,713,712
1431,713,714
1432,714,713
1433,714,715
1434,715,714
1435,715,716
1436,716,715
1437,716,717
1438,717,716
1439,717,718
1440,718,717
1441,718,719
1442,719,718
1443,719,720
1444,720,719
1445,720,721
1446,721,720
1447,721,722
1448,722,721
1449,722,723
1450,723,722
1451,723,724
1452,724,723
1453,724,725
1454,725,724
1455,725,726
1456,726,725
1457,726,727
1458,727,726
1459,727,728
1460,728,727
1461,728,729
1462,729,728
1463,729,730
1464,730,729
1465,730,731
1466,731,730
1467,731,732
1468,732,731
1469,732,733
1470,733,732
1471,733,734
1472,734,733
1473,734,735
1474,735,734
1475,735,736
1476,736,735
1477,736,737
1478,737,736
1479,737,738
1480,738,737
1481,738,739
1482,739,738
1483,739,740
1484,740,739
1485,740,741
1486,741,740
1487,741,742
1488,742,741
1489,742,743
1490,743,742
1491,743,744
1492,744,743
1493,744,745
1494,745,744
1495,746,747
1496,747,746
1497,747,748
1498,748,747
1499,748,749
1500,749,748
1501,749,750
1502,750,749
1503,750,751
1504,751,750
1505,751,752
1506,752,751
1507,752,753
1508,752,1302
1509,753,752
1510,753,754
1511,754,753
1512,754,755
1513,755,754
1514,755,756
1515,756,755
1516,756,757
1517,757,756
1518,757,758
1519,758,757
1520,758,759
1521,759,758
1522,759,760
1523,760,759
1524,760,761
1525,761,760
1526,761,762
1527,762,761
1528,762,763
1529,763,762
1530,763,764
1531,764,763
1532,764,765
1533,765,764
1534,765,766
1535,766,765
1536,766,767
1537,767,766
1538,767,768
1539,768,767
1540,768,769
1541,769,768
1542,769,770
1543,770,769
1544,770,771
1545,771,770
1546,771,772
1547,772,771
1548,772,773
1549,773,772
1550,773,774
1551,774,773
1552,774,775
1553,775,774
1554,775,776
1555,776,775
1556,776,777
1557,777,776
1558,777,778
1559,778,777
1560,778,779
1561,779,778
1562,779,780
1563,780,779
1564,780,781
1565,781,780
1566,781,782
1567,782,781
1568,782,783
1569,783,782
1570,783,784
1571,784,783
1572,784,785
1573,785,784
1574,785,786
1575,786,785
1576,786,787
1577,787,786
1578,787,788
1579,788,787
1580,788,789
1581,789,788
1582,789,790
1583,790,789
1584,790,791
1585,791,790
1586,791,792
1587,792,791
1588,792,793
1589,793,792
1590,793,794
1591,794,793
1592,794,795
1593,795,794
1594,795,796
1595,796,795
1596,796,797
1597,797,796
1598,797,798
1599,798,797
1600,798,799
1601,799,798
1602,799,800
1603,800,799
1604,800,801
1605,801,800
1606,801,802
1607,802,801
1608,802,803
1609,803,802
1610,803,804
1611,804,803
1612,804,805
1613,805,804
1614,805,806
1615,806,805
1616,806,807
1617,807,806
1618,807,808
1619,808,807
1620,808,809
1621,809,808
1622,809,810
1623,810,809
1624,810,811
1625,811,810
1626,811,812
1627,812,811
1628,812,813
1629,813,812
1630,813,814
1631,814,813
1632,814,815
1633,815,814
1634,815,816
1635,816,815
1636,816,817
1637,817,816
1638,817,818
1639,818,817
1640,818,819
1641,819,818
1642,819,820
1643,820,819
1644,820,821
1645,821,820
1646,821,822
1647,822,821
1648,822,823
1649,823,822
1650,823,824
1651,824,823
1652,824,825
1653,825,824
1654,825,826
1655,826,825
1656,826,827
1657,827,826
1658,827,828
1659,828,827
1660,828,829
1661,829,828
1662,829,830
1663,830,829
1664,830,831
1665,831,830
1666,831,832
1667,832,831
1668,832,833
1669,833,832
1670,833,834
1671,834,833
1672,834,835
1673,835,834
1674,835,836
1675,836,835
1676,836,837
1677,837,836
1678,837,838
1679,838,837
1680,838,839
1681,839,838
1682,839,840
1683,840,839
1684,840,841
1685,841,840
1686,841,842
1687,842,841
1688,842,843
1689,843,842
1690,843,844
1691,844,843
1692,844,845
1693,845,844
1694,845,846
1695,846,845
1696,846,379
1697,847,201
1698,847,848
1699,848,847
1700,848,849
1701,849,848
1702,850,851
1703,851,850
1704,851,852
1705,852,851
1706,852,853
1707,853,852
1708,853,854
1709,854,853
1710,854,855
1711,855,854
1712,855,856
1713,856,855
1714,856,857
1715,857,856
1716,857,858
1717,858,857
1718,858,859
1719,859,858
1720,859,860
1721,860,859
1722,860,861
1723,861,860
1724,861,862
1725,862,861
1726,862,863
1727,863,862
1728,863,864
1729,864,863
1730,864,865
1731,865,864
1732,865,866
1733,866,865
1734,866,867
1735,867,866
1736,867,540
1737,868,568
1738,868,869
1739,869,868
1740,869,870
1741,870,869
1742,870,871
1743,871,870
1744,871,872
1745,872,871
1746,872,873
1747,873,872
1748,873,874
1749,874,873
1750,874,875
1751,875,874
1752,875,876
1753,876,875
1754,876,877
1755,877,876
1756,877,878
1757,878,877
1758,878,879
1759,879,878
1760,879,880
1761,880,879
1762,880,881
1763,881,880
1764,882,645
1765,882,883
1766,883,882
1767,884,685
1768,884,885
1769,885,884
1770,885,886
1771,886,885
1772,886,887
1773,887,886
1774,887,888
1775,888,887
1776,888,889
1777,889,888
1778,889,890
1779,890,889
1780,890,891
1781,891,890
1782,891,892
1783,892,891
1784,892,893
1785,893,892
1786,893,894
1787,894,893
1788,894,895
1789,895,894
1790,895,896
1791,896,895
1792,896,897
1793,897,896
1794,897,898
1795,898,897
1796,898,899
1797,899,898
1798,899,900
1799,900,899
1800,900,901
1801,901,900
1802,901,902
1803,902,901
1804,902,903
1805,903,902
1806,903,904
1807,904,903
1808,904,905
1809,905,904
1810,905,906
1811,906,905
1812,906,907
1813,907,906
1814,907,908
1815,908,907
1816,908,909
1817,909,908
1818,909,910
1819,910,909
1820,910,911
1821,910,1469
1822,911,910
1823,911,912
1824,912,911
1825,912,913
1826,913,912
1827,913,914
1828,914,913
1829,914,915
1830,915,914
1831,915,916
1832,916,915
1833,916,917
1834,917,916
1835,917,918
1836,918,917
1837,918,919
1838,919,918
1839,919,920
1840,920,919
1841,920,921
1842,921,920
1843,921,922
1844,922,921
1845,922,923
1846,923,922
1847,923,924
1848,924,923
1849,924,925
1850,925,924
1851,925,926
1852,926,925
1853,926,927
1854,927,926
1855,927,928
1856,928,927
1857,928,929
1858,929,928
1859,929,930
1860,930,929
1861,930,931
1862,931,930
1863,931,932
1864,932,931
1865,932,933
1866,933,932
1867,933,934
1868,934,933
1869,934,935
1870,935,934
1871,935,936
1872,936,935
1873,936,937
1874,937,936
1875,937,938
1876,938,937
1877,938,939
1878,939,938
1879,939,940
1880,940,939
1881,940,941
1882,941,940
1883,941,942
1884,942,941
1885,942,943
1886,943,942
1887,943,944
1888,944,943
1889,944,945
1890,945,944
1891,945,946
1892,946,945
1893,946,947
1894,947,946
1895,947,948
1896,948,947
1897,948,949
1898,949,948
1899,949,950
1900,950,949
1901,950,951
1902,951,950
1903,951,952
1904,952,951
1905,952,953
1906,953,952
1907,953,954
1908,954,953
1909,954,955
1910,955,954
1911,955,956
1912,956,955
1913,956,957
1914,957,956
1915,957,958
1916,958,957
1917,958,959
1918,959,958
1919,959,960
1920,960,959
1921,960,961
1922,961,960
1923,961,962
1924,962,961
1925,962,963
1926,963,962
1927,963,964
1928,964,963
1929,964,965
1930,965,964
1931,965,966
1932,966,965
1933,966,967
1934,967,966
1935,967,968
1936,967,1303
1937,968,967
1938,968,969
1939,969,968
1940,969,970
1941,970,969
1942,970,971
1943,971,970
1944,971,972
1945,972,971
1946,972,973
1947,973,972
1948,973,974
1949,974,973
1950,974,975
1951,975,974
1952,975,976
1953,976,975
1954,976,977
1955,977,976
1956,977,978
1957,978,977
1958,978,979
1959,979,978
1960,979,980
1961,980,979
1962,980,981
1963,981,980
1964,981,982
1965,982,981
1966,982,983
1967,983,982
1968,983,984
1969,984,983
1970,984,985
1971,985,984
1972,985,986
1973,986,985
1974,986,987
1975,987,986
1976,987,988
1977,988,987
1978,988,989
1979,989,988
1980,989,990
1981,990,989
1982,990,991
1983,991,990
1984,991,992
1985,992,991
1986,992,993
1987,993,992
1988,993,994
1989,994,993
1990,994,995
1991,995,994
1992,995,996
1993,996,995
1994,996,997
1995,997,996
1996,997,998
1997,998,997
1998,998,999
1999,999,998
2000,999,1000
2001,1000,999
2002,1000,1001
2003,1001,1000
2004,1001,1002
2005,1002,1001
2006,1002,1003
2007,1003,1002
2008,1003,1004
2009,1004,1003
2010,1004,1005
2011,1005,1004
2012,1005,1006
2013,1006,1005
2014,1006,1007
2015,1007,1006
2016,1007,1008
2017,1008,1007
2018,1008,1009
2019,1009,1008
2020,1009,1010
2021,1010,1009
2022,1010,1011
2023,1011,1010
2024,1011,1012
2025,1012,1011
2026,1012,1013
2027,1013,1012
2028,1013,1014
2029,1014,1013
2030,1014,1015
2031,1015,1014
2032,1015,1016
2033,1016,1015
2034,1016,1017
2035,1017,1016
2036,1017,1018
2037,1018,1017
2038,1018,1019
2039,1019,1018
2040,1019,1020
2041,1020,1019
2042,1020,1021
2043,1021,1020
2044,1021,1022
2045,1022,1021
2046,1022,1023
2047,1023,1022
2048,1023,1024
2049,1024,1023
2050,1024,1025
2051,1025,1024
2052,1025,1026
2053,1026,1025
2054,1026,1027
2055,1027,1026
2056,1027,1028
2057,1028,1027
2058,1028,1029
2059,1028,1841
2060,1029,1028
2061,1029,1030
2062,1030,1029
2063,1030,1031
2064,1031,1030
2065,1031,1032
2066,1032,1031
2067,1032,1033
2068,1033,1032
2069,1033,1034
2070,1034,1033
2071,1034,1035
2072,1035,1034
2073,1035,1036
2074,1036,1035
2075,1036,1037
2076,1037,1036
2077,1037,1038
2078,1038,1037
2079,1038,1039
2080,1039,1038
2081,1039,1040
2082,1040,1039
2083,1040,1041
2084,1041,1040
2085,1041,1042
2086,1042,1041
2087,1042,1043
2088,1043,1042
2089,1043,1044
2090,1044,1043
2091,1044,1045
2092,1045,1044
2093,1045,1046
2094,1046,1045
2095,1046,1047
2096,1047,1046
2097,1047,1048
2098,1048,1047
2099,1048,1049
2100,1049,1048
2101,1049,1050
2102,1050,1049
2103,1050,1051
2104,1051,1050
2105,1051,1052
2106,1052,1051
2107,1052,1053
2108,1053,1052
2109,1054,1055
2110,1055,1054
2111,1055,1056
2112,1056,1055
2113,1056,1057
2114,1057,1056
2115,1057,1058
2116,1058,1057
2117,1058,21
2118,1059,1060
2119,1060,1059
2120,1060,1061
2121,1061,1060
2122,1061,1062
2123,1062,1061
2124,1062,1063
2125,1063,1062
2126,1063,1064
2127,1064,1063
2128,1064,1065
2129,1065,1064
2130,1065,1066
2131,1066,1065
2132,1066,1067
2133,1067,1066
2134,1067,1068
2135,1068,1067
2136,1068,1069
2137,1069,1068
2138,1069,1070
2139,1070,1069
2140,1070,1071
2141,1071,1070
2142,1071,1072
2143,1072,1071
2144,1072,1073
2145,1073,1072
2146,1073,1074
2147,1074,1073
2148,1074,1075
2149,1075,1074
2150,1075,1076
2151,1076,1075
2152,1076,1077
2153,1077,1076
2154,1077,1078
2155,1078,1077
2156,1078,1079
2157,1079,1078
2158,1079,1080
2159,1080,1079
2160,1080,1081
2161,1081,1080
2162,1081,1082
2163,1082,1081
2164,1083,1084
2165,1084,1083
2166,1084,1085
2167,1085,1084
2168,1085,1086
2169,1086,1085
2170,1086,1087
2171,1087,1086
2172,1087,1088
2173,1088,1087
2174,1088,1089
2175,1089,1088
2176,1089,1090
2177,1090,1089
2178,1090,1091
2179,1091,1090
2180,1091,1092
2181,1092,1091
2182,1092,1093
2183,1093,1092
2184,1093,1094
2185,1094,1093
2186,1094,1095
2187,1095,1094
2188,1095,1096
2189,1096,1095
2190,1096,1097
2191,1097,1096
2192,1097,1098
2193,1098,1097
2194,1098,1099
2195,1099,1098
2196,1099,1100
2197,1100,1099
2198,1100,1101
2199,1101,1100
2200,1101,1102
2201,1102,1101
2202,1102,1103
2203,1103,1102
2204,1103,1104
2205,1104,1103
2206,1104,1105
2207,1105,1104
2208,1105,1106
2209,1106,1105
2210,1106,1107
2211,1107,1106
2212,1107,1108
2213,1108,1107
2214,1108,1109
2215,1109,1108
2216,1109,1110
2217,1110,1109
2218,1110,1111
2219,1111,1110
2220,1111,1112
2221,1112,1111
2222,1112,1113
2223,1113,1112
2224,1113,1114
2225,1114,1113
2226,1114,1115
2227,1115,1114
2228,1115,1116
2229,1116,1115
2230,1116,1117
2231,1117,1116
2232,1117,1118
2233,1118,1117
2234,1118,1119
2235,1119,1118
2236,1119,1120
2237,1120,1119
2238,1120,1121
2239,1121,1120
2240,1121,1122
2241,1122,1121
2242,1122,1123
2243,1123,1122
2244,1123,1124
2245,1124,1123
2246,1124,1125
2247,1125,1124
2248,1125,1126
2249,1126,1125
2250,1126,1127
2251,1127,1126
2252,1127,1128
2253,1128,1127
2254,1128,1129
2255,1129,1128
2256,1129,1130
2257,1130,1129
2258,1130,1131
2259,1131,1130
2260,1131,1132
2261,1132,1131
2262,1132,1133
2263,1133,1132
2264,1133,1134
2265,1134,1133
2266,1134,1135
2267,1135,1134
2268,1135,1136
2269,1136,1135
2270,1136,1137
2271,1137,1136
2272,1137,1138
2273,1138,1137
2274,1138,1139
2275,1139,1138
2276,1139,1140
2277,1140,1139
2278,1140,1141
2279,1141,1140
2280,1141,1142
2281,1142,1141
2282,1142,1143
2283,1143,1142
2284,1143,1144
2285,1144,1143
2286,1144,1145
2287,1145,1144
2288,1145,1146
2289,1146,1145
2290,1146,1147
2291,1147,1146
2292,1147,1148
2293,1148,1147
2294,1148,1149
2295,1149,1148
2296,1149,1150
2297,1150,1149
2298,1150,1151
2299,1151,1150
2300,1151,1152
2301,1152,1151
2302,1152,1153
2303,1153,1152
2304,1153,1154
2305,1154,1153
2306,1154,1155
2307,1154,1455
2308,1155,1154
2309,1155,1156
2310,1156,1155
2311,1156,1157
2312,1157,1156
2313,1157,1158
2314,1158,1157
2315,1158,1159
2316,1159,1158
2317,1159,1160
2318,1160,1159
2319,1160,1161
2320,1161,1160
2321,1161,1162
2322,1162,1161
2323,1162,1163
2324,1163,1162
2325,1163,1164
2326,1164,1163
2327,1164,1165
2328,1165,1164
2329,1165,1166
2330,1166,1165
2331,1166,1167
2332,1167,1166
2333,1167,1168
2334,1168,1167
2335,1168,1169
2336,1169,1168
2337,1169,1170
2338,1170,1169
2339,1170,1171
2340,1171,1170
2341,1171,1172
2342,1172,1171
2343,1172,1173
2344,1173,1172
2345,1173,1174
2346,1174,1173
2347,1174,1175
2348,1175,1174
2349,1175,1176
2350,1176,1175
2351,1176,1177
2352,1177,1176
2353,1177,1178
2354,1178,1177
2355,1178,1179
2356,1179,1178
2357,1179,1180
2358,1180,1179
2359,1180,1181
2360,1181,1180
2361,1181,1182
2362,1182,1181
2363,1182,1183
2364,1183,1182
2365,1183,1184
2366,1184,1183
2367,1184,1185
2368,1185,1184
2369,1185,1186
2370,1185,1454
2371,1186,1185
2372,1186,1187
2373,1187,1186
2374,1187,1188
2375,1188,1187
2376,1188,1189
2377,1189,1188
2378,1189,1190
2379,1190,1189
2380,1190,1191
2381,1191,1190
2382,1191,1192
2383,1192,1191
2384,1192,1193
2385,1193,1192
2386,1193,1194
2387,1194,1193
2388,1194,1195
2389,1195,1194
2390,1195,1196
2391,1196,1195
2392,1196,1197
2393,1197,1196
2394,1197,1198
2395,1198,1197
2396,1198,1199
2397,1199,1198
2398,1199,1200
2399,1200,1199
2400,1200,1201
2401,1201,1200
2402,1201,1202
2403,1202,1201
2404,1202,1203
2405,1203,1202
2406,1203,1204
2407,1204,1203
2408,1204,1205
2409,1205,1204
2410,1205,1206
2411,1206,1205
2412,1206,1207
2413,1207,1206
2414,1207,1208
2415,1208,1207
2416,1208,1209
2417,1209,1208
2418,1209,1210
2419,1210,1209
2420,1210,1211
2421,1211,1210
2422,1211,1212
2423,1212,1211
2424,1212,1213
2425,1213,1212
2426,1213,1214
2427,1214,1213
2428,1214,1215
2429,1215,1214
2430,1215,1216
2431,1216,1215
2432,1216,1217
2433,1217,1216
2434,1217,1218
2435,1218,1217
2436,1218,1219
2437,1219,1218
2438,1219,1220
2439,1220,1219
2440,1220,1221
2441,1221,1220
2442,1221,1222
2443,1222,1221
2444,1222,1223
2445,1223,1222
2446,1223,1224
2447,1224,1223
2448,1224,1225
2449,1225,1224
2450,1225,1226
2451,1226,1225
2452,1226,1227
2453,1227,1226
2454,1227,1228
2455,1228,1227
2456,1228,1229
2457,1229,1228
2458,1229,1230
2459,1230,1229
2460,1230,1231
2461,1231,1230
2462,1231,1232
2463,1232,1231
2464,1232,1233
2465,1233,1232
2466,1233,1234
2467,1234,1233
2468,1234,1235
2469,1235,1234
2470,1235,1236
2471,1236,1235
2472,1236,1237
2473,1237,1236
2474,1237,1238
2475,1238,1237
2476,1238,1239
2477,1239,1238
2478,1239,1240
2479,1240,1239
2480,1240,1241
2481,1241,1240
2482,1241,1242
2483,1242,1241
2484,1242,1243
2485,1243,1242
2486,1243,1244
2487,1244,1243
2488,1244,1245
2489,1245,1244
2490,1245,1246
2491,1246,1245
2492,1246,1247
2493,1247,1246
2494,1247,1248
2495,1248,1247
2496,1248,1249
2497,1249,1248
2498,1249,1250
2499,1250,1249
2500,1250,1251
2501,1251,1250
2502,1251,1252
2503,1252,1251
2504,1252,1253
2505,1253,1252
2506,1253,1254
2507,1254,1253
2508,1254,1255
2509,1255,1254
2510,1255,1256
2511,1256,1255
2512,1256,1257
2513,1257,1256
2514,1257,1258
2515,1258,1257
2516,1258,1259
2517,1259,1258
2518,1259,1260
2519,1260,1259
2520,1260,1261
2521,1261,1260
2522,1261,1262
2523,1262,1261
2524,1262,1263
2525,1263,1262
2526,1263,1264
2527,1264,1263
2528,1264,1265
2529,1265,1264
2530,1265,1266
2531,1266,1265
2532,1266,1267
2533,1267,1266
2534,1267,1268
2535,1268,1267
2536,1268,1269
2537,1269,1268
2538,1269,1270
2539,1270,1269
2540,1270,1271
2541,1271,1270
2542,1271,1272
2543,1272,1271
2544,1272,1273
2545,1273,1272
2546,1273,1274
2547,1274,1273
2548,1274,1275
2549,1275,1274
2550,1275,1276
2551,1276,1275
2552,1276,1277
2553,1277,1276
2554,1277,1278
2555,1278,1277
2556,1278,1279
2557,1279,1278
2558,1279,1280
2559,1280,1279
2560,1280,1281
2561,1281,1280
2562,1281,1282
2563,1282,1281
2564,1282,1283
2565,1283,1282
2566,1283,1284
2567,1284,1283
2568,1284,1285
2569,1285,1284
2570,1285,1286
2571,1286,1285
2572,1286,1287
2573,1287,1286
2574,1287,1288
2575,1288,1287
2576,1288,1289
2577,1289,1288
2578,1289,1290
2579,1290,1289
2580,1290,1291
2581,1291,1290
2582,1291,1292
2583,1292,1291
2584,1292,1293
2585,1293,1292
2586,1293,1294
2587,1294,1293
2588,1294,1295
2589,1295,1294
2590,1295,1296
2591,1296,1295
2592,1296,1297
2593,1297,1296
2594,1297,1298
2595,1298,1297
2596,1298,1299
2597,1299,1298
2598,1299,1300
2599,1300,1299
2600,1300,1301
2601,1301,1300
2602,1301,1302
2603,1302,1301
2604,1302,752
2605,1303,967
2606,1303,1304
2607,1304,1303
2608,1304,1305
2609,1305,1304
2610,1305,1306
2611,1306,1305
2612,1306,1307
2613,1307,1306
2614,1307,1308
2615,1308,1307
2616,1308,1309
2617,1309,1308
2618,1309,1310
2619,1310,1309
2620,1310,1311
2621,1311,1310
2622,1311,1312
2623,1312,1311
2624,1312,1313
2625,1313,1312
2626,1313,1314
2627,1314,1313
2628,1314,1315
2629,1315,1314
2630,1315,1316
2631,1316,1315
2632,1316,1317
2633,1317,1316
2634,1317,1318
2635,1318,1317
2636,1318,1319
2637,1319,1318
2638,1319,1320
2639,1320,1319
2640,1320,1321
2641,1321,1320
2642,1321,1322
2643,1322,1321
2644,1322,1323
2645,1323,1322
2646,1323,1324
2647,1324,1323
2648,1324,1325
2649,1325,1324
2650,1325,1326
2651,1326,1325
2652,1326,1327
2653,1327,1326
2654,1327,1328
2655,1328,1327
2656,1328,1329
2657,1329,1328
2658,1329,1330
2659,1330,1329
2660,1330,1331
2661,1331,1330
2662,1331,1332
2663,1332,1331
2664,1332,1333
2665,1333,1332
2666,1333,1334
2667,1334,1333
2668,1334,1335
2669,1335,1334
2670,1335,1336
2671,1336,1335
2672,1336,1337
2673,1337,1336
2674,1337,1338
2675,1338,1337
2676,1338,1339
2677,1339,1338
2678,1339,1340
2679,1340,1339
2680,1340,1341
2681,1341,1340
2682,1341,1342
2683,1342,1341
2684,1342,1343
2685,1343,1342
2686,1343,1344
2687,1344,1343
2688,1344,1345
2689,1345,1344
2690,1345,1346
2691,1346,1345
2692,1346,1347
2693,1347,1346
2694,1347,1348
2695,1348,1347
2696,1348,1349
2697,1349,1348
2698,1349,1350
2699,1350,1349
2700,1350,1351
2701,1351,1350
2702,1351,1352
2703,1352,1351
2704,1352,1353
2705,1353,1352
2706,1353,1354
2707,1354,1353
2708,1354,1355
2709,1355,1354
2710,1355,1356
2711,1356,1355
2712,1356,1357
2713,1357,1356
2714,1357,1358
2715,1358,1357
2716,1358,1359
2717,1359,1358
2718,1359,1360
2719,1360,1359
2720,1360,1361
2721,1361,1360
2722,1361,1362
2723,1362,1361
2724,1362,1363
2725,1363,1362
2726,1363,1364
2727,1364,1363
2728,1364,1365
2729,1365,1364
2730,1365,1366
2731,1366,1365
2732,1366,1367
2733,1367,1366
2734,1367,1368
2735,1368,1367
2736,1368,1369
2737,1369,1368
2738,1369,1370
2739,1370,1369
2740,1370,1371
2741,1371,1370
2742,1371,1372
2743,1372,1371
2744,1372,1373
2745,1373,1372
2746,1373,1374
2747,1374,1373
2748,1374,1375
2749,1375,1374
2750,1375,1376
2751,1376,1375
2752,1376,1377
2753,1377,1376
2754,1377,1378
2755,1378,1377
2756,1378,1379
2757,1379,1378
2758,1379,1380
2759,1380,1379
2760,1380,1381
2761,1381,1380
2762,1381,1382
2763,1382,1381
2764,1382,1383
2765,1383,1382
2766,1383,1384
2767,1384,1383
2768,1384,1385
2769,1385,1384
2770,1385,1386
2771,1386,1385
2772,1386,1387
2773,1387,1386
2774,1387,1388
2775,1388,1387
2776,1388,1389
2777,1389,1388
2778,1389,1390
2779,1390,1389
2780,1390,1391
2781,1391,1390
2782,1391,1392
2783,1392,1391
2784,1392,1393
2785,1393,1392
2786,1393,1394
2787,1394,1393
2788,1394,1395
2789,1395,1394
2790,1395,1396
2791,1396,1395
2792,1396,1397
2793,1397,1396
2794,1397,1398
2795,1398,1397
2796,1398,1399
2797,1399,1398
2798,1399,1400
2799,1400,1399
2800,1400,1401
2801,1401,1400
2802,1401,1402
2803,1402,1401
2804,1402,1403
2805,1403,1402
2806,1403,1404
2807,1404,1403
2808,1404,1405
2809,1405,1404
2810,1405,1406
2811,1406,1405
2812,1406,1407
2813,1407,1406
2814,1407,1408
2815,1408,1407
2816,1408,1409
2817,1409,1408
2818,1409,1410
2819,1410,1409
2820,1410,1411
2821,1411,1410
2822,1411,1412
2823,1412,1411
2824,1412,1413
2825,1413,1412
2826,1413,1414
2827,1414,1413
2828,1414,1415
2829,1415,1414
2830,1415,1416
2831,1416,1415
2832,1416,1417
2833,1417,1416
2834,1417,1418
2835,1418,1417
2836,1418,1419
2837,1419,1418
2838,1419,1420
2839,1420,1419
2840,1420,1421
2841,1421,1420
2842,1421,1422
2843,1422,1421
2844,1422,1423
2845,1423,1422
2846,1423,1424
2847,1424,1423
2848,1424,1425
2849,1425,1424
2850,1425,1426
2851,1426,1425
2852,1426,1427
2853,1427,1426
2854,1427,1428
2855,1428,1427
2856,1428,1429
2857,1429,1428
2858,1429,1430
2859,1430,1429
2860,1430,1431
2861,1431,1430
2862,1431,1432
2863,1432,1431
2864,1432,1433
2865,1433,1432
2866,1433,1434
2867,1434,1433
2868,1434,1435
2869,1435,1434
2870,1435,1436
2871,1436,1435
2872,1436,1437
2873,1437,1436
2874,1437,1438
2875,1438,1437
2876,1438,1439
2877,1439,1438
2878,1439,1440
2879,1440,1439
2880,1440,1441
2881,1441,1440
2882,1441,1442
2883,1442,1441
2884,1442,1443
2885,1443,1442
2886,1443,1444
2887,1444,1443
2888,1444,1445
2889,1445,1444
2890,1445,1446
2891,1446,1445
2892,1446,1447
2893,1447,1446
2894,1447,1448
2895,1448,1447
2896,1448,1449
2897,1449,1448
2898,1449,1450
2899,1450,1449
2900,1450,1451
2901,1451,1450
2902,1451,1452
2903,1452,1451
2904,1452,1453
2905,1453,1452
2906,1453,1454
2907,1454,1453
2908,1454,1185
2909,1455,1154
2910,1455,1456
2911,1456,1455
2912,1456,1457
2913,1457,1456
2914,1457,1458
2915,1458,1457
2916,1458,1459
2917,1459,1458
2918,1459,1460
2919,1460,1459
2920,1460,1461
2921,1461,1460
2922,1461,1462
2923,1462,1461
2924,1462,1463
2925,1463,1462
2926,1464,1465
2927,1465,1464
2928,1465,1466
2929,1466,1465
2930,1466,1467
2931,1467,1466
2932,1467,1468
2933,1468,1467
2934,1469,910
2935,1469,1470
2936,1470,1469
2937,1470,1471
2938,1471,1470
2939,1471,1472
2940,1472,1471
2941,1472,1473
2942,1473,1472
2943,1473,1474
2944,1474,1473
2945,1474,1475
2946,1475,1474
2947,1475,1476
2948,1476,1475
2949,1476,1477
2950,1477,1476
2951,1477,1478
2952,1478,1477
2953,1478,1479
2954,1479,1478
2955,1479,1480
2956,1480,1479
2957,1480,1481
2958,1481,1480
2959,1481,1482
2960,1482,1481
2961,1482,1483
2962,1483,1482
2963,1483,1484
2964,1484,1483
2965,1484,1485
2966,1485,1484
2967,1485,1486
2968,1486,1485
2969,1486,1487
2970,1487,1486
2971,1487,1488
2972,1488,1487
2973,1488,1489
2974,1489,1488
2975,1489,1490
2976,1490,1489
2977,1490,1491
2978,1491,1490
2979,1491,1492
2980,1492,1491
2981,1492,1493
2982,1493,1492
2983,1493,1494
2984,1494,1493
2985,1494,1495
2986,1495,1494
2987,1495,1496
2988,1496,1495
2989,1496,1497
2990,1497,1496
2991,1497,1498
2992,1498,1497
2993,1498,1499
2994,1499,1498
2995,1499,1500
2996,1500,1499
2997,1500,1501
2998,1501,1500
2999,1501,1502
3000,1502,1501
3001,1502,1503
3002,1503,1502
3003,1503,1504
3004,1504,1503
3005,1504,1505
3006,1505,1504
3007,1505,1506
3008,1506,1505
3009,1506,1507
3010,1507,1506
3011,1507,1508
3012,1508,1507
3013,1508,1509
3014,1509,1508
3015,1509,1510
3016,1510,1509
3017,1510,1511
3018,1511,1510
3019,1511,1512
3020,1512,1511
3021,1512,1513
3022,1513,1512
3023,1513,1514
3024,1514,1513
3025,1514,1515
3026,1515,1514
3027,1515,1516
3028,1516,1515
3029,1516,1517
3030,1517,1516
3031,1517,1518
3032,1518,1517
3033,1518,1519
3034,1519,1518
3035,1519,1520
3036,1520,1519
3037,1520,1521
3038,1521,1520
3039,1521,1522
3040,1522,1521
3041,1522,1523
3042,1523,1522
3043,1523,1524
3044,1524,1523
3045,1524,1525
3046,1525,1524
3047,1525,1526
3048,1526,1525
3049,1526,1527
3050,1527,1526
3051,1527,1528
3052,1528,1527
3053,1528,1529
3054,1529,1528
3055,1529,1530
3056,1530,1529
3057,1530,1531
3058,1531,1530
3059,1531,1532
3060,1532,1531
3061,1532,1533
3062,1533,1532
3063,1533,1534
3064,1534,1533
3065,1534,1535
3066,1535,1534
3067,1535,1536
3068,1536,1535
3069,1536,1537
3070,1537,1536
3071,1537,1538
3072,1538,1537
3073,1538,1539
3074,1539,1538
3075,1539,1540
3076,1540,1539
3077,1540,1541
3078,1541,1540
3079,1541,1542
3080,1542,1541
3081,1542,1543
3082,1543,1542
3083,1543,1544
3084,1544,1543
3085,1544,1545
3086,1545,1544
3087,1545,1546
3088,1546,1545
3089,1546,1547
3090,1547,1546
3091,1547,1548
3092,1548,1547
3093,1548,1549
3094,1549,1548
3095,1549,1550
3096,1550,1549
3097,1550,1551
3098,1551,1550
3099,1551,1552
3100,1552,1551
3101,1552,1553
3102,1553,1552
3103,1553,1554
3104,1554,1553
3105,1554,1555
3106,1555,1554
3107,1555,1556
3108,1556,1555
3109,1556,1557
3110,1557,1556
3111,1557,1558
3112,1558,1557
3113,1558,1559
3114,1559,1558
3115,1559,1560
3116,1560,1559
3117,1560,1561
3118,1561,1560
3119,1561,1562
3120,1562,1561
3121,1562,1563
3122,1563,1562
3123,1563,1564
3124,1564,1563
3125,1564,1565
3126,1565,1564
3127,1565,1566
3128,1566,1565
3129,1566,1567
3130,1567,1566
3131,1567,1568
3132,1568,1567
3133,1568,1569
3134,1569,1568
3135,1569,1570
3136,1570,1569
3137,1570,1571
3138,1571,1570
3139,1571,1572
3140,1572,1571
3141,1572,1573
3142,1573,1572
3143,1573,1574
3144,1574,1573
3145,1574,1575
3146,1575,1574
3147,1575,1576
3148,1576,1575
3149,1576,1577
3150,1577,1576
3151,1577,1578
3152,1578,1577
3153,1578,1579
3154,1579,1578
3155,1579,1580
3156,1580,1579
3157,1580,1581
3158,1581,1580
3159,1581,1582
3160,1582,1581
3161,1582,1583
3162,1583,1582
3163,1583,1584
3164,1584,1583
3165,1584,1585
3166,1585,1584
3167,1585,1586
3168,1586,1585
3169,1586,1587
3170,1587,1586
3171,1587,1588
3172,1588,1587
3173,1588,1589
3174,1589,1588
3175,1589,1590
3176,1590,1589
3177,1590,1591
3178,1591,1590
3179,1591,1592
3180,1592,1591
3181,1592,1593
3182,1593,1592
3183,1593,1594
3184,1594,1593
3185,1594,1595
3186,1595,1594
3187,1595,1596
3188,1596,1595
3189,1596,1597
3190,1597,1596
3191,1597,1598
3192,1598,1597
3193,1598,1599
3194,1599,1598
3195,1599,1600
3196,1600,1599
3197,1600,1601
3198,1601,1600
3199,1601,1602
3200,1602,1601
3201,1602,1603
3202,1603,1602
3203,1603,1604
3204,1604,1603
3205,1604,1605
3206,1605,1604
3207,1605,1606
3208,1606,1605
3209,1606,1607
3210,1607,1606
3211,1607,1608
3212,1608,1607
3213,1608,1609
3214,1609,1608
3215,1609,1610
3216,1610,1609
3217,1610,1611
3218,1611,1610
3219,1611,1612
3220,1612,1611
3221,1612,1613
3222,1613,1612
3223,1613,1614
3224,1614,1613
3225,1614,1615
3226,1615,1614
3227,1615,1616
3228,1616,1615
3229,1616,1617
3230,1617,1616
3231,1617,1618
3232,1618,1617
3233,1618,1619
3234,1619,1618
3235,1619,1620
3236,1620,1619
3237,1620,1621
3238,1621,1620
3239,1621,1622
3240,1622,1621
3241,1622,1623
3242,1623,1622
3243,1623,1624
3244,1624,1623
3245,1624,1625
3246,1625,1624
3247,1625,1626
3248,1626,1625
3249,1626,1627
3250,1627,1626
3251,1627,1628
3252,1628,1627
3253,1628,1629
3254,1629,1628
3255,1629,1630
3256,1630,1629
3257,1630,1631
3258,1631,1630
3259,1631,1632
3260,1632,1631
3261,1632,1633
3262,1633,1632
3263,1633,1634
3264,1634,1633
3265,1634,1635
3266,1635,1634
3267,1635,1636
3268,1636,1635
3269,1636,1637
3270,1637,1636
3271,1637,1638
3272,1638,1637
3273,1638,1639
3274,1639,1638
3275,1639,1640
3276,1640,1639
3277,1640,1641
3278,1641,1640
3279,1641,1642
3280,1642,1641
3281,1642,1643
3282,1643,1642
3283,1643,1644
3284,1644,1643
3285,1644,1645
3286,1645,1644
3287,1645,1646
3288,1646,1645
3289,1646,1647
3290,1647,1646
3291,1647,1648
3292,1648,1647
3293,1648,1649
3294,1649,1648
3295,1649,1650
3296,1650,1649
3297,1650,1651
3298,1651,1650
3299,1651,1652
3300,1652,1651
3301,1652,1653
3302,1653,1652
3303,1653,1654
3304,1654,1653
3305,1654,1655
3306,1655,1654
3307,1655,1656
3308,1656,1655
3309,1656,1657
3310,1657,1656
3311,1657,1658
3312,1658,1657
3313,1658,1659
3314,1659,1658
3315,1659,1660
3316,1660,1659
3317,1660,1661
3318,1661,1660
3319,1661,1662
3320,1662,1661
3321,1662,1663
3322,1663,1662
3323,1663,1664
3324,1664,1663
3325,1664,1665
3326,1665,1664
3327,1665,1666
3328,1666,1665
3329,1666,1667
3330,1667,1666
3331,1667,1668
3332,1668,1667
3333,1668,1669
3334,1669,1668
3335,1669,1670
3336,1670,1669
3337,1670,1671
3338,1671,1670
3339,1671,1672
3340,1672,1671
3341,1672,1673
3342,1673,1672
3343,1673,1674
3344,1674,1673
3345,1674,1675
3346,1675,1674
3347,1675,1676
3348,1676,1675
3349,1676,1677
3350,1677,1676
3351,1677,1678
3352,1678,1677
3353,1678,1679
3354,1679,1678
3355,1679,1680
3356,1680,1679
3357,1680,1681
3358,1681,1680
3359,1681,1682
3360,1682,1681
3361,1682,1683
3362,1683,1682
3363,1683,1684
3364,1684,1683
3365,1684,1685
3366,1685,1684
3367,1685,1686
3368,1686,1685
3369,1686,1687
3370,1687,1686
3371,1687,1688
3372,1688,1687
3373,1688,1689
3374,1689,1688
3375,1689,1690
3376,1690,1689
3377,1690,1691
3378,1691,1690
3379,1691,1692
3380,1692,1691
3381,1692,1693
3382,1693,1692
3383,1693,1694
3384,1694,1693
3385,1694,1695
3386,1695,1694
3387,1695,1696
3388,1696,1695
3389,1696,1697
3390,1697,1696
3391,1697,1698
3392,1698,1697
3393,1698,1699
3394,1699,1698
3395,1699,1700
3396,1700,1699
3397,1700,1701
3398,1701,1700
3399,1701,1702
3400,1702,1701
3401,1702,1703
3402,1703,1702
3403,1703,1704
3404,1704,1703
3405,1704,1705
3406,1705,1704
3407,1705,1706
3408,1706,1705
3409,1706,1707
3410,1707,1706
3411,1707,1708
3412,1708,1707
3413,1708,1709
3414,1709,1708
3415,1709,1710
3416,1710,1709
3417,1710,1711
3418,1711,1710
3419,1711,1712
3420,1712,1711
3421,1712,1713
3422,1713,1712
3423,1713,1714
3424,1714,1713
3425,1714,1715
3426,1715,1714
3427,1715,1716
3428,1716,1715
3429,1716,1717
3430,1717,1716
3431,1717,1718
3432,1718,1717
3433,1718,1719
3434,1719,1718
3435,1719,1720
3436,1720,1719
3437,1720,1721
3438,1721,1720
3439,1721,1722
3440,1722,1721
3441,1722,1723
3442,1723,1722
3443,1723,1724
3444,1724,1723
3445,1724,1725
3446,1725,1724
3447,1725,1726
3448,1726,1725
3449,1726,1727
3450,1727,1726
3451,1727,1728
3452,1728,1727
3453,1728,1729
3454,1729,1728
3455,1729,1730
3456,1730,1729
3457,1730,1731
3458,1731,1730
3459,1731,1732
3460,1732,1731
3461,1732,1733
3462,1733,1732
3463,1733,1734
3464,1734,1733
3465,1734,1735
3466,1735,1734
3467,1735,1736
3468,1736,1735
3469,1736,1737
3470,1737,1736
3471,1737,1738
3472,1738,1737
3473,1738,1739
3474,1739,1738
3475,1739,1740
3476,1740,1739
3477,1740,1741
3478,1741,1740
3479,1741,1742
3480,1742,1741
3481,1742,1743
3482,1743,1742
3483,1743,1744
3484,1744,1743
3485,1744,1745
3486,1745,1744
3487,1745,1746
3488,1746,1745
3489,1746,1747
3490,1747,1746
3491,1747,1748
3492,1748,1747
3493,1748,1749
3494,1749,1748
3495,1749,1750
3496,1750,1749
3497,1750,1751
3498,1751,1750
3499,1751,1752
3500,1752,1751
3501,1752,1753
3502,1753,1752
3503,1753,1754
3504,1754,1753
3505,1754,1755
3506,1755,1754
3507,1755,1756
3508,1756,1755
3509,1756,1757
3510,1757,1756
3511,1757,1758
3512,1758,1757
3513,1758,1759
3514,1759,1758
3515,1759,1760
3516,1760,1759
3517,1760,1761
3518,1761,1760
3519,1761,1762
3520,1762,1761
3521,1762,1763
3522,1763,1762
3523,1763,1764
3524,1764,1763
3525,1764,1765
3526,1765,1764
3527,1765,1766
3528,1766,1765
3529,1766,1767
3530,1767,1766
3531,1767,1768
3532,1768,1767
3533,1768,1769
3534,1769,1768
3535,1769,1770
3536,1770,1769
3537,1770,1771
3538,1771,1770
3539,1771,1772
3540,1772,1771
3541,1772,1773
3542,1773,1772
3543,1773,1774
3544,1774,1773
3545,1774,1775
3546,1775,1774
3547,1775,1776
3548,1776,1775
3549,1776,1777
3550,1777,1776
3551,1777,1778
3552,1778,1777
3553,1778,1779
3554,1779,1778
3555,1779,1780
3556,1780,1779
3557,1780,1781
3558,1781,1780
3559,1781,1782
3560,1782,1781
3561,1782,1783
3562,1783,1782
3563,1783,1784
3564,1784,1783
3565,1784,1785
3566,1785,1784
3567,1785,1786
3568,1786,1785
3569,1786,1787
3570,1787,1786
3571,1787,1788
3572,1788,1787
3573,1788,1789
3574,1789,1788
3575,1789,1790
3576,1790,1789
3577,1790,1791
3578,1791,1790
3579,1791,1792
3580,1792,1791
3581,1792,1793
3582,1793,1792
3583,1793,1794
3584,1794,1793
3585,1794,1795
3586,1795,1794
3587,1795,1796
3588,1796,1795
3589,1796,1797
3590,1797,1796
3591,1797,1798
3592,1798,1797
3593,1798,1799
3594,1799,1798
3595,1799,1800
3596,1800,1799
3597,1800,1801
3598,1801,1800
3599,1801,1802
3600,1802,1801
3601,1802,1803
3602,1803,1802
3603,1803,1804
3604,1804,1803
3605,1804,1805
3606,1805,1804
3607,1805,1806
3608,1806,1805
3609,1806,1807
3610,1807,1806
3611,1807,1808
3612,1808,1807
3613,1808,1809
3614,1809,1808
3615,1809,1810
3616,1810,1809
3617,1810,1811
3618,1811,1810
3619,1811,1812
3620,1812,1811
3621,1812,1813
3622,1813,1812
3623,1813,1814
3624,1814,1813
3625,1814,1815
3626,1815,1814
3627,1815,1816
3628,1816,1815
3629,1816,1817
3630,1817,1816
3631,1817,1818
3632,1818,1817
3633,1818,1819
3634,1819,1818
3635,1819,1820
3636,1820,1819
3637,1820,1821
3638,1821,1820
3639,1821,1822
3640,1822,1821
3641,1822,1823
3642,1823,1822
3643,1823,1824
3644,1824,1823
3645,1824,1825
3646,1825,1824
3647,1825,1826
3648,1826,1825
3649,1826,1827
3650,1827,1826
3651,1827,1828
3652,1828,1827
3653,1828,1829
3654,1829,1828
3655,1829,1830
3656,1830,1829
3657,1830,1831
3658,1831,1830
3659,1831,1832
3660,1832,1831
3661,1832,1833
3662,1833,1832
3663,1833,1834
3664,1834,1833
3665,1834,1835
3666,1835,1834
3667,1835,1836
3668,1836,1835
3669,1836,1837
3670,1837,1836
3671,1837,1838
3672,1838,1837
3673,1838,1839
3674,1839,1838
3675,1839,1840
3676,1840,1839
3677,1840,1841
3678,1841,1840
3679,1841,1028
3680,1842,1843
3681,1843,1842
3682,1843,1844
3683,1844,1843
3684,1844,1845
3685,1845,1844
3686,1845,1846
3687,1846,1845
3688,1846,1847
3689,1847,1846
3690,1847,1848
3691,1848,1847
3692,1848,1849
3693,1849,1848
3694,1849,1850
3695,1850,1849
3696,1850,1851
3697,1851,1850
3698,1851,1852
3699,1852,1851
3700,1852,1853
3701,1853,1852
3702,1853,1854
3703,1854,1853
3704,1854,1855
3705,1855,1854
3706,1855,1856
3707,1856,1855
3708,1856,1857
3709,1857,1856
3710,1857,1858
3711,1858,1857
3712,1858,1859
3713,1859,1858
3714,1859,1860
3715,1860,1859
3716,1860,1861
3717,1861,1860
3718,1861,1862
3719,1862,1861
3720,1862,1863
3721,1863,1862
3722,1863,1864
3723,1864,1863
3724,1864,1865
3725,1865,1864
3726,1865,1866
3727,1866,1865
3728,1866,1867
3729,1867,1866
3730,1867,1868
3731,1868,1867
3732,1868,1869
3733,1869,1868
3734,1869,1870
3735,1870,1869
3736,1870,1871
3737,1871,1870
3738,1871,1872
3739,1872,1871
3740,1872,1873
3741,1873,1872
3742,1873,1874
3743,1874,1873
3744,1874,1875
3745,1875,1874
3746,1875,1876
3747,1876,1875
3748,1876,1877
3749,1877,1876
3750,1877,1878
3751,1878,1877
3752,1878,1879
3753,1879,1878
3754,1879,1880
3755,1880,1879
3756,1880,1881
3757,1881,1880
3758,1881,1882
3759,1882,1881
3760,1882,1883
3761,1883,1882
3762,1883,1884
3763,1884,1883
3764,1884,1885
3765,1885,1884
3766,1885,1886
3767,1886,1885
3768,1886,1887
3769,1887,1886
3770,1887,1888
3771,1888,1887
3772,1888,1889
3773,1889,1888
3774,1889,1890
3775,1890,1889
3776,1890,1891
3777,1891,1890
3778,1891,1892
3779,1892,1891
3780,1892,1893
3781,1893,1892
3782,1893,1894
3783,1894,1893
3784,1894,1895
3785,1895,1894
3786,1895,1896
3787,1896,1895
3788,1896,1897
3789,1897,1896
3790,1897,1898
3791,1898,1897
3792,1898,1899
3793,1899,1898
3794,1899,1900
3795,1900,1899
3796,1900,1901
3797,1901,1900
3798,1901,1902
3799,1902,1901
3800,1902,1903
3801,1903,1902
3802,1903,1904
3803,1904,1903
3804,1904,1905
3805,1905,1904
3806,1905,1906
3807,1906,1905
3808,1906,1907
3809,1907,1906
3810,1907,1908
3811,1908,1907
3812,1908,1909
3813,1909,1908
3814,1909,1910
3815,1910,1909
3816,1910,1911
3817,1911,1910
3818,1911,1912
3819,1912,1911
3820,1912,1913
3821,1913,1912
3822,1913,1914
3823,1914,1913
3824,1914,1915
3825,1915,1914
3826,1915,1916
3827,1916,1915
3828,1916,1917
3829,1917,1916
3830,1917,1918
3831,1918,1917
3832,1918,1919
3833,1919,1918
3834,1919,1920
3835,1920,1919
3836,1920,1921
3837,1921,1920
3838,1921,1922
3839,1922,1921
3840,1922,1923
3841,1923,1922
3842,1923,1924
3843,1924,1923
3844,1924,1925
3845,1925,1924
3846,1925,1926
3847,1926,1925
3848,1926,1927
3849,1927,1926
3850,1927,1928
3851,1928,1927
3852,1928,1929
3853,1929,1928
3854,1929,1930
3855,1930,1929
3856,1930,1931
3857,1931,1930
3858,1931,1932
3859,1932,1931
3860,1932,1933
3861,1933,1932
3862,1933,1934
3863,1934,1933
3864,1934,1935
3865,1935,1934
3866,1935,1936
3867,1936,1935
3868,1936,1937
3869,1937,1936
3870,1937,1938
3871,1938,1937
3872,1938,1939
3873,1939,1938
3874,1940,1941
3875,1941,1940
3876,1941,1942
3877,1942,1941
3878,1942,1943
3879,1943,1942
3880,1943,1944
3881,1944,1943
3882,1944,1945
3883,1945,1944
3884,1945,1946
3885,1946,1945
3886,1946,1947
3887,1947,1946
3888,1947,1948
3889,1948,1947
3890,1948,1949
3891,1949,1948
3892,1949,1950
3893,1950,1949
3894,1950,1951
3895,1951,1950
3896,1951,1952
3897,1952,1951
3898,1952,1953
3899,1953,1952
3900,1953,1954
3901,1954,1953
3902,1955,1956
3903,1956,1955
3904,1956,1957
3905,1957,1956
3906,1957,1958
3907,1958,1957
3908,1958,1959
3909,1959,1958
