0,534744.188318,5079065.76367,0.0
1,534750.823779,5079045.24597,0.0
2,534764.384828,5079063.21036,0.0
3,534764.802889,5079085.54533,0.0
4,534781.01539,5079101.30248,0.0
5,534816.033867,5079113.27655,0.0
6,534840.763811,5079132.74827,0.0
7,534860.330545,5079145.52459,0.0
8,534877.920423,5079164.73409,0.0
9,534892.635752,5079184.37188,0.0
10,534901.903847,5079206.42339,0.0
11,534905.189553,5079229.44119,0.0
12,534911.258877,5079254.3635,0.0
13,534927.680871,5079274.1221,0.0
14,534950.540081,5079294.80592,0.0
15,534972.841045,5079290.59855,0.0
16,534992.722872,5079274.93351,0.0
17,535012.121107,5079248.71057,0.0
18,535041.726018,5079243.21143,0.0
19,535037.458566,5079256.63133,0.0
20,535039.210555,5079289.97354,0.0
21,535051.204033,5079310.37409,0.0
22,535065.773078,5079287.1239,0.0
23,535091.227572,5079288.04576,0.0
24,535111.776979,5079291.60651,0.0
25,535133.182555,5079281.06151,0.0
26,535154.622874,5079264.40585,0.0
27,535179.634417,5079247.65943,0.0
28,535197.755632,5079255.09545,0.0
29,535220.622411,5079233.33716,0.0
30,535224.711735,5079210.36111,0.0
31,535249.023724,5079207.49945,0.0
32,535269.193603,5079195.94791,0.0
33,535295.803254,5079198.5438,0.0
34,535309.65084,5079179.51216,0.0
35,535323.291618,5079155.92396,0.0
36,535326.640979,5079140.27686,0.0
37,535343.036329,5079123.7042,0.0
38,535363.454103,5079109.5989,0.0
39,535382.358061,5079115.92884,0.0
40,535403.362359,5079135.04824,0.0
41,535422.049715,5079124.93312,0.0
42,535445.844215,5079117.62497,0.0
43,535463.691899,5079118.61595,0.0
44,535480.159591,5079130.15432,0.0
45,535493.015334,5079135.3389,0.0
46,535502.897926,5079144.61746,0.0
47,535525.020926,5079158.07718,0.0
48,535547.127398,5079160.87055,0.0
49,535559.319509,5079159.94053,0.0
50,535593.882845,5079156.2502,0.0
51,535619.358898,5079153.50779,0.0
52,535630.22638,5079153.45916,0.0
53,535614.312368,5079180.70019,0.0
54,535605.810294,5079187.87334,0.0
55,535579.142659,5079195.3866,0.0
56,535569.099732,5079200.55101,0.0
57,535579.334267,5079229.6089,0.0
58,535591.916658,5079241.79191,0.0
59,535617.312233,5079266.49266,0.0
60,535625.107664,5079274.20391,0.0
61,535648.609174,5079290.78304,0.0
62,535622.495475,5079296.52157,0.0
63,535605.255498,5079284.42283,0.0
64,535591.344367,5079260.34362,0.0
65,535586.84142,5079246.98482,0.0
66,535574.364277,5079216.46964,0.0
67,535566.477425,5079184.092,0.0
68,535556.997278,5079158.81613,0.0
69,535548.773641,5079130.992,0.0
70,535553.264462,5079105.90741,0.0
71,535558.205743,5079083.49199,0.0
72,535568.962928,5079062.10993,0.0
73,535586.136409,5079058.8753,0.0
74,535603.521708,5079059.30848,0.0
75,535623.76656,5079075.42436,0.0
76,535648.720346,5079082.56765,0.0
77,535654.132464,5079072.82131,0.0
78,535665.257891,5079068.44102,0.0
79,535666.597035,5079051.56034,0.0
80,535655.754411,5079020.27666,0.0
81,535658.99483,5078996.74046,0.0
82,535669.947006,5078982.02616,0.0
83,535694.736089,5078977.39126,0.0
84,535714.900513,5078967.06331,0.0
85,535740.093183,5078959.76434,0.0
86,535760.917278,5078969.66196,0.0
87,535774.430681,5078981.96182,0.0
88,535790.964313,5078955.1692,0.0
89,535806.825686,5078950.70541,0.0
90,535820.901025,5078959.78649,0.0
91,535846.416557,5078950.37876,0.0
92,535865.128168,5078949.70928,0.0
93,535881.835743,5078946.58387,0.0
94,535900.570543,5078941.91474,0.0
95,535922.352636,5078933.81899,0.0
96,535938.002858,5078939.02069,0.0
97,535963.127964,5078930.05561,0.0
98,535981.772352,5078927.60836,0.0
99,535994.053406,5078911.45794,0.0
100,536017.331375,5078913.1487,0.0
101,536033.976462,5078920.8008,0.0
102,536046.442067,5078912.98464,0.0
103,536066.666843,5078919.10214,0.0
104,536073.478922,5078909.03098,0.0
105,536077.968135,5078884.61339,0.0
106,536077.367838,5078867.7215,0.0
107,536082.034983,5078839.41618,0.0
108,536087.341915,5078821.22539,0.0
109,536097.307655,5078802.83954,0.0
110,536112.727919,5078780.93002,0.0
111,536121.927907,5078760.76202,0.0
112,536142.831911,5078743.66218,0.0
113,536159.581194,5078720.20503,0.0
114,536156.436133,5078713.74243,0.0
115,536163.165291,5078691.33791,0.0
116,536186.525788,5078679.03019,0.0
117,536195.681389,5078666.52847,0.0
118,536215.661901,5078661.42313,0.0
119,536236.611314,5078663.21221,0.0
120,536258.167152,5078654.22744,0.0
121,536276.582631,5078638.00236,0.0
122,536288.947202,5078621.07524,0.0
123,536302.410336,5078602.15465,0.0
124,536323.430254,5078591.94478,0.0
125,536346.351184,5078588.52371,0.0
126,536368.116813,5078570.3186,0.0
127,536388.578551,5078562.66116,0.0
128,536409.600706,5078552.11827,0.0
129,536429.273869,5078546.56738,0.0
130,536437.723113,5078522.28443,0.0
131,536446.325719,5078498.33572,0.0
132,536454.140339,5078476.38232,0.0
133,536452.402056,5078455.1505,0.0
134,536453.864863,5078430.82649,0.0
135,536441.904815,5078418.42319,0.0
136,536422.392504,5078396.53136,0.0
137,536412.542043,5078381.80725,0.0
138,536403.879482,5078363.09025,0.0
139,536393.619898,5078338.69739,0.0
140,536403.111078,5078322.08696,0.0
141,536414.768142,5078306.82256,0.0
142,536398.146644,5078294.9475,0.0
143,536379.539276,5078277.50544,0.0
144,536366.427345,5078262.87338,0.0
145,536365.324737,5078239.08984,0.0
146,536365.163482,5078213.64521,0.0
147,536342.45559,5078193.73485,0.0
148,536321.630425,5078183.72419,0.0
149,536306.703781,5078160.74854,0.0
150,536299.622726,5078150.26294,0.0
151,536291.230768,5078124.99234,0.0
152,536302.082101,5078101.50104,0.0
153,536285.63136,5078086.8496,0.0
154,536266.295087,5078074.40348,0.0
155,536251.21951,5078063.53785,0.0
156,536227.37512,5078051.95435,0.0
157,536223.475139,5078028.48783,0.0
158,536216.863754,5078004.0055,0.0
159,536197.919151,5077990.89525,0.0
160,536185.361947,5077974.15577,0.0
161,536175.220446,5077955.87492,0.0
162,536163.997173,5077936.69891,0.0
163,536143.811921,5077936.58118,0.0
164,536134.783691,5077913.75148,0.0
165,536137.541839,5077893.43485,0.0
166,536129.833987,5077870.50174,0.0
167,536134.285894,5077852.63936,0.0
168,536132.090845,5077829.62727,0.0
169,536110.509722,5077829.1682,0.0
170,536084.865607,5077833.12986,0.0
171,536073.636114,5077841.61979,0.0
172,536056.394378,5077855.96347,0.0
173,536044.936044,5077877.1184,0.0
174,536031.976224,5077902.82003,0.0
175,536027.136467,5077920.68023,0.0
176,536027.000219,5077944.12315,0.0
177,536019.514452,5077963.07906,0.0
178,536021.012439,5077985.86484,0.0
179,536034.045687,5078014.27304,0.0
180,536040.446195,5078035.08739,0.0
181,536046.450735,5078057.23273,0.0
182,536047.955702,5078078.79638,0.0
183,536046.822409,5078100.12246,0.0
184,536044.78024,5078130.88742,0.0
185,536037.679569,5078150.40108,0.0
186,536016.70852,5078165.38984,0.0
187,536007.444592,5078183.11325,0.0
188,535998.652964,5078199.72834,0.0
189,535986.27418,5078219.1003,0.0
190,535974.917583,5078236.25607,0.0
191,535950.919986,5078251.11638,0.0
192,535935.941923,5078263.58469,0.0
193,535920.826043,5078273.05233,0.0
194,535898.299437,5078275.25508,0.0
195,535892.097078,5078287.21879,0.0
196,535862.598517,5078286.82583,0.0
197,535866.445196,5078306.29193,0.0
198,535866.126153,5078321.17852,0.0
199,535863.740499,5078344.38622,0.0
200,535868.040869,5078352.52197,0.0
201,535882.939064,5078380.60734,0.0
202,535889.836338,5078396.09125,0.0
203,535905.197779,5078411.17976,0.0
204,535879.111265,5078438.36119,0.0
205,535868.59899,5078457.29977,0.0
206,535847.754692,5078450.62381,0.0
207,535823.693516,5078449.81805,0.0
208,535801.34531,5078448.13341,0.0
209,535778.603839,5078460.77947,0.0
210,535760.86911,5078453.34401,0.0
211,535751.387943,5078428.17897,0.0
212,535744.116311,5078410.24869,0.0
213,535721.044944,5078412.78227,0.0
214,535695.926434,5078420.30398,0.0
215,535679.036862,5078400.87399,0.0
216,535665.010076,5078423.57034,0.0
217,535657.833935,5078442.97289,0.0
218,535652.795658,5078468.60978,0.0
219,535635.712524,5078482.84442,0.0
220,535625.187659,5078504.11659,0.0
221,535612.572012,5078524.4879,0.0
222,535602.344003,5078534.65104,0.0
223,535581.447832,5078550.53054,0.0
224,535568.198648,5078573.12046,0.0
225,535556.198609,5078594.49538,0.0
226,535535.339069,5078604.04211,0.0
227,535522.944061,5078626.63702,0.0
228,535531.300291,5078645.01769,0.0
229,535519.275681,5078670.72575,0.0
230,535504.756343,5078684.75322,0.0
231,535491.536988,5078702.23252,0.0
232,535469.754078,5078723.99602,0.0
233,535462.275374,5078742.17488,0.0
234,535443.597076,5078764.06735,0.0
235,535433.46019,5078785.56428,0.0
236,535430.844069,5078808.65972,0.0
237,535422.274391,5078827.61015,0.0
238,535423.593021,5078854.95018,0.0
239,535423.875856,5078886.95081,0.0
240,535417.021638,5078904.57776,0.0
241,535408.903267,5078926.08626,0.0
242,535397.556524,5078942.02095,0.0
243,535372.602142,5078948.43381,0.0
244,535361.355345,5078960.48036,0.0
245,535336.575658,5078977.11627,0.0
246,535320.86235,5078982.9154,0.0
247,535292.660733,5078987.08792,0.0
248,535272.72853,5079011.30701,0.0
249,535254.660794,5079021.64832,0.0
250,535241.522371,5079038.79528,0.0
251,535227.366729,5079057.38088,0.0
252,535205.67686,5079076.81257,0.0
253,535194.005915,5079095.30126,0.0
254,535171.519265,5079118.39509,0.0
255,535144.739601,5079132.0205,0.0
256,535121.68504,5079132.112,0.0
257,535098.012664,5079131.64455,0.0
258,535076.954855,5079135.52519,0.0
259,535050.655024,5079146.70935,0.0
260,535041.541739,5079165.99054,0.0
261,535014.944179,5079174.95102,0.0
262,535001.172605,5079194.42816,0.0
263,534993.42783,5079218.82811,0.0
264,534979.668336,5079236.19433,0.0
265,534967.220291,5079255.01237,0.0
266,534959.558356,5079278.52397,0.0
267,534944.380102,5079285.99367,0.0
268,534930.997808,5079277.80735,0.0
269,534917.828943,5079259.28925,0.0
270,534908.683674,5079229.23866,0.0
271,534900.00781,5079212.30142,0.0
272,534896.013485,5079191.05736,0.0
273,534882.073131,5079171.64614,0.0
274,534864.83263,5079159.32727,0.0
275,534846.352634,5079146.55705,0.0
276,534829.544433,5079126.35206,0.0
277,534812.415652,5079107.92305,0.0
278,534784.906414,5079099.5466,0.0
279,534765.450988,5079094.54868,0.0
280,534759.959786,5079063.29664,0.0
281,534772.795681,5079044.48036,0.0
282,534771.683102,5079035.25219,0.0
283,536406.4948614583,5078423.782630208,0.0
284,536394.514895,5078424.25566,0.0
285,536405.531105,5078425.54254,0.0
286,536407.5212409324,5078424.934176274,0.0
287,536429.9166249871,5078404.973044717,0.0
288,534847.7306752633,5079100.050526368,0.0
289,534858.974902,5079096.74071,0.0
290,534939.219377,5079086.19299,0.0
291,534917.003474,5079075.17922,0.0
292,534911.196907,5079086.25727,0.0
293,534870.878512,5079105.6963,0.0
294,534852.1964215355,5079103.56673979,0.0
295,534833.6375937592,5079127.137270365,0.0
296,534772.1479626985,5079005.255791808,0.0
297,534777.021254,5078996.95002,0.0
298,534778.673769,5078992.95942,0.0
299,534796.332078,5078986.28099,0.0
300,534806.347856,5078985.89281,0.0
301,534816.193004,5079002.05872,0.0
302,534814.665346,5079025.27162,0.0
303,534802.1493520505,5079037.31752647,0.0
304,534772.365036351,5079040.908423059,0.0
305,534995.4296496738,5079310.993991324,0.0
306,534996.778543,5079312.73303,0.0
307,535014.177122,5079338.16388,0.0
308,535024.553804,5079356.22198,0.0
309,535032.748968,5079375.71216,0.0
310,535049.055551,5079402.0258,0.0
311,535065.893091,5079416.78729,0.0
312,535083.683341,5079427.77655,0.0
313,535109.505371,5079445.92227,0.0
314,535132.11915,5079468.60533,0.0
315,535141.026338,5079499.32158,0.0
316,535149.369869,5079519.92385,0.0
317,535159.041632,5079538.97815,0.0
318,535172.770805,5079567.9441,0.0
319,535183.626211,5079597.22708,0.0
320,535197.194248,5079613.52588,0.0
321,535227.407685,5079623.58619,0.0
322,535247.017578,5079628.36425,0.0
323,535278.609774,5079627.98852,0.0
324,535306.807575,5079637.59331,0.0
325,535324.594865,5079648.9166,0.0
326,535344.560351,5079659.36349,0.0
327,535361.412973,5079671.23709,0.0
328,535391.394932,5079680.96356,0.0
329,535408.715627,5079692.39553,0.0
330,535423.226931,5079706.47807,0.0
331,535448.261776,5079726.17624,0.0
332,535467.773214,5079734.5099,0.0
333,535486.423857,5079744.06087,0.0
334,535515.122705,5079760.8915,0.0
335,535525.894941,5079763.73096,0.0
336,535543.748885,5079776.83299,0.0
337,535567.389234,5079795.96811,0.0
338,535597.477252,5079800.58524,0.0
339,535627.343891,5079803.2013,0.0
340,535648.170803,5079798.65457,0.0
341,535668.375568,5079794.32655,0.0
342,535700.362072,5079792.73306,0.0
343,535717.374005,5079803.71969,0.0
344,535753.26676,5079811.14875,0.0
345,535759.895865,5079819.07567,0.0
346,535775.494568,5079832.83201,0.0
347,535803.590601,5079846.32727,0.0
348,535824.318691,5079845.44713,0.0
349,535852.296632,5079852.49767,0.0
350,535869.86428,5079861.26579,0.0
351,535891.471899,5079882.72366,0.0
352,535909.653211,5079892.71763,0.0
353,535920.091714,5079912.8887,0.0
354,535935.924592,5079926.31348,0.0
355,535946.818299,5079948.26495,0.0
356,535952.38866,5079978.07422,0.0
357,535957.63196,5079983.99338,0.0
358,535965.18226,5079993.5925,0.0
359,535985.162994,5080001.04166,0.0
360,536004.962511,5079999.60119,0.0
361,536035.942366,5079997.44806,0.0
362,536063.991824,5080005.38885,0.0
363,536093.522983,5079998.78325,0.0
364,536118.094704,5080017.48151,0.0
365,536138.355325,5080016.82191,0.0
366,536167.478126,5080026.9916,0.0
367,536195.367233,5080049.04278,0.0
368,536225.835783,5080054.66517,0.0
369,536238.400001,5080056.18306,0.0
370,536260.420375,5080073.08924,0.0
371,536274.223875,5080088.28075,0.0
372,536277.648124,5080113.18902,0.0
373,536272.637142,5080133.93689,0.0
374,536280.433087,5080127.9827,0.0
375,536296.268915,5080114.18696,0.0
376,536299.194325,5080091.76027,0.0
377,536296.69118,5080081.85698,0.0
378,536314.605461,5080044.51854,0.0
379,536323.388159,5080015.90415,0.0
380,536308.255717,5080028.81508,0.0
381,536305.143124,5080056.68497,0.0
382,536298.508732,5080076.31222,0.0
383,536292.505814,5080107.38732,0.0
384,536275.352871,5080094.2872,0.0
385,536264.126087,5080076.44417,0.0
386,536245.154588,5080055.77815,0.0
387,536224.522276,5080053.65752,0.0
388,536204.128623,5080050.53838,0.0
389,536173.71234,5080049.24961,0.0
390,536149.984242,5080032.33378,0.0
391,536127.639882,5080030.98124,0.0
392,536101.591071,5080012.71877,0.0
393,536081.207579,5080007.82237,0.0
394,536061.136435,5080002.59453,0.0
395,536031.170044,5080003.97568,0.0
396,536008.425242,5080004.73229,0.0
397,535987.459013,5080006.6104,0.0
398,535967.963956,5079995.7197,0.0
399,535954.452303,5079970.19753,0.0
400,535945.632224,5079952.03574,0.0
401,535928.467813,5079940.71427,0.0
402,535917.641332,5079920.54094,0.0
403,535902.05733,5079904.33995,0.0
404,535889.792131,5079877.93629,0.0
405,535869.204791,5079867.92845,0.0
406,535850.31648,5079859.37491,0.0
407,535819.904986,5079857.08794,0.0
408,535791.603104,5079852.36894,0.0
409,535775.463771,5079838.16501,0.0
410,535755.101877,5079815.93698,0.0
411,535739.030363,5079803.40016,0.0
412,535719.658068,5079797.95525,0.0
413,535709.054009,5079792.89426,0.0
414,535689.224943,5079785.89131,0.0
415,535664.403271,5079796.74805,0.0
416,535646.11389,5079805.42032,0.0
417,535614.814481,5079809.01797,0.0
418,535595.306025,5079800.23944,0.0
419,535572.047883,5079795.66154,0.0
420,535554.970177,5079782.56388,0.0
421,535524.448221,5079772.38908,0.0
422,535497.916243,5079756.68189,0.0
423,535481.152543,5079742.9196,0.0
424,535464.92252,5079730.82702,0.0
425,535445.898359,5079718.71849,0.0
426,535429.439812,5079705.84695,0.0
427,535399.330737,5079691.23082,0.0
428,535376.832957,5079689.32459,0.0
429,535337.240226,5079677.2101,0.0
430,535322.591169,5079660.01595,0.0
431,535304.251113,5079650.35615,0.0
432,535274.992071,5079636.30101,0.0
433,535252.172222,5079636.39334,0.0
434,535232.489798,5079630.72599,0.0
435,535211.500524,5079622.82912,0.0
436,535183.399686,5079609.78097,0.0
437,535179.998489,5079579.98477,0.0
438,535165.69517,5079556.45983,0.0
439,535156.801502,5079537.07661,0.0
440,535144.780362,5079508.00928,0.0
441,535135.807049,5079488.95896,0.0
442,535122.148211,5079461.21569,0.0
443,535097.024831,5079443.07387,0.0
444,535078.77398,5079431.1931,0.0
445,535061.291056,5079420.76112,0.0
446,535043.3477,5079395.66037,0.0
447,535032.196223,5079377.37565,0.0
448,535018.073474,5079349.18556,0.0
449,535002.24174,5079321.20808,0.0
450,534993.908590162,5079312.192445476,0.0
451,534975.34200636,5079288.628023864,0.0
452,534954.2039180581,5079294.1146889785,0.0
453,534965.7419536302,5079322.467125413,0.0
454,534965.431294,5079324.44458,0.0
455,534974.563119,5079343.0511,0.0
456,534980.025531,5079365.41459,0.0
457,534983.087412,5079386.76455,0.0
458,534984.355295,5079409.6599,0.0
459,534982.914735,5079431.09555,0.0
460,534982.331102,5079451.98051,0.0
461,534979.900827,5079483.7436,0.0
462,534953.41012,5079460.26147,0.0
463,534931.568531,5079479.47104,0.0
464,534932.375269,5079501.58602,0.0
465,534934.728048,5079524.8208,0.0
466,534935.922843,5079546.93797,0.0
467,534937.667198,5079567.94717,0.0
468,534942.37523,5079600.19496,0.0
469,534945.765022,5079632.21311,0.0
470,534946.039036,5079652.43627,0.0
471,534936.701472,5079670.38306,0.0
472,534919.171366,5079682.17276,0.0
473,534901.556202,5079695.29532,0.0
474,534891.754402,5079713.01735,0.0
475,534880.877382,5079742.51077,0.0
476,534882.946655,5079747.18894,0.0
477,534889.059895,5079736.66813,0.0
478,534895.692653,5079716.59498,0.0
479,534882.831338,5079698.74531,0.0
480,534852.153923,5079688.35075,0.0
481,534862.469648,5079689.63098,0.0
482,534871.117269,5079683.90204,0.0
483,534881.476113,5079663.73875,0.0
484,534902.16584,5079655.96662,0.0
485,534917.528989,5079670.6083,0.0
486,534944.577437,5079663.87212,0.0
487,534948.861445,5079633.67498,0.0
488,534943.066869,5079601.42105,0.0
489,534941.323797,5079580.18964,0.0
490,534939.030512,5079560.17732,0.0
491,534937.197337,5079527.3902,0.0
492,534940.652601,5079506.52143,0.0
493,534936.808841,5079486.16705,0.0
494,534940.236005,5079456.52061,0.0
495,534952.685453,5079437.3692,0.0
496,534967.667001,5079409.6768,0.0
497,534968.249332,5079389.01406,0.0
498,534963.222008,5079358.31996,0.0
499,534953.633867,5079338.04426,0.0
500,534951.4434897962,5079324.792314458,0.0
501,534975.645852617,5079242.275224888,0.0
502,534950.6247846169,5079225.723906024,0.0
503,534955.896372,5079212.17202,0.0
504,534964.526798,5079182.11054,0.0
505,534974.687275,5079142.28023,0.0
506,534993.522416,5079119.6095,0.0
507,535012.430699,5079111.49434,0.0
508,535025.226071,5079086.2341,0.0
509,535045.847486,5079063.46251,0.0
510,535061.824622,5079052.10881,0.0
511,535081.044316,5079043.88451,0.0
512,535099.501689,5079033.21159,0.0
513,535109.827517,5079005.49316,0.0
514,535097.9788,5078986.87106,0.0
515,535127.080571,5078960.81455,0.0
516,535132.562661,5078952.29034,0.0
517,535149.072149,5078929.27357,0.0
518,535158.168457,5078913.10345,0.0
519,535154.246126,5078892.97071,0.0
520,535163.884524,5078863.35966,0.0
521,535173.19549,5078836.74666,0.0
522,535185.55222,5078820.59509,0.0
523,535190.556123,5078800.62413,0.0
524,535204.570862,5078779.59327,0.0
525,535211.06173,5078757.51973,0.0
526,535192.801482,5078746.97189,0.0
527,535171.072054,5078745.84856,0.0
528,535144.0249,5078737.91759,0.0
529,535154.446776,5078720.75501,0.0
530,535148.079967,5078693.60864,0.0
531,535151.596972,5078675.74026,0.0
532,535151.195376,5078650.73877,0.0
533,535126.066235,5078633.04129,0.0
534,535109.296122,5078619.72446,0.0
535,535102.576333,5078600.02035,0.0
536,535084.948769,5078573.58804,0.0
537,535079.826056,5078546.00436,0.0
538,535068.076911,5078537.04927,0.0
539,535060.225157,5078511.56121,0.0
540,535056.360048,5078481.20698,0.0
541,535034.42643,5078502.3045,0.0
542,535014.580967,5078511.08096,0.0
543,534990.854455,5078492.28089,0.0
544,534979.856412,5078473.99717,0.0
545,534958.568112,5078449.5445,0.0
546,534947.712052,5078419.81757,0.0
547,534933.597917,5078403.4052,0.0
548,534917.688831,5078388.64935,0.0
549,534897.328484,5078378.53501,0.0
550,534865.102542,5078366.24293,0.0
551,534846.985194,5078357.58576,0.0
552,534815.624456,5078357.0762,0.0
553,534796.664931,5078346.30341,0.0
554,534779.72872,5078334.65317,0.0
555,534769.964037,5078303.93273,0.0
556,534765.908448,5078279.57744,0.0
557,534752.260545,5078262.94589,0.0
558,534735.084278,5078252.51662,0.0
559,534704.818556,5078250.45825,0.0
560,534677.863554,5078267.19572,0.0
561,534656.372717,5078264.74226,0.0
562,534623.65386,5078257.11521,0.0
563,534598.573206,5078244.08669,0.0
564,534569.848884,5078244.03753,0.0
565,534557.764786,5078225.3041,0.0
566,534560.210401,5078218.31797,0.0
567,534551.407644,5078223.71315,0.0
568,534546.226124,5078220.12883,0.0
569,534491.279844,5078258.59932,0.0
570,534486.725912,5078267.7959,0.0
571,534461.204973,5078264.09851,0.0
572,534448.40338,5078248.69453,0.0
573,534428.325194,5078243.47203,0.0
574,534403.579277,5078226.00188,0.0
575,534385.854006,5078202.45986,0.0
576,534369.925857,5078190.81635,0.0
577,534343.977526,5078180.11732,0.0
578,534324.759867,5078187.67728,0.0
579,534297.320446,5078179.85898,0.0
580,534272.069411,5078169.38632,0.0
581,534262.045097,5078142.99846,0.0
582,534241.405187,5078140.99559,0.0
583,534214.613611,5078156.40267,0.0
584,534195.157627,5078164.96168,0.0
585,534168.675576,5078180.59288,0.0
586,534163.193544,5078189.22903,0.0
587,534142.178268,5078213.11243,0.0
588,534125.882837,5078225.80003,0.0
589,534119.323193,5078246.87431,0.0
590,534102.865295,5078275.005,0.0
591,534090.276842,5078291.26853,0.0
592,534076.071701,5078319.18947,0.0
593,534063.246852,5078336.1184,0.0
594,534048.192885,5078363.14587,0.0
595,534023.387583,5078384.67559,0.0
596,534009.100851,5078399.26335,0.0
597,533989.470548,5078411.48858,0.0
598,533967.942214,5078415.92596,0.0
599,533936.903824,5078413.31156,0.0
600,533921.700405,5078425.22793,0.0
601,533904.40592,5078436.24403,0.0
602,533884.969347,5078455.69263,0.0
603,533866.242562,5078458.92349,0.0
604,533846.943877,5078467.37333,0.0
605,533819.998835,5078482.89237,0.0
606,533802.838134,5078497.90935,0.0
607,533785.850338,5078509.70521,0.0
608,533766.700061,5078533.71113,0.0
609,533746.239749,5078541.71052,0.0
610,533725.485908,5078546.59738,0.0
611,533697.691842,5078561.33458,0.0
612,533678.176524,5078566.89497,0.0
613,533650.615544,5078581.63365,0.0
614,533636.085204,5078598.44308,0.0
615,533621.412949,5078612.80742,0.0
616,533602.795049,5078624.70603,0.0
617,533578.704227,5078643.79702,0.0
618,533571.767766,5078663.20322,0.0
619,533564.742285,5078670.38714,0.0
620,533570.957775,5078698.08653,0.0
621,533586.745233,5078721.3935,0.0
622,533576.70201,5078741.11618,0.0
623,533561.647522,5078768.81147,0.0
624,533565.910871,5078798.61132,0.0
625,533564.922208,5078809.16116,0.0
626,533563.947388,5078831.48846,0.0
627,533552.831511,5078848.6499,0.0
628,533542.407693,5078867.03729,0.0
629,533517.467737,5078885.45727,0.0
630,533497.317001,5078893.90358,0.0
631,533466.14141,5078902.73483,0.0
632,533453.950603,5078917.77961,0.0
633,533430.863275,5078938.20987,0.0
634,533412.412144,5078948.22112,0.0
635,533385.088942,5078948.07386,0.0
636,533363.518796,5078946.29108,0.0
637,533352.587257,5078929.34393,0.0
638,533337.501663,5078905.37468,0.0
639,533330.540131,5078886.33789,0.0
640,533315.136681,5078863.70028,0.0
641,533299.919423,5078849.73008,0.0
642,533275.410467,5078831.37683,0.0
643,533256.911948,5078821.27787,0.0
644,533235.221561,5078841.82746,0.0
645,533227.677494,5078873.45258,0.0
646,536321.4687739677,5079985.965613611,0.0
647,536320.447838,5079974.66581,0.0
648,536319.870506,5079953.99632,0.0
649,536323.330873,5079933.01719,0.0
650,536339.230505,5079908.44444,0.0
651,536339.19911,5079887.33372,0.0
652,536362.992465,5079866.69613,0.0
653,536379.067844,5079851.90202,0.0
654,536397.892349,5079831.56871,0.0
655,536405.724214,5079793.17134,0.0
656,536408.249031,5079772.96451,0.0
657,536408.429893,5079742.18864,0.0
658,536397.201528,5079724.56759,0.0
659,536383.201852,5079703.04151,0.0
660,536366.335586,5079680.60976,0.0
661,536370.160186,5079650.52194,0.0
662,536369.877774,5079619.29892,0.0
663,536377.208128,5079600.23138,0.0
664,536367.831728,5079571.17714,0.0
665,536375.851545,5079540.4473,0.0
666,536376.522707,5079518.67407,0.0
667,536388.011215,5079492.07561,0.0
668,536413.421156,5079474.00318,0.0
669,536435.499745,5079441.68944,0.0
670,536447.938845,5079425.0964,0.0
671,536459.693185,5079406.16609,0.0
672,536463.937014,5079384.08057,0.0
673,536476.37979,5079353.71022,0.0
674,536502.099716,5079335.86218,0.0
675,536525.877368,5079318.33613,0.0
676,536548.318888,5079316.80185,0.0
677,536579.387863,5079313.31862,0.0
678,536599.778524,5079317.32781,0.0
679,536618.904943,5079325.10727,0.0
680,536640.135544,5079331.45483,0.0
681,536682.846573,5079328.15209,0.0
682,536699.834393,5079343.14116,0.0
683,536732.143243,5079339.99937,0.0
684,536760.695478,5079342.05754,0.0
685,536784.849408,5079326.64576,0.0
686,536806.632927,5079305.22015,0.0
687,536818.610225,5079288.18067,0.0
688,536833.292677,5079260.04649,0.0
689,536836.83011,5079239.51253,0.0
690,536843.879604,5079215.77732,0.0
691,536856.326197,5079198.18516,0.0
692,536875.999719,5079192.30237,0.0
693,536888.286346,5079162.48744,0.0
694,536891.589165,5079142.28544,0.0
695,536911.063601,5079117.73542,0.0
696,536917.856156,5079098.10976,0.0
697,536937.173603,5079073.89222,0.0
698,536954.7981,5079047.22026,0.0
699,536960.4272,5079027.4766,0.0
700,536972.404122,5079010.65963,0.0
701,536982.609718,5078991.49884,0.0
702,536999.538688,5078964.37842,0.0
703,537007.180892,5078945.53569,0.0
704,537016.911695,5078914.92799,0.0
705,536992.892881,5078907.34032,0.0
706,536979.872637,5078890.81863,0.0
707,536970.505212,5078860.54135,0.0
708,536945.701815,5078841.28285,0.0
709,536915.109896,5078842.43384,0.0
710,536896.120388,5078837.54311,0.0
711,536867.715534,5078823.37445,0.0
712,536841.911482,5078815.66565,0.0
713,536812.791943,5078804.15959,0.0
714,536801.517017,5078781.20439,0.0
715,536795.623223,5078754.05905,0.0
716,536783.693503,5078736.76649,0.0
717,536762.737885,5078736.08661,0.0
718,536735.828711,5078744.48235,0.0
719,536713.93766,5078744.46373,0.0
720,536686.970711,5078762.63684,0.0
721,536671.554181,5078757.32353,0.0
722,536673.75259,5078726.89296,0.0
723,536673.090686,5078694.44553,0.0
724,536659.221164,5078676.91953,0.0
725,536660.195326,5078656.59254,0.0
726,536657.115071,5078626.13076,0.0
727,536636.301061,5078614.56357,0.0
728,536618.517063,5078602.56992,0.0
729,536587.768562,5078590.61088,0.0
730,536573.877717,5078550.30784,0.0
731,536578.170354,5078520.11183,0.0
732,536583.171769,5078501.36412,0.0
733,536598.516655,5078466.34462,0.0
734,536602.514242,5078446.70214,0.0
735,536564.089086,5078446.25312,0.0
736,536576.202658,5078419.43649,0.0
737,536581.660086,5078402.35809,0.0
738,536573.405612,5078367.1993,0.0
739,536557.700413,5078357.9958,0.0
740,536532.484662,5078368.62458,0.0
741,536511.290309,5078368.72191,0.0
742,536495.700811,5078379.40755,0.0
743,536478.937109,5078391.75294,0.0
744,536465.6142935226,5078399.791625156,0.0
745,536444.0187236759,5078420.615442362,0.0
746,536444.7338332334,5078421.357054634,0.0
747,536466.32940308,5078400.533237428,0.0
748,536476.76151,5078392.07346,0.0
749,536495.439135,5078384.29476,0.0
750,536531.470886,5078369.39636,0.0
751,536555.096019,5078365.20245,0.0
752,536580.743761,5078373.46464,0.0
753,536588.107293,5078401.7295,0.0
754,536571.884519,5078427.63299,0.0
755,536578.98275,5078448.22983,0.0
756,536591.470355,5078476.41384,0.0
757,536595.935652,5078495.88408,0.0
758,536592.545366,5078517.86342,0.0
759,536577.166286,5078545.54961,0.0
760,536581.01801,5078576.90476,0.0
761,536587.656171,5078596.49893,0.0
762,536613.784425,5078602.09752,0.0
763,536645.5965,5078604.84103,0.0
764,536659.339965,5078630.58823,0.0
765,536659.985448,5078652.70253,0.0
766,536657.376533,5078673.7976,0.0
767,536662.844037,5078694.3849,0.0
768,536672.780931,5078720.55406,0.0
769,536670.58384,5078750.76242,0.0
770,536687.550934,5078769.52897,0.0
771,536709.256437,5078748.43589,0.0
772,536731.013295,5078744.89824,0.0
773,536750.24082,5078735.90138,0.0
774,536768.788226,5078723.78952,0.0
775,536789.098935,5078741.57622,0.0
776,536808.435789,5078766.46812,0.0
777,536822.01834,5078792.9925,0.0
778,536845.632502,5078803.4659,0.0
779,536871.759942,5078822.06522,0.0
780,536892.332431,5078821.85433,0.0
781,536912.540819,5078830.64109,0.0
782,536935.009526,5078837.88588,0.0
783,536960.383507,5078852.59231,0.0
784,536981.050202,5078875.60385,0.0
785,536994.22904,5078891.57096,0.0
786,537015.623289,5078909.69822,0.0
787,537002.278698,5078934.50672,0.0
788,536997.961014,5078955.59147,0.0
789,536989.397355,5078985.76173,0.0
790,536969.382822,5079009.64163,0.0
791,536959.097686,5079029.13529,0.0
792,536950.091771,5079055.41419,0.0
793,536931.241931,5079079.30116,0.0
794,536921.127495,5079096.24042,0.0
795,536902.173141,5079124.68228,0.0
796,536885.635532,5079138.36121,0.0
797,536882.411011,5079158.45257,0.0
798,536862.023881,5079179.88622,0.0
799,536840.462686,5079202.97957,0.0
800,536842.680625,5079234.65856,0.0
801,536835.647668,5079255.61616,0.0
802,536825.086913,5079282.44154,0.0
803,536798.442978,5079298.83835,0.0
804,536779.688101,5079306.94899,0.0
805,536760.77474,5079315.61429,0.0
806,536734.143634,5079329.9004,0.0
807,536709.157165,5079328.64123,0.0
808,536683.328726,5079312.26649,0.0
809,536653.375257,5079310.86704,0.0
810,536632.603848,5079318.74398,0.0
811,536602.558172,5079306.67786,0.0
812,536582.356384,5079310.11401,0.0
813,536561.367685,5079302.21257,0.0
814,536527.968803,5079305.90437,0.0
815,536507.772292,5079308.45193,0.0
816,536482.210745,5079325.74533,0.0
817,536476.349919,5079345.59916,0.0
818,536466.380623,5079364.53994,0.0
819,536459.514125,5079383.83233,0.0
820,536445.138905,5079412.85805,0.0
821,536432.683456,5079432.2287,0.0
822,536414.620751,5079454.78855,0.0
823,536396.709544,5079464.79413,0.0
824,536376.154866,5079488.78386,0.0
825,536374.314247,5079511.43909,0.0
826,536371.00351,5079533.30793,0.0
827,536372.126652,5079553.53618,0.0
828,536368.046313,5079574.28943,0.0
829,536368.865521,5079606.62667,0.0
830,536362.535711,5079627.1445,0.0
831,536366.542981,5079658.50048,0.0
832,536370.760223,5079680.52463,0.0
833,536386.908413,5079693.06355,0.0
834,536394.266585,5079722.10597,0.0
835,536397.743389,5079751.23671,0.0
836,536401.137976,5079781.14472,0.0
837,536394.657572,5079800.88388,0.0
838,536387.972388,5079829.06606,0.0
839,536370.357741,5079841.62894,0.0
840,536348.252162,5079865.60965,0.0
841,536339.834338,5079884.89307,0.0
842,536329.553251,5079904.27668,0.0
843,536317.504868,5079933.87189,0.0
844,536319.00637,5079955.76899,0.0
845,536320.123067,5079977.10828,0.0
846,536320.6816359538,5079986.026487223,0.0
847,535907.8963817079,5078363.636786727,0.0
848,535950.4872098075,5078289.873143002,0.0
849,535934.5627985849,5078264.448487111,0.0
850,535495.6956473704,5078696.733730177,0.0
851,535423.636212,5078670.84499,0.0
852,535389.181721,5078641.42684,0.0
853,535350.998903,5078612.32093,0.0
854,535329.815499,5078583.42326,0.0
855,535350.126327,5078547.5402,0.0
856,535349.928616,5078500.54055,0.0
857,535341.811168,5078467.38419,0.0
858,535297.797258,5078439.57868,0.0
859,535286.728429,5078392.96156,0.0
860,535288.704496,5078345.8632,0.0
861,535286.660052,5078309.51938,0.0
862,535234.694749,5078300.89069,0.0
863,535202.347295,5078337.37238,0.0
864,535166.948064,5078378.17012,0.0
865,535128.600005,5078418.84023,0.0
866,535090.784901,5078447.7362,0.0
867,535074.5507965505,5078457.351232953,0.0
868,534541.8513812236,5078190.449516907,0.0
869,534540.986299,5078185.21191,0.0
870,534512.546568,5078175.83157,0.0
871,534477.590559,5078165.52626,0.0
872,534460.553163,5078129.98826,0.0
873,534445.434797,5078098.34974,0.0
874,534418.637885,5078072.64619,0.0
875,534416.505132,5078023.30268,0.0
876,534425.458496,5078004.79747,0.0
877,534378.732311,5078016.75995,0.0
878,534338.472283,5078052.75779,0.0
879,534296.488623,5078077.63561,0.0
880,534261.385799718,5078112.793565975,0.0
881,534258.4882492077,5078142.653308121,0.0
882,533220.4174061313,5078902.560845564,0.0
883,533191.179027,5078948.58773,0.0
884,536815.3547324986,5079338.720957867,0.0
885,536823.673407,5079337.43163,0.0
886,536844.687107,5079328.00126,0.0
887,536861.780013,5079312.21447,0.0
888,536890.331453,5079301.38469,0.0
889,536900.823444,5079273.11461,0.0
890,536918.06129,5079259.10656,0.0
891,536946.697982,5079247.05536,0.0
892,536965.298687,5079238.83319,0.0
893,536982.907632,5079227.71635,0.0
894,537006.080715,5079207.74414,0.0
895,537024.600015,5079200.18831,0.0
896,537049.321751,5079180.89216,0.0
897,537069.932424,5079161.12708,0.0
898,537098.457659,5079154.85353,0.0
899,537107.647471,5079149.79758,0.0
900,537129.430192,5079154.70571,0.0
901,537151.187217,5079150.94734,0.0
902,537184.285809,5079158.70122,0.0
903,537195.643723,5079154.54728,0.0
904,537215.987609,5079153.44724,0.0
905,537228.542279,5079169.74444,0.0
906,537247.894718,5079191.52683,0.0
907,537266.70224,5079200.63967,0.0
908,537284.158081,5079215.07763,0.0
909,537315.061407,5079213.48593,0.0
910,537336.407487,5079213.5034,0.0
911,537341.459556,5079186.64567,0.0
912,537336.073053,5079165.9471,0.0
913,537332.555429,5079144.25982,0.0
914,537331.494226,5079114.25423,0.0
915,537329.895015,5079083.35653,0.0
916,537349.533934,5079070.47522,0.0
917,537366.928608,5079056.46936,0.0
918,537380.218239,5079028.10583,0.0
919,537386.154646,5078996.25361,0.0
920,537385.074896,5078969.35893,0.0
921,537391.873805,5078948.95606,0.0
922,537403.555645,5078929.80485,0.0
923,537398.079572,5078898.2171,0.0
924,537407.666351,5078878.94215,0.0
925,537415.391551,5078859.43376,0.0
926,537418.084633,5078837.67283,0.0
927,537417.288648,5078815.22419,0.0
928,537407.293513,5078786.38685,0.0
929,537395.758369,5078768.31772,0.0
930,537394.775812,5078725.31297,0.0
931,537414.991385,5078719.99069,0.0
932,537427.978599,5078703.29179,0.0
933,537452.9069,5078688.88723,0.0
934,537455.537995,5078664.57046,0.0
935,537459.155425,5078644.03733,0.0
936,537462.138036,5078612.94509,0.0
937,537478.438354,5078587.5999,0.0
938,537492.42845,5078572.01828,0.0
939,537511.573286,5078564.13434,0.0
940,537534.763997,5078541.94202,0.0
941,537554.00344,5078531.28109,0.0
942,537570.376761,5078519.60287,0.0
943,537587.947589,5078502.48765,0.0
944,537615.679122,5078486.87855,0.0
945,537632.457688,5078472.42525,0.0
946,537649.214734,5078461.52732,0.0
947,537662.902465,5078431.94462,0.0
948,537665.266493,5078400.62651,0.0
949,537661.515971,5078379.04875,0.0
950,537673.507514,5078360.34436,0.0
951,537681.463058,5078328.72692,0.0
952,537696.397302,5078311.26266,0.0
953,537706.172919,5078286.76724,0.0
954,537707.95999,5078261.00104,0.0
955,537739.13814,5078266.07955,0.0
956,537752.158398,5078282.49173,0.0
957,537769.325536,5078293.59601,0.0
958,537788.969087,5078318.71507,0.0
959,537809.456871,5078319.95109,0.0
960,537831.87796,5078322.42117,0.0
961,537849.494847,5078297.97384,0.0
962,537864.63513,5078272.28923,0.0
963,537873.998874,5078251.79145,0.0
964,537898.933427,5078236.83316,0.0
965,537914.064024,5078225.48155,0.0
966,537949.422593,5078207.14289,0.0
967,537970.889228,5078188.05265,0.0
968,537950.580955,5078208.14995,0.0
969,537987.781138,5078218.71088,0.0
970,537962.674525,5078198.33539,0.0
971,537933.512726,5078206.26774,0.0
972,537915.216272,5078227.48855,0.0
973,537899.226292,5078239.72376,0.0
974,537869.581331,5078250.54227,0.0
975,537866.254957,5078261.29943,0.0
976,537849.7071,5078288.64206,0.0
977,537833.317044,5078302.87493,0.0
978,537813.893713,5078330.75564,0.0
979,537788.066377,5078326.70934,0.0
980,537774.184918,5078311.51403,0.0
981,537758.29378,5078294.8621,0.0
982,537746.911943,5078277.12659,0.0
983,537732.567864,5078261.37301,0.0
984,537700.025345,5078263.61937,0.0
985,537689.050854,5078280.99659,0.0
986,537680.155581,5078301.16418,0.0
987,537667.783855,5078318.53294,0.0
988,537659.659608,5078339.59411,0.0
989,537655.643755,5078374.45764,0.0
990,537656.693455,5078406.12982,0.0
991,537653.547103,5078438.44316,0.0
992,537653.028685,5078459.88387,0.0
993,537626.162321,5078473.60922,0.0
994,537588.00419,5078493.15492,0.0
995,537568.782081,5078500.92704,0.0
996,537553.484741,5078514.38952,0.0
997,537535.764842,5078530.50395,0.0
998,537527.4239,5078549.00849,0.0
999,537499.762429,5078565.9517,0.0
1000,537471.728423,5078580.3373,0.0
1001,537470.588947,5078601.88538,0.0
1002,537457.61323,5078629.47285,0.0
1003,537448.72792,5078648.19642,0.0
1004,537446.908444,5078679.5179,0.0
1005,537433.318241,5078693.2132,0.0
1006,537415.919727,5078707.66329,0.0
1007,537400.522132,5078725.01432,0.0
1008,537384.678856,5078751.91799,0.0
1009,537398.819797,5078775.55822,0.0
1010,537407.492185,5078792.05456,0.0
1011,537417.304748,5078812.55769,0.0
1012,537415.15503,5078834.3219,0.0
1013,537415.566924,5078856.10157,0.0
1014,537401.498526,5078884.79365,0.0
1015,537398.333073,5078907.66282,0.0
1016,537390.773816,5078938.28304,0.0
1017,537380.483881,5078958.33153,0.0
1018,537379.424402,5078979.54679,0.0
1019,537374.333149,5079012.84852,0.0
1020,537373.275707,5079033.73047,0.0
1021,537364.625416,5079052.23336,0.0
1022,537340.814889,5079074.64478,0.0
1023,537322.958608,5079100.86984,0.0
1024,537327.263878,5079120.67302,0.0
1025,537328.599458,5079143.79155,0.0
1026,537330.406773,5079165.91296,0.0
1027,537335.235897,5079188.94144,0.0
1028,537340.084401,5079208.74791,0.0
1029,537312.445766,5079222.46994,0.0
1030,537292.056617,5079231.12474,0.0
1031,537259.683962,5079231.81885,0.0
1032,537240.639661,5079223.37126,0.0
1033,537222.230282,5079212.59426,0.0
1034,537195.244388,5079195.21045,0.0
1035,537173.69272,5079190.6368,0.0
1036,537142.87094,5079191.56305,0.0
1037,537114.214119,5079180.94718,0.0
1038,537089.250571,5079162.79819,0.0
1039,537057.929062,5079169.38839,0.0
1040,537030.710135,5079190.89174,0.0
1041,537015.17085,5079206.35403,0.0
1042,536988.457744,5079221.1941,0.0
1043,536961.899343,5079236.14632,0.0
1044,536943.753088,5079246.26005,0.0
1045,536926.363882,5079259.60047,0.0
1046,536909.755573,5079272.16783,0.0
1047,536895.8104,5079293.75086,0.0
1048,536884.997175,5079310.79712,0.0
1049,536864.466911,5079317.23032,0.0
1050,536839.137241,5079334.52364,0.0
1051,536812.192919,5079349.25198,0.0
1052,536799.0777556396,5079353.153864085,0.0
1053,536782.9408748355,5079327.863528423,0.0
1054,535062.4400029308,5079413.759963859,0.0
1055,535082.2168660138,5079391.201690729,0.0
1056,535069.360253,5079366.47511,0.0
1057,535065.685261,5079343.78834,0.0
1058,535062.7340210343,5079338.069926797,0.0
1059,535104.2919589261,5079020.352692716,0.0
1060,535132.4046366803,5079030.825388143,0.0
1061,535140.472631,5079022.11081,0.0
1062,535159.660921,5079005.77571,0.0
1063,535170.613778,5078990.72722,0.0
1064,535184.213423,5078974.36049,0.0
1065,535186.581816,5078953.70791,0.0
1066,535189.579411,5078931.61451,0.0
1067,535198.925098,5078898.89082,0.0
1068,535223.148092,5078884.58446,0.0
1069,535237.011219,5078876.55241,0.0
1070,535256.456346,5078869.77433,0.0
1071,535283.938532,5078855.70897,0.0
1072,535311.864429,5078845.53501,0.0
1073,535317.730821,5078824.12466,0.0
1074,535310.170082,5078802.30448,0.0
1075,535313.196672,5078775.21145,0.0
1076,535310.513587,5078755.64121,0.0
1077,535313.894138,5078734.55002,0.0
1078,535317.156815,5078706.90281,0.0
1079,535321.197681,5078678.92671,0.0
1080,535319.80852,5078650.25302,0.0
1081,535323.9445728427,5078626.157353035,0.0
1082,535348.1400046586,5078608.420919368,0.0
1083,535348.017444555,5078608.253727096,0.0
1084,535372.2128763709,5078590.517293429,0.0
1085,535388.026957,5078571.75575,0.0
1086,535412.553919,5078558.89625,0.0
1087,535426.377076,5078530.86501,0.0
1088,535439.361812,5078513.71756,0.0
1089,535452.441407,5078493.57078,0.0
1090,535456.990816,5078471.8197,0.0
1091,535468.31942,5078445.66312,0.0
1092,535474.917806,5078418.59062,0.0
1093,535478.456249,5078397.1671,0.0
1094,535497.971232,5078378.50165,0.0
1095,535525.604392,5078365.66039,0.0
1096,535539.273763,5078351.07254,0.0
1097,535551.409707,5078333.14271,0.0
1098,535564.913112,5078320.4428,0.0
1099,535576.148865,5078297.06357,0.0
1100,535587.081194,5078272.46043,0.0
1101,535576.817447,5078261.73518,0.0
1102,535559.304604,5078256.0793,0.0
1103,535543.220955,5078244.87629,0.0
1104,535547.188663,5078216.34439,0.0
1105,535564.316301,5078194.44333,0.0
1106,535568.10528,5078170.0214,0.0
1107,535570.393273,5078136.59114,0.0
1108,535576.301364,5078108.1815,0.0
1109,535581.156263,5078087.43224,0.0
1110,535588.812393,5078065.588,0.0
1111,535588.617315,5078045.47641,0.0
1112,535584.063404,5078013.7846,0.0
1113,535586.003174,5078000.46283,0.0
1114,535586.859434,5077973.02417,0.0
1115,535600.48407,5077952.88082,0.0
1116,535613.154188,5077936.7319,0.0
1117,535631.64386,5077921.17198,0.0
1118,535638.221125,5077897.98831,0.0
1119,535626.922289,5077878.14621,0.0
1120,535626.749667,5077854.14599,0.0
1121,535631.062739,5077833.17145,0.0
1122,535653.059208,5077815.4096,0.0
1123,535670.078705,5077799.06359,0.0
1124,535689.641778,5077785.95439,0.0
1125,535699.838937,5077767.90257,0.0
1126,535715.494491,5077745.77123,0.0
1127,535723.10412,5077732.14885,0.0
1128,535733.749361,5077717.21068,0.0
1129,535724.681992,5077687.3816,0.0
1130,535727.407344,5077659.06488,0.0
1131,535733.743987,5077637.32432,0.0
1132,535739.215247,5077631.02273,0.0
1133,535745.112511,5077618.16825,0.0
1134,535746.720913,5077595.06716,0.0
1135,535757.746851,5077568.0205,0.0
1136,535771.388372,5077558.65506,0.0
1137,535788.661682,5077538.8665,0.0
1138,535803.058547,5077533.17203,0.0
1139,535819.784049,5077514.15815,0.0
1140,535842.702313,5077498.40223,0.0
1141,535868.885345,5077495.44265,0.0
1142,535888.108358,5077487.66526,0.0
1143,535899.049975,5077488.72857,0.0
1144,535914.234413,5077481.15009,0.0
1145,535937.788056,5077476.39785,0.0
1146,535952.383656,5077463.26067,0.0
1147,535972.616216,5077455.4894,0.0
1148,535990.628821,5077442.26103,0.0
1149,536010.648578,5077431.0443,0.0
1150,536038.508317,5077420.20654,0.0
1151,536063.552355,5077412.90796,0.0
1152,536086.487179,5077407.81935,0.0
1153,536089.666561,5077381.83868,0.0
1154,536113.2712,5077368.42101,0.0
1155,536135.84515,5077371.99687,0.0
1156,536150.737543,5077387.97207,0.0
1157,536170.328442,5077410.41896,0.0
1158,536184.092505,5077406.83272,0.0
1159,536199.051908,5077384.69853,0.0
1160,536219.641045,5077369.15261,0.0
1161,536242.34418,5077350.6192,0.0
1162,536264.266469,5077332.85906,0.0
1163,536266.391123,5077314.76095,0.0
1164,536280.90078,5077289.95774,0.0
1165,536293.917105,5077268.25683,0.0
1166,536302.319985,5077252.08432,0.0
1167,536322.675585,5077236.75958,0.0
1168,536344.007305,5077213.88531,0.0
1169,536365.428657,5077202.23351,0.0
1170,536390.135305,5077186.49008,0.0
1171,536404.907407,5077170.02176,0.0
1172,536426.888209,5077155.70687,0.0
1173,536455.397129,5077153.65227,0.0
1174,536475.204684,5077139.21367,0.0
1175,536473.400791,5077115.87046,0.0
1176,536480.707633,5077088.13654,0.0
1177,536482.823839,5077071.59396,0.0
1178,536492.589313,5077048.31883,0.0
1179,536500.024795,5077025.14111,0.0
1180,536503.237943,5077006.93838,0.0
1181,536513.087782,5076982.5527,0.0
1182,536520.905111,5076960.48833,0.0
1183,536533.90397,5076942.00994,0.0
1184,536543.438852,5076918.40021,0.0
1185,536549.62378,5076896.65958,0.0
1186,536558.359128,5076916.48822,0.0
1187,536568.511743,5076932.99201,0.0
1188,536577.222729,5076956.93152,0.0
1189,536577.686617,5076983.60008,0.0
1190,536576.848192,5077007.26105,0.0
1191,536587.60277,5077026.99055,0.0
1192,536592.121277,5077050.79424,0.0
1193,536597.426049,5077072.93597,0.0
1194,536600.386969,5077097.50823,0.0
1195,536599.709003,5077120.28129,0.0
1196,536619.198983,5077133.39596,0.0
1197,536636.869372,5077139.05573,0.0
1198,536640.513635,5077153.07682,0.0
1199,536643.913783,5077168.98531,0.0
1200,536643.301487,5077193.7587,0.0
1201,536657.316597,5077213.5076,0.0
1202,536665.566875,5077236.44456,0.0
1203,536670.845587,5077262.9194,0.0
1204,536665.280412,5077284.88581,0.0
1205,536658.1762,5077304.50986,0.0
1206,536656.834057,5077321.39029,0.0
1207,536654.239778,5077339.92993,0.0
1208,536648.047673,5077362.89262,0.0
1209,536636.863341,5077376.60387,0.0
1210,536616.131661,5077389.81432,0.0
1211,536611.295746,5077406.67413,0.0
1212,536592.947518,5077423.8986,0.0
1213,536576.633155,5077438.57965,0.0
1214,536552.424311,5077448.99211,0.0
1215,536546.358792,5077463.73367,0.0
1216,536537.543116,5077484.01442,0.0
1217,536563.809779,5077493.2801,0.0
1218,536588.252321,5077495.86867,0.0
1219,536606.696567,5077488.64444,0.0
1220,536627.287432,5077499.21018,0.0
1221,536645.937204,5077509.76452,0.0
1222,536662.54503,5077497.97418,0.0
1223,536691.097182,5077488.36561,0.0
1224,536712.957792,5077481.16192,0.0
1225,536738.53466,5077488.86875,0.0
1226,536752.383701,5077497.17281,0.0
1227,536778.661862,5077504.43954,0.0
1228,536797.570839,5077497.44085,0.0
1229,536828.69989,5077485.40384,0.0
1230,536846.203515,5077479.73024,0.0
1231,536873.84417,5077466.78386,0.0
1232,536892.833658,5077459.3415,0.0
1233,536913.251834,5077446.68564,0.0
1234,536915.753571,5077443.81174,0.0
1235,536942.164365,5077441.85801,0.0
1236,536961.360961,5077425.75069,0.0
1237,536969.994872,5077397.13637,0.0
1238,536977.868785,5077417.84937,0.0
1239,536980.713815,5077435.53247,0.0
1240,537004.664052,5077442.56406,0.0
1241,537022.353121,5077444.89182,0.0
1242,537039.502647,5077459.54937,0.0
1243,537047.679508,5077481.48646,0.0
1244,537067.361218,5077488.15946,0.0
1245,537083.202694,5077487.80976,0.0
1246,537098.731613,5077487.79156,0.0
1247,537100.716228,5077506.46955,0.0
1248,537089.801949,5077513.84846,0.0
1249,537088.668989,5077534.50774,0.0
1250,537075.200509,5077553.53772,0.0
1251,537058.714106,5077570.88307,0.0
1252,537055.449781,5077597.41833,0.0
1253,537036.50961,5077609.63812,0.0
1254,537031.329632,5077631.93984,0.0
1255,537019.330047,5077652.0898,0.0
1256,537015.624639,5077674.51145,0.0
1257,537005.466627,5077698.33898,0.0
1258,536991.050445,5077707.14157,0.0
1259,536976.691399,5077719.38888,0.0
1260,536963.859336,5077735.97852,0.0
1261,536978.090413,5077745.17423,0.0
1262,537005.67517,5077754.44968,0.0
1263,536992.949181,5077753.26265,0.0
1264,536967.689686,5077757.66739,0.0
1265,536946.929249,5077762.76569,0.0
1266,536925.58853,5077787.08225,0.0
1267,536927.459976,5077798.75972,0.0
1268,536934.180855,5077817.46587,0.0
1269,536918.261494,5077831.03731,0.0
1270,536897.298457,5077844.13433,0.0
1271,536878.927923,5077852.13588,0.0
1272,536858.673018,5077863.68174,0.0
1273,536838.832508,5077883.89653,0.0
1274,536832.021117,5077906.52205,0.0
1275,536811.817941,5077909.40195,0.0
1276,536799.379504,5077925.21652,0.0
1277,536779.927712,5077932.32308,0.0
1278,536764.943905,5077945.34492,0.0
1279,536750.801634,5077960.48282,0.0
1280,536747.406588,5077983.12869,0.0
1281,536757.167415,5077999.85273,0.0
1282,536763.926137,5078012.22578,0.0
1283,536782.551707,5078026.55808,0.0
1284,536795.167031,5078046.29904,0.0
1285,536793.333775,5078067.39864,0.0
1286,536797.204069,5078082.42118,0.0
1287,536796.61493,5078103.19485,0.0
1288,536797.75879,5078119.75671,0.0
1289,536778.920604,5078141.31093,0.0
1290,536767.465047,5078148.57609,0.0
1291,536749.386254,5078173.02371,0.0
1292,536735.313604,5078189.60647,0.0
1293,536721.89434,5078200.74884,0.0
1294,536703.627718,5078217.64015,0.0
1295,536694.893475,5078237.36563,0.0
1296,536682.019781,5078248.178,0.0
1297,536672.05544,5078279.00702,0.0
1298,536680.008776,5078299.38682,0.0
1299,536663.618263,5078327.28902,0.0
1300,536647.056756,5078344.74612,0.0
1301,536631.029413,5078350.6512,0.0
1302,536606.8112968237,5078358.615950627,0.0
1303,538000.8137254831,5078185.9255744545,0.0
1304,538013.578962,5078189.64761,0.0
1305,538030.730983,5078190.53058,0.0
1306,538054.565664,5078177.78832,0.0
1307,538046.021515,5078153.18098,0.0
1308,538019.510608,5078133.90772,0.0
1309,537996.174343,5078103.32101,0.0
1310,537982.427723,5078091.4593,0.0
1311,537970.181276,5078075.49581,0.0
1312,537945.126388,5078046.5654,0.0
1313,537918.877673,5078035.07175,0.0
1314,537919.402457,5078012.74224,0.0
1315,537914.737927,5077988.38104,0.0
1316,537912.667434,5077971.47995,0.0
1317,537915.80242,5077941.27773,0.0
1318,537909.382087,5077912.01705,0.0
1319,537894.773403,5077901.37247,0.0
1320,537881.309966,5077881.17962,0.0
1321,537886.012282,5077835.87628,0.0
1322,537890.953446,5077815.01818,0.0
1323,537892.340975,5077791.24954,0.0
1324,537890.273518,5077761.12663,0.0
1325,537889.941012,5077752.01374,0.0
1326,537882.006276,5077716.41069,0.0
1327,537886.755338,5077688.88493,0.0
1328,537892.285129,5077673.3636,0.0
1329,537907.717734,5077638.23672,0.0
1330,537915.421353,5077610.0624,0.0
1331,537921.254367,5077595.76514,0.0
1332,537925.012033,5077565.34454,0.0
1333,537935.254706,5077528.29714,0.0
1334,537936.427339,5077514.30471,0.0
1335,537934.159829,5077491.5137,0.0
1336,537916.699374,5077489.96249,0.0
1337,537886.983124,5077486.44758,0.0
1338,537884.877493,5077462.5465,0.0
1339,537909.382845,5077454.80763,0.0
1340,537919.684385,5077433.5379,0.0
1341,537920.384174,5077407.98735,0.0
1342,537930.602067,5077387.71709,0.0
1343,537922.648882,5077367.78012,0.0
1344,537902.861083,5077340.43767,0.0
1345,537905.515479,5077312.67691,0.0
1346,537902.61643,5077291.54868,0.0
1347,537894.785489,5077264.27937,0.0
1348,537881.127069,5077237.64112,0.0
1349,537891.287828,5077214.03722,0.0
1350,537898.626728,5077182.08299,0.0
1351,537895.160303,5077164.84008,0.0
1352,537901.795254,5077146.43672,0.0
1353,537913.998127,5077119.06767,0.0
1354,537905.242041,5077090.68163,0.0
1355,537891.499512,5077065.04281,0.0
1356,537874.021672,5077040.71451,0.0
1357,537878.857632,5077011.7449,0.0
1358,537886.764662,5076975.79425,0.0
1359,537883.659579,5076950.22047,0.0
1360,537866.501166,5076911.67235,0.0
1361,537850.739533,5076898.68761,0.0
1362,537839.587593,5076881.0645,0.0
1363,537841.971949,5076846.63562,0.0
1364,537853.763136,5076823.15273,0.0
1365,537857.311308,5076801.61947,0.0
1366,537857.828433,5076780.51214,0.0
1367,537856.605722,5076751.83885,0.0
1368,537860.081716,5076729.41629,0.0
1369,537872.855212,5076697.71746,0.0
1370,537880.948304,5076682.21179,0.0
1371,537895.009492,5076655.85404,0.0
1372,537898.562646,5076633.54308,0.0
1373,537903.313203,5076605.90627,0.0
1374,537906.965797,5076580.04048,0.0
1375,537881.02476,5076567.99343,0.0
1376,537851.425131,5076582.81225,0.0
1377,537838.085211,5076605.50794,0.0
1378,537806.633049,5076618.53794,0.0
1379,537776.011008,5076622.79564,0.0
1380,537745.124386,5076619.49656,0.0
1381,537728.983708,5076592.06582,0.0
1382,537719.789009,5076584.45456,0.0
1383,537697.697182,5076577.87598,0.0
1384,537681.756739,5076555.77977,0.0
1385,537664.556185,5076536.56474,0.0
1386,537640.462573,5076514.30802,0.0
1387,537611.35076,5076525.57549,0.0
1388,537589.874452,5076519.8899,0.0
1389,537569.477851,5076515.4331,0.0
1390,537547.098177,5076517.85304,0.0
1391,537532.024321,5076532.09469,0.0
1392,537491.65227,5076517.73981,0.0
1393,537481.602984,5076510.12374,0.0
1394,537455.473515,5076490.52203,0.0
1395,537436.803218,5076483.07619,0.0
1396,537413.333173,5076460.26859,0.0
1397,537393.644575,5076441.37264,0.0
1398,537376.283488,5076422.82412,0.0
1399,537374.010772,5076400.47778,0.0
1400,537344.360597,5076385.07742,0.0
1401,537324.833638,5076377.96009,0.0
1402,537315.843686,5076374.90609,0.0
1403,537283.003184,5076347.59831,0.0
1404,537270.00671,5076313.41016,0.0
1405,537256.125169,5076284.32766,0.0
1406,537244.557447,5076270.81417,0.0
1407,537211.494438,5076241.61662,0.0
1408,537192.168828,5076226.72339,0.0
1409,537167.351432,5076208.13076,0.0
1410,537142.732926,5076195.20591,0.0
1411,537120.368907,5076194.84981,0.0
1412,537099.809617,5076191.39357,0.0
1413,537071.329938,5076174.77936,0.0
1414,537056.718348,5076163.69239,0.0
1415,537032.720082,5076163.88238,0.0
1416,537001.856006,5076156.36507,0.0
1417,536976.019758,5076152.21112,0.0
1418,536945.780358,5076157.14187,0.0
1419,536925.057867,5076168.01811,0.0
1420,536889.180287,5076154.69393,0.0
1421,536884.805365,5076172.11179,0.0
1422,536852.353436,5076183.47407,0.0
1423,536842.430645,5076206.63659,0.0
1424,536829.264338,5076213.66927,0.0
1425,536832.925903,5076224.80177,0.0
1426,536835.702667,5076254.15064,0.0
1427,536849.088852,5076275.4517,0.0
1428,536871.040617,5076305.91452,0.0
1429,536877.733273,5076316.62063,0.0
1430,536893.697668,5076361.38082,0.0
1431,536893.215874,5076364.04453,0.0
1432,536897.714542,5076417.18071,0.0
1433,536884.804069,5076446.54742,0.0
1434,536887.777411,5076468.89772,0.0
1435,536864.636898,5076481.75971,0.0
1436,536849.715643,5076509.78125,0.0
1437,536848.037805,5076530.77061,0.0
1438,536834.833899,5076544.2473,0.0
1439,536805.263092,5076554.62695,0.0
1440,536787.640135,5076593.07671,0.0
1441,536781.963384,5076620.59772,0.0
1442,536776.589382,5076649.45381,0.0
1443,536762.266485,5076668.36829,0.0
1444,536747.619244,5076689.61413,0.0
1445,536729.897651,5076705.50863,0.0
1446,536714.327349,5076725.30469,0.0
1447,536686.764037,5076737.80782,0.0
1448,536679.963847,5076758.4336,0.0
1449,536659.328698,5076768.08905,0.0
1450,536627.569957,5076781.01207,0.0
1451,536623.217837,5076794.76371,0.0
1452,536605.640872,5076838.88074,0.0
1453,536584.348861,5076854.64347,0.0
1454,536571.7295342345,5076876.37816906,0.0
1455,536124.6660502716,5077339.85197092,0.0
1456,536136.883195,5077327.11546,0.0
1457,536112.684384,5077335.86307,0.0
1458,536095.378331,5077307.65208,0.0
1459,536090.317961,5077323.28879,0.0
1460,536074.162414,5077337.52764,0.0
1461,536077.259796,5077352.32297,0.0
1462,536078.4258211673,5077353.720250471,0.0
1463,536093.2510673122,5077379.801126161,0.0
1464,535729.2721557496,5077652.666846888,0.0
1465,535758.0737056083,5077661.061531262,0.0
1466,535757.692431,5077671.68353,0.0
1467,535756.0362043881,5077674.751529952,0.0
1468,535726.1741939071,5077671.877450963,0.0
1469,537401.222098,5079200.67241,0.0
1470,537440.797057,5079189.9117,0.0
1471,537457.986669,5079184.12686,0.0
1472,537497.139816,5079166.14193,0.0
1473,537532.101686,5079148.13185,0.0
1474,537547.664162,5079141.89296,0.0
1475,537572.326476,5079132.70937,0.0
1476,537596.984145,5079124.3036,0.0
1477,537619.212026,5079119.77196,0.0
1478,537652.20292,5079119.63901,0.0
1479,537675.78683,5079121.89341,0.0
1480,537695.997207,5079130.01612,0.0
1481,537730.670678,5079134.00483,0.0
1482,537760.934625,5079135.52248,0.0
1483,537781.113293,5079136.08991,0.0
1484,537815.33384,5079137.96527,0.0
1485,537837.3028,5079150.4324,0.0
1486,537865.973042,5079171.38478,0.0
1487,537880.040835,5079181.13718,0.0
1488,537904.076708,5079198.28372,0.0
1489,537921.41461,5079206.3896,0.0
1490,537951.354803,5079222.68361,0.0
1491,537979.506884,5079226.74489,0.0
1492,538009.256301,5079223.48295,0.0
1493,538034.055824,5079217.30195,0.0
1494,538063.721183,5079240.37242,0.0
1495,538070.43516,5079246.74684,0.0
1496,538098.845359,5079271.92083,0.0
1497,538112.401744,5079289.00377,0.0
1498,538129.464563,5079303.88616,0.0
1499,538163.607063,5079330.87346,0.0
1500,538172.186413,5079336.81506,0.0
1501,538201.10486,5079367.54808,0.0
1502,538228.096821,5079383.38083,0.0
1503,538236.691806,5079386.76712,0.0
1504,538270.28107,5079402.64078,0.0
1505,538298.809251,5079421.03883,0.0
1506,538315.128755,5079430.47283,0.0
1507,538352.981008,5079447.26217,0.0
1508,538375.373045,5079453.734,0.0
1509,538391.876496,5079458.50279,0.0
1510,538428.440592,5079470.17363,0.0
1511,538445.086094,5079477.05451,0.0
1512,538475.049838,5079489.12911,0.0
1513,538487.514315,5079494.31751,0.0
1514,538514.402258,5079501.70664,0.0
1515,538544.563145,5079507.00519,0.0
1516,538565.964437,5079510.47162,0.0
1517,538591.574963,5079511.07552,0.0
1518,538623.975481,5079505.72199,0.0
1519,538645.796001,5079504.19143,0.0
1520,538668.232609,5079503.44255,0.0
1521,538711.762634,5079518.15848,0.0
1522,538748.708317,5079530.72247,0.0
1523,538780.071089,5079542.36287,0.0
1524,538802.534401,5079549.72557,0.0
1525,538829.408513,5079559.22705,0.0
1526,538870.569342,5079567.9294,0.0
1527,538883.753492,5079569.67876,0.0
1528,538918.412646,5079575.4518,0.0
1529,538940.65411,5079593.36892,0.0
1530,538963.21918,5079609.1771,0.0
1531,538976.03894,5079619.47972,0.0
1532,539006.193959,5079637.8913,0.0
1533,539023.593534,5079648.11175,0.0
1534,539041.993635,5079659.67186,0.0
1535,539083.102348,5079676.48623,0.0
1536,539103.006371,5079683.38945,0.0
1537,539127.481847,5079691.5438,0.0
1538,539159.578854,5079697.30202,0.0
1539,539173.846435,5079699.50329,0.0
1540,539207.479462,5079707.82697,0.0
1541,539249.626659,5079719.87136,0.0
1542,539286.208785,5079728.21416,0.0
1543,539324.921636,5079731.01526,0.0
1544,539363.923729,5079737.15171,0.0
1545,539392.209477,5079744.10913,0.0
1546,539413.514932,5079750.2445,0.0
1547,539435.840631,5079754.6087,0.0
1548,539454.751327,5079758.95124,0.0
1549,539498.690602,5079769.78655,0.0
1550,539519.449743,5079776.36324,0.0
1551,539550.483807,5079790.44987,0.0
1552,539578.982785,5079800.40944,0.0
1553,539610.080529,5079804.497,0.0
1554,539632.106824,5079807.08226,0.0
1555,539644.893675,5079810.16401,0.0
1556,539680.922181,5079807.83917,0.0
1557,539693.647767,5079808.36513,0.0
1558,539713.915285,5079806.82838,0.0
1559,539743.831703,5079801.46479,0.0
1560,539760.861638,5079796.46306,0.0
1561,539786.7132,5079783.5182,0.0
1562,539794.276603,5079778.12244,0.0
1563,539809.200491,5079726.44163,0.0
1564,539807.812615,5079688.76684,0.0
1565,539808.075439,5079684.10196,0.0
1566,539830.192814,5079636.35623,0.0
1567,539859.903347,5079614.88109,0.0
1568,539893.220503,5079599.87363,0.0
1569,539921.194842,5079594.94281,0.0
1570,539945.571709,5079594.21106,0.0
1571,539996.409598,5079594.53904,0.0
1572,540006.338591,5079595.49202,0.0
1573,540045.187842,5079601.29844,0.0
1574,540092.55529,5079598.1604,0.0
1575,540114.600844,5079597.85866,0.0
1576,540147.251587,5079601.95896,0.0
1577,540178.317568,5079611.04905,0.0
1578,540185.433637,5079614.8729,0.0
1579,540225.266649,5079612.57589,0.0
1580,540240.783453,5079601.67688,0.0
1581,540253.270432,5079591.20265,0.0
1582,540298.27002,5079570.27339,0.0
1583,540316.013329,5079563.16674,0.0
1584,540346.310873,5079559.14183,0.0
1585,540362.715262,5079555.02654,0.0
1586,540402.557432,5079551.39741,0.0
1587,540409.817073,5079557.0002,0.0
1588,540435.577504,5079570.27912,0.0
1589,540457.44544,5079597.19912,0.0
1590,540473.243356,5079602.74664,0.0
1591,540509.340042,5079613.98233,0.0
1592,540538.359288,5079615.50544,0.0
1593,540566.175743,5079622.90959,0.0
1594,540599.084853,5079634.9027,0.0
1595,540620.919004,5079643.15677,0.0
1596,540633.625927,5079646.57336,0.0
1597,540661.555799,5079660.3119,0.0
1598,540698.935249,5079665.22391,0.0
1599,540716.145901,5079668.33694,0.0
1600,540739.973469,5079668.49357,0.0
1601,540776.058235,5079669.61984,0.0
1602,540797.418971,5079667.20495,0.0
1603,540829.458276,5079646.1942,0.0
1604,540857.428126,5079630.26778,0.0
1605,540887.310632,5079618.57625,0.0
1606,540917.987581,5079615.88994,0.0
1607,540945.040153,5079609.62434,0.0
1608,540953.298186,5079605.01235,0.0
1609,540976.244589,5079597.60865,0.0
1610,541004.223866,5079580.34965,0.0
1611,540999.936544,5079559.655,0.0
1612,541023.589433,5079539.3675,0.0
1613,541038.862833,5079542.02416,0.0
1614,541060.429423,5079532.05613,0.0
1615,541073.291017,5079512.14175,0.0
1616,541082.687209,5079488.09339,0.0
1617,541104.472903,5079480.23803,0.0
1618,541130.073673,5079470.63033,0.0
1619,541153.918984,5079468.23316,0.0
1620,541181.546201,5079480.74983,0.0
1621,541202.041459,5079491.88588,0.0
1622,541217.545537,5079494.87784,0.0
1623,541247.111483,5079495.96347,0.0
1624,541258.51296,5079497.26158,0.0
1625,541294.558952,5079481.05757,0.0
1626,541305.507495,5079468.79745,0.0
1627,541329.761926,5079451.62617,0.0
1628,541335.20443,5079426.99627,0.0
1629,541342.339736,5079404.59984,0.0
1630,541348.880607,5079389.86598,0.0
1631,541373.523093,5079361.14212,0.0
1632,541378.342383,5079348.50787,0.0
1633,541389.041398,5079338.80173,0.0
1634,541408.484211,5079321.59862,0.0
1635,541420.168219,5079303.89926,0.0
1636,541442.036334,5079295.49008,0.0
1637,541463.587341,5079288.07884,0.0
1638,541484.51224,5079281.44125,0.0
1639,541506.923858,5079273.03594,0.0
1640,541523.810603,5079278.2601,0.0
1641,541545.78279,5079277.51851,0.0
1642,541561.888197,5079295.07065,0.0
1643,541581.80056,5079312.09283,0.0
1644,541598.7021,5079326.65046,0.0
1645,541615.278908,5079343.31703,0.0
1646,541636.550047,5079354.45973,0.0
1647,541652.507344,5079347.78933,0.0
1648,541671.759021,5079336.03009,0.0
1649,541692.70941,5079325.61566,0.0
1650,541713.732253,5079315.97955,0.0
1651,541739.053169,5079313.59456,0.0
1652,541755.622651,5079308.26185,0.0
1653,541776.176942,5079299.06723,0.0
1654,541764.428025,5079303.21017,0.0
1655,541733.608632,5079315.22452,0.0
1656,541715.758567,5079314.77099,0.0
1657,541689.346394,5079329.37075,0.0
1658,541659.041476,5079345.72218,0.0
1659,541633.931184,5079351.44219,0.0
1660,541611.584564,5079338.62563,0.0
1661,541586.702539,5079321.90333,0.0
1662,541579.17867,5079309.51972,0.0
1663,541556.616069,5079294.14641,0.0
1664,541533.501829,5079279.99169,0.0
1665,541506.061116,5079274.36347,0.0
1666,541489.155253,5079283.58341,0.0
1667,541464.781661,5079295.19782,0.0
1668,541440.929605,5079298.48263,0.0
1669,541409.840854,5079316.05223,0.0
1670,541399.274735,5079329.0925,0.0
1671,541384.077973,5079349.76837,0.0
1672,541370.234942,5079365.34231,0.0
1673,541353.495406,5079396.23,0.0
1674,541349.528276,5079420.75862,0.0
1675,541329.292717,5079440.51214,0.0
1676,541308.58566,5079461.15144,0.0
1677,541286.925991,5079473.34018,0.0
1678,541253.153046,5079486.22609,0.0
1679,541231.74343,5079495.86118,0.0
1680,541205.813632,5079496.57755,0.0
1681,541188.593064,5079483.24107,0.0
1682,541169.100865,5079473.0006,0.0
1683,541144.352201,5079471.16957,0.0
1684,541125.025635,5079471.04126,0.0
1685,541094.655386,5079474.17302,0.0
1686,541080.757846,5079486.41396,0.0
1687,541050.541782,5079501.43563,0.0
1688,541043.198006,5079508.60906,0.0
1689,541026.939056,5079525.83438,0.0
1690,541008.839477,5079539.71429,0.0
1691,541006.345549,5079564.69732,0.0
1692,541000.018668,5079582.43289,0.0
1693,540978.72313,5079598.40281,0.0
1694,540955.080394,5079605.46856,0.0
1695,540929.968167,5079611.74694,0.0
1696,540904.097448,5079615.35379,0.0
1697,540881.17026,5079619.86904,0.0
1698,540859.041183,5079632.83392,0.0
1699,540839.400989,5079645.03753,0.0
1700,540812.2052,5079661.30245,0.0
1701,540788.310309,5079671.36712,0.0
1702,540756.632754,5079672.82529,0.0
1703,540734.202257,5079672.67777,0.0
1704,540709.723632,5079665.29479,0.0
1705,540690.15608,5079666.49955,0.0
1706,540659.545847,5079659.07651,0.0
1707,540619.849154,5079640.59425,0.0
1708,540598.377585,5079636.23137,0.0
1709,540567.875266,5079624.14292,0.0
1710,540555.240786,5079621.5047,0.0
1711,540538.121355,5079616.28165,0.0
1712,540514.448821,5079616.1268,0.0
1713,540480.885866,5079609.12977,0.0
1714,540450.246821,5079594.15218,0.0
1715,540434.646119,5079570.27304,0.0
1716,540406.172038,5079556.53199,0.0
1717,540396.957514,5079553.13864,0.0
1718,540360.531168,5079556.67894,0.0
1719,540322.685371,5079563.6546,0.0
1720,540291.021439,5079574.89282,0.0
1721,540269.228478,5079584.08428,0.0
1722,540255.510444,5079592.88384,0.0
1723,540235.073543,5079608.41743,0.0
1724,540227.656119,5079615.14691,0.0
1725,540204.10396,5079632.32701,0.0
1726,540183.398445,5079653.41447,0.0
1727,540168.721942,5079666.43015,0.0
1728,540138.258898,5079684.12124,0.0
1729,540093.050814,5079713.49457,0.0
1730,540068.351002,5079716.22361,0.0
1731,540029.106614,5079723.63643,0.0
1732,540008.818519,5079716.28331,0.0
1733,539970.268028,5079700.36813,0.0
1734,539946.1982,5079689.65756,0.0
1735,539925.878824,5079675.08243,0.0
1736,539887.450193,5079664.27957,0.0
1737,539852.199761,5079666.16379,0.0
1738,539817.593612,5079676.49662,0.0
1739,539807.621178,5079682.3213,0.0
1740,539797.046407,5079685.2533,0.0
1741,539771.550974,5079715.20005,0.0
1742,539753.40846,5079736.30539,0.0
1743,539734.303416,5079750.18253,0.0
1744,539706.295044,5079760.55829,0.0
1745,539683.987377,5079765.52637,0.0
1746,539657.962864,5079769.13742,0.0
1747,539635.957902,5079775.3298,0.0
1748,539605.936855,5079784.91537,0.0
1749,539574.548684,5079789.82579,0.0
1750,539555.994303,5079790.48505,0.0
1751,539536.548281,5079784.9166,0.0
1752,539513.559675,5079774.99236,0.0
1753,539482.651646,5079765.46218,0.0
1754,539441.64817,5079756.75674,0.0
1755,539418.011544,5079751.05087,0.0
1756,539375.155762,5079740.66746,0.0
1757,539362.60148,5079737.58774,0.0
1758,539334.307911,5079731.85261,0.0
1759,539303.588541,5079729.21326,0.0
1760,539273.726415,5079726.02395,0.0
1761,539235.281536,5079717.66943,0.0
1762,539202.520627,5079706.46229,0.0
1763,539177.325704,5079701.63635,0.0
1764,539138.714092,5079695.05912,0.0
1765,539117.790643,5079689.81597,0.0
1766,539088.749244,5079679.52179,0.0
1767,539055.763439,5079666.98071,0.0
1768,539030.552228,5079652.37771,0.0
1769,539005.335303,5079638.66366,0.0
1770,538978.52261,5079619.49534,0.0
1771,538958.813998,5079606.14946,0.0
1772,538925.751891,5079580.94223,0.0
1773,538912.053778,5079574.52299,0.0
1774,538882.896934,5079570.11782,0.0
1775,538861.103058,5079567.42558,0.0
1776,538820.49666,5079556.94904,0.0
1777,538796.095092,5079549.24081,0.0
1778,538768.292279,5079539.28923,0.0
1779,538730.494995,5079526.38647,0.0
1780,538702.769594,5079516.43567,0.0
1781,538672.337943,5079504.80147,0.0
1782,538633.382963,5079503.22515,0.0
1783,538623.199319,5079505.71715,0.0
1784,538586.283925,5079513.15363,0.0
1785,538559.6644,5079512.54347,0.0
1786,538519.902643,5079503.40746,0.0
1787,538493.94887,5079495.57968,0.0
1788,538463.746826,5079484.39237,0.0
1789,538439.903714,5079474.13353,0.0
1790,538426.967945,5079469.83117,0.0
1791,538386.608886,5079456.80353,0.0
1792,538350.561821,5079449.35825,0.0
1793,538327.96301,5079438.66312,0.0
1794,538313.257703,5079431.79456,0.0
1795,538283.027526,5079412.49706,0.0
1796,538246.059528,5079390.71373,0.0
1797,538226.464109,5079383.81519,0.0
1798,538220.81927,5079380.33601,0.0
1799,538182.961214,5079351.76996,0.0
1800,538158.41964,5079328.73046,0.0
1801,538144.369032,5079316.31092,0.0
1802,538117.726,5079294.14751,0.0
1803,538121.688279,5079280.94999,0.0
1804,538115.102193,5079253.79904,0.0
1805,538101.799355,5079220.71806,0.0
1806,538098.341822,5079189.69758,0.0
1807,538096.107736,5079161.68455,0.0
1808,538097.960885,5079138.02988,0.0
1809,538082.018359,5079117.59906,0.0
1810,538075.575616,5079130.22581,0.0
1811,538048.798345,5079142.39435,0.0
1812,538021.31237,5079156.22528,0.0
1813,537986.869983,5079165.23603,0.0
1814,537959.423016,5079160.06796,0.0
1815,537923.469713,5079149.62585,0.0
1816,537899.901993,5079119.37132,0.0
1817,537899.743879,5079107.14845,0.0
1818,537886.450437,5079072.29028,0.0
1819,537880.030946,5079068.47335,0.0
1820,537858.589955,5079045.78735,0.0
1821,537845.47703,5079032.15204,0.0
1822,537815.424461,5079008.63585,0.0
1823,537802.794752,5079017.55856,0.0
1824,537782.732727,5079035.99127,0.0
1825,537763.500284,5079058.42901,0.0
1826,537749.909296,5079085.01217,0.0
1827,537725.560055,5079119.19632,0.0
1828,537702.830536,5079129.61326,0.0
1829,537671.134983,5079120.97626,0.0
1830,537647.155538,5079119.94166,0.0
1831,537626.039964,5079120.25785,0.0
1832,537595.966986,5079125.63072,0.0
1833,537558.96292,5079134.73941,0.0
1834,537540.492778,5079146.84938,0.0
1835,537510.663904,5079163.22386,0.0
1836,537495.261467,5079168.68605,0.0
1837,537462.804485,5079183.26712,0.0
1838,537432.418798,5079189.08333,0.0
1839,537395.061969,5079205.30178,0.0
1840,537376.81864,5079205.63614,0.0
1841,537369.3664047262,5079202.22378111,0.0
1842,536452.8787151371,5078479.926565697,0.0
1843,536481.1415102128,5078489.987103184,0.0
1844,536484.687967,5078496.22816,0.0
1845,536482.008504,5078516.2118,0.0
1846,536492.596919,5078537.38463,0.0
1847,536503.923176,5078551.89535,0.0
1848,536522.831278,5078544.45142,0.0
1849,536531.402494,5078565.39021,0.0
1850,536532.444441,5078586.17353,0.0
1851,536541.065678,5078611.77916,0.0
1852,536554.175138,5078626.63382,0.0
1853,536563.776908,5078643.91218,0.0
1854,536565.60286,5078663.36684,0.0
1855,536563.531099,5078685.57619,0.0
1856,536568.574715,5078712.27185,0.0
1857,536574.478724,5078737.86151,0.0
1858,536573.983718,5078755.96918,0.0
1859,536573.463142,5078778.4099,0.0
1860,536582.245737,5078802.90548,0.0
1861,536592.243799,5078818.74184,0.0
1862,536587.833416,5078842.604,0.0
1863,536566.716338,5078843.0349,0.0
1864,536546.643413,5078850.69405,0.0
1865,536530.659726,5078862.59946,0.0
1866,536512.51824,5078845.49303,0.0
1867,536501.505667,5078830.5397,0.0
1868,536489.443585,5078809.24705,0.0
1869,536469.318052,5078799.4622,0.0
1870,536453.467055,5078788.81369,0.0
1871,536437.58334,5078783.72042,0.0
1872,536411.614871,5078777.45685,0.0
1873,536393.369717,5078777.90522,0.0
1874,536369.02091,5078786.65091,0.0
1875,536346.307507,5078794.51742,0.0
1876,536328.348932,5078812.30049,0.0
1877,536309.65132,5078823.74613,0.0
1878,536296.766493,5078836.78138,0.0
1879,536280.367818,5078853.35153,0.0
1880,536262.845831,5078862.91536,0.0
1881,536247.997842,5078879.82799,0.0
1882,536241.462802,5078895.56709,0.0
1883,536235.721233,5078921.64387,0.0
1884,536233.26391,5078943.62886,0.0
1885,536230.578931,5078964.72365,0.0
1886,536217.534769,5078978.53589,0.0
1887,536224.793952,5078998.24442,0.0
1888,536236.685721,5079022.20214,0.0
1889,536243.193915,5079037.57309,0.0
1890,536244.981743,5079063.6939,0.0
1891,536241.587131,5079086.67338,0.0
1892,536235.411835,5079107.30334,0.0
1893,536225.603996,5079125.24548,0.0
1894,536223.525787,5079148.7882,0.0
1895,536238.549356,5079168.09772,0.0
1896,536245.392194,5079192.58148,0.0
1897,536255.540504,5079209.30704,0.0
1898,536270.043251,5079224.72481,0.0
1899,536266.076442,5079239.36784,0.0
1900,536261.088899,5079256.00484,0.0
1901,536243.420631,5079264.23457,0.0
1902,536225.611784,5079283.24099,0.0
1903,536212.152278,5079301.82845,0.0
1904,536195.399401,5079312.84135,0.0
1905,536167.530966,5079326.56711,0.0
1906,536145.997028,5079332.21907,0.0
1907,536125.350498,5079345.43161,0.0
1908,536117.237335,5079365.71706,0.0
1909,536110.012332,5079380.11898,0.0
1910,536106.377107,5079404.54154,0.0
1911,536111.684039,5079426.23852,0.0
1912,536114.442536,5079445.69848,0.0
1913,536116.10467,5079466.81868,0.0
1914,536115.973848,5079489.26172,0.0
1915,536126.34967,5079506.87727,0.0
1916,536136.16657,5079527.15617,0.0
1917,536151.492154,5079547.80055,0.0
1918,536157.019972,5079571.4988,0.0
1919,536171.653328,5079591.02811,0.0
1920,536186.325526,5079603.89121,0.0
1921,536201.343538,5079623.97838,0.0
1922,536208.765,5079642.35457,0.0
1923,536219.739124,5079663.75145,0.0
1924,536231.650383,5079684.15386,0.0
1925,536244.902441,5079700.89758,0.0
1926,536261.695375,5079722.66191,0.0
1927,536271.301408,5079739.05102,0.0
1928,536276.424713,5079752.19176,0.0
1929,536291.225014,5079782.83315,0.0
1930,536293.442738,5079801.73451,0.0
1931,536278.189942,5079821.86684,0.0
1932,536279.331722,5079852.20602,0.0
1933,536278.671327,5079872.2016,0.0
1934,536270.776841,5079894.93253,0.0
1935,536271.415044,5079918.49117,0.0
1936,536281.3691,5079941.65994,0.0
1937,536288.010572,5079960.58721,0.0
1938,536289.2852561852,5079961.882729523,0.0
1939,536319.2442630474,5079960.314957911,0.0
1940,534936.9457250466,5079282.505266935,0.0
1941,534916.8174276388,5079304.75052808,0.0
1942,534909.621364,5079310.79697,0.0
1943,534887.49765,5079311.11679,0.0
1944,534880.386726,5079291.96624,0.0
1945,534864.877301,5079275.54612,0.0
1946,534861.573345,5079255.75037,0.0
1947,534859.382287,5079231.29436,0.0
1948,534856.632248,5079209.6129,0.0
1949,534842.768185,5079190.42441,0.0
1950,534826.847823,5079178.00196,0.0
1951,534805.574731,5079164.99394,0.0
1952,534794.73074,5079147.04471,0.0
1953,534778.2380744807,5079132.058148287,0.0
1954,534787.9443976135,5079103.671755574,0.0
1955,535753.8612974626,5078434.743780428,0.0
1956,535781.9349001169,5078424.166784919,0.0
1957,535782.30946,5078424.02421,0.0
1958,535782.4516892297,5078424.313360702,0.0
1959,535797.0314681944,5078450.53224789,0.0
