534755.231386 5079048.27059 1433578051.0
534762.241298 5079030.19937 1433578066.0
534768.759054 5079058.34616 1433578112.0
534777.269031 5079077.28221 1433578126.0
534793.637388 5079092.92916 1433578139.0
534822.612701 5079102.8694 1433578159.0
534842.776639 5079106.09376 1433578173.0
534867.65927 5079126.01088 1433578194.0
534880.208861 5079144.30316 1433578207.0
534894.566202 5079172.38312 1433578226.0
534912.111451 5079199.48111 1433578255.0
534915.410271 5079220.16573 1433578268.0
534916.684709 5079241.95001 1433578280.0
534940.071746 5079265.41445 1433578302.0
534961.897179 5079249.20473 1433578359.0
534959.457358 5079227.63608 1433578386.0
534957.629701 5079207.62639 1433578405.0
534956.434898 5079185.50922 1433578419.0
534960.612172 5079160.53356 1433578442.0
534984.017405 5079139.5552 1433578466.0
535005.855319 5079121.23466 1433578498.0
535008.759511 5079101.80723 1433578520.0
535013.144173 5079081.38819 1433578538.0
535039.336084 5079061.87019 1433578573.0
535063.770819 5079051.11985 1433578612.0
535093.750355 5079048.17855 1433578633.0
535122.613457 5079036.78688 1433578661.0
535126.688049 5079016.36616 1433578675.0
535143.923793 5079002.131 1433578693.0
535167.17626 5078980.93024 1433578718.0
535181.706757 5078964.67989 1433578741.0
535185.084243 5078944.03304 1433578756.0
535186.199324 5078925.37328 1433578779.0
535188.574049 5078903.60966 1433578791.0
535207.256075 5078880.8276 1433578811.0
535237.04028 5078871.44162 1433578840.0
535255.028899 5078861.43314 1433578857.0
535275.338709 5078852.77121 1433578874.0
535294.802305 5078842.77123 1433578887.0
535325.71826 5078839.16973 1433578912.0
535316.799584 5078810.45311 1433578937.0
535312.241114 5078779.4281 1433578964.0
535313.525145 5078758.43607 1433578984.0
535301.834966 5078739.25895 1433578998.0
535315.893907 5078710.56216 1433579022.0
535322.432102 5078680.26704 1433579046.0
535323.619188 5078649.05255 1433579071.0
535320.074837 5078617.14446 1433579092.0
535344.16993 5078598.28242 1433579130.0
535369.003944 5078613.20141 1433579164.0
535392.640442 5078633.89127 1433579220.0
535405.374156 5078660.62984 1433579267.0
535429.83298 5078673.21368 1433579329.0
535461.271635 5078673.39349 1433579393.0
535480.853844 5078683.50526 1433579425.0
535497.20498 5078674.93249 1433579457.0
535519.058143 5078654.50278 1433579506.0
535533.570575 5078641.69748 1433579537.0
535535.794545 5078619.37758 1433579588.0
535543.070674 5078595.97559 1433579604.0
535583.891979 5078584.54353 1433579678.0
535595.399566 5078567.83235 1433579715.0
535604.515432 5078548.55197 1433579745.0
535623.216014 5078522.99356 1433579844.0
535640.061013 5078509.64638 1433579891.0
535646.968686 5078482.90915 1433579944.0
535670.298605 5078462.37735 1433580057.0
535664.217063 5078453.45374 1433580067.0
535673.197871 5078430.72835 1433580106.0
535688.305089 5078409.14932 1433580163.0
535709.401146 5078412.60406 1433580224.0
535741.753464 5078416.12378 1433580272.0
535753.492269 5078426.74671 1433580427.0
535762.469715 5078431.57614 1433580441.0
535782.30946 5078424.02421 1433580449.0
535791.517205 5078442.74347 1433580470.0
535811.097054 5078453.3007 1433580564.0
535841.48151 5078448.03206 1433580604.0
535860.048378 5078445.80619 1433580643.0
535891.463106 5078450.32124 1433580704.0
535910.271887 5078446.54141 1433580763.0
535911.330255 5078424.65933 1433580799.0
535891.18305 5078431.65352 1433580814.0
535896.093696 5078388.01662 1433580848.0
535875.557324 5078368.34276 1433580895.0
535869.465221 5078347.86369 1433580940.0
535868.599406 5078323.08166 1433581012.0
535854.943744 5078294.8924 1433581092.0
535872.551383 5078284.10573 1433581236.0
535893.656135 5078286.11674 1433581285.0
535900.720809 5078272.71363 1433581323.0
535917.171202 5078260.69819 1433581386.0
535949.816389 5078253.99877 1433581502.0
535965.339215 5078241.31144 1433581576.0
535983.866942 5078219.19744 1433581646.0
536007.407158 5078189.55728 1433581766.0
536017.879466 5078164.28557 1433581853.0
536015.943003 5078150.16364 1433581964.0
536036.462634 5078146.06081 1433582014.0
536040.771095 5078126.08647 1433582059.0
536046.549349 5078093.67663 1433582091.0
536048.543722 5078071.13336 1433582117.0
536046.65123 5078049.45636 1433582141.0
536032.37661 5078020.9298 1433582166.0
536019.968968 5077991.74748 1433582195.0
536013.182105 5077970.59759 1433582214.0
536014.148877 5077937.82645 1433582243.0
536020.411852 5077915.5302 1433582270.0
536022.167942 5077880.54149 1433582321.0
536043.03325 5077870.55198 1433582416.0
536053.460342 5077853.16872 1433582453.0
536081.027773 5077838.88511 1433582490.0
536109.594906 5077826.27407 1433582543.0
536140.097164 5077828.00733 1433582614.0
536152.726716 5077832.41417 1433582618.0
536135.735166 5077843.75919 1433583313.0
536134.087877 5077859.97131 1433583357.0
536128.615048 5077879.82768 1433583392.0
536134.842627 5077903.64102 1433583468.0
536141.479064 5077923.90131 1433583508.0
536153.661396 5077925.08342 1433583670.0
536166.153317 5077953.04432 1433583761.0
536182.266918 5077972.35999 1433583817.0
536196.602602 5077990.33202 1433583909.0
536208.3447 5078000.40029 1433583961.0
536221.059654 5078016.6963 1433584029.0
536236.148428 5078051.89453 1433584138.0
536236.241994 5078062.45031 1433584152.0
536260.337785 5078057.59137 1433584239.0
536283.423148 5078092.72539 1433584347.0
536298.379974 5078110.5902 1433584394.0
536287.42437 5078138.63631 1433584497.0
536301.393318 5078152.82879 1433584534.0
536309.664424 5078172.20998 1433584660.0
536320.369425 5078186.93892 1433584677.0
536343.616928 5078207.51902 1433584715.0
536358.436936 5078222.16105 1433584742.0
536371.616269 5078265.01487 1433584888.0
536383.946652 5078280.53122 1433584950.0
536404.411272 5078298.98417 1433585009.0
536414.552828 5078317.04321 1433585080.0
536430.760121 5078306.91653 1433585107.0
536420.389503 5078314.63313 1433585122.0
536407.978322 5078326.11543 1433585209.0
536395.349952 5078334.92988 1433585467.0
536386.478538 5078338.54435 1433585592.0
536388.277764 5078375.88714 1433585704.0
536418.35842 5078382.84139 1433585763.0
536421.164137 5078394.19088 1433585832.0
536446.554867 5078406.56199 1433585860.0
536415.718191 5078422.60248 1433585974.0
536400.049427 5078420.39939 1433586035.0
