534840.245614 5079142.0784 1433239617.0
534860.299918 5079150.96869 1433239632.0
534880.183914 5079162.52468 1433239649.0
534891.798826 5079181.36726 1433239666.0
534903.643395 5079200.7667 1433239682.0
534906.633643 5079221.11625 1433239697.0
534910.691759 5079244.80504 1433239709.0
534930.336193 5079271.24827 1433239737.0
534966.577768 5079286.34111 1433239963.0
534995.840848 5079313.83881 1433240025.0
535014.171472 5079339.16382 1433240050.0
535027.193434 5079356.12579 1433240074.0
535041.542066 5079385.53936 1433240102.0
535063.308814 5079407.10629 1433240133.0
535086.561455 5079426.68177 1433240156.0
535099.663168 5079443.19993 1433240172.0
535115.2605 5079457.6212 1433240187.0
535138.966512 5079479.31051 1433240212.0
535146.762985 5079500.57631 1433240223.0
535161.520221 5079526.21483 1433240251.0
535184.674928 5079549.23447 1433240282.0
535185.709809 5079572.01745 1433240301.0
535186.538973 5079603.68787 1433240330.0
535207.063244 5079625.13717 1433240355.0
535237.989671 5079632.6461 1433240462.0
535269.146969 5079640.48983 1433240501.0
535289.082423 5079642.60329 1433240525.0
535311.870589 5079648.0663 1433240549.0
535332.419947 5079651.40559 1433240573.0
535346.756008 5079669.0424 1433240588.0
535373.669197 5079686.08439 1433240613.0
535404.680358 5079692.26136 1433240651.0
535421.369927 5079705.46748 1433240667.0
535446.789034 5079725.83449 1433240698.0
535462.07503 5079740.14378 1433240720.0
535479.932357 5079752.6901 1433240738.0
535499.3616 5079761.80114 1433240761.0
535517.22898 5079772.5699 1433240774.0
535545.8704 5079785.8449 1433240797.0
535567.113229 5079789.9667 1433240818.0
535596.763421 5079803.24773 1433240854.0
535617.860515 5079805.70225 1433240882.0
535635.311459 5079794.35849 1433240902.0
535658.441836 5079794.15826 1433240923.0
535687.460338 5079782.32569 1433240953.0
535717.05192 5079792.27372 1433240990.0
535752.518851 5079806.25568 1433241048.0
535758.916409 5079813.95905 1433241056.0
535780.904293 5079836.86314 1433241089.0
535797.206545 5079849.73473 1433241108.0
535828.507012 5079859.35984 1433241131.0
535857.119924 5079863.96971 1433241153.0
535884.878166 5079882.12993 1433241190.0
535906.640882 5079903.58876 1433241224.0
535921.14541 5079918.56131 1433241247.0
535931.605097 5079935.06595 1433241272.0
535952.10958 5079959.29535 1433241303.0
535964.201505 5079975.36509 1433241328.0
535977.49899 5079997.66391 1433241357.0
535998.479449 5079993.34147 1433241376.0
536023.989817 5079997.48965 1433241394.0
536053.955591 5079996.21958 1433241425.0
536084.417403 5080003.06342 1433241454.0
536112.042457 5080017.22401 1433241491.0
536130.215894 5080028.44078 1433241510.0
536160.150416 5080032.50422 1433241537.0
536185.671933 5080047.98616 1433241573.0
536206.522816 5080052.55232 1433241597.0
536237.133559 5080060.39776 1433241636.0
536265.950115 5080069.78837 1433241677.0
536278.888852 5080086.86367 1433241714.0
536287.700601 5080106.24809 1433241738.0
536288.899067 5080087.14452 1433241842.0
536301.16553 5080059.9949 1433241884.0
536305.14483 5080029.90793 1433241917.0
536316.615185 5080006.19804 1433242028.0
536310.735509 5079976.49771 1433242094.0
536314.518105 5079966.74237 1433242098.0
536317.803586 5079935.87359 1433242126.0
536332.347315 5079917.51493 1433242150.0
536348.869179 5079879.50178 1433242209.0
536351.797514 5079869.85256 1433242227.0
536371.497119 5079859.0796 1433242240.0
536382.171037 5079838.9206 1433242264.0
536396.529994 5079812.45012 1433242300.0
536406.032705 5079793.50647 1433242326.0
536409.375437 5079766.19353 1433242359.0
536401.038381 5079745.25623 1433242375.0
536391.497961 5079717.75649 1433242402.0
536381.985482 5079698.70115 1433242420.0
536369.969736 5079682.96437 1433242435.0
536370.546953 5079650.74643 1433242459.0
536368.54724 5079621.17995 1433242486.0
536372.082945 5079600.64572 1433242513.0
536372.437108 5079579.98171 1433242531.0
536377.043164 5079549.00962 1433242565.0
536384.302528 5079528.83058 1433242576.0
536371.427457 5079500.75577 1433242606.0
536390.901322 5079475.75971 1433242640.0
536411.510129 5079468.99209 1433242655.0
536437.695092 5079451.14653 1433242702.0
536453.086234 5079434.12643 1433242758.0
536466.063941 5079431.53621 1433242761.0
536459.883541 5079413.38923 1433242815.0
536462.254087 5079393.07041 1433242833.0
536470.294003 5079372.22943 1433242851.0
536472.369822 5079349.24229 1433242869.0
536495.99341 5079331.493 1433242893.0
536517.395013 5079308.84196 1433242932.0
536538.211819 5079306.40919 1433242948.0
536582.078052 5079304.66808 1433243028.0
536593.735259 5079302.29254 1433243038.0
536613.710938 5079310.85475 1433243058.0
536645.402245 5079307.15332 1433243088.0
536668.103652 5079301.06557 1433243264.0
536689.452037 5079300.6364 1433243306.0
536720.876194 5079328.93289 1433243397.0
536729.609509 5079335.31781 1433243417.0
536751.767428 5079342.3379 1433243438.0
536772.860407 5079345.68518 1433243452.0
536793.295707 5079342.13993 1433243466.0
536823.673407 5079337.43163 1433243488.0
536844.687107 5079328.00126 1433243507.0
536861.780013 5079312.21447 1433243526.0
536890.331453 5079301.38469 1433243551.0
536900.823444 5079273.11461 1433243593.0
536918.06129 5079259.10656 1433243607.0
536946.697982 5079247.05536 1433243629.0
536965.298687 5079238.83319 1433243650.0
536982.907632 5079227.71635 1433243664.0
537006.080715 5079207.74414 1433243687.0
537024.600015 5079200.18831 1433243704.0
537049.321751 5079180.89216 1433243727.0
537069.932424 5079161.12708 1433243753.0
537098.457659 5079154.85353 1433243836.0
537107.647471 5079149.79758 1433243843.0
537129.430192 5079154.70571 1433243862.0
537151.187217 5079150.94734 1433243877.0
537184.285809 5079158.70122 1433244111.0
537195.643723 5079154.54728 1433244124.0
537215.987609 5079153.44724 1433244147.0
537228.542279 5079169.74444 1433244157.0
537247.894718 5079191.52683 1433244177.0
537266.70224 5079200.63967 1433244191.0
537284.158081 5079215.07763 1433244206.0
537315.061407 5079213.48593 1433244237.0
537336.407487 5079213.5034 1433244252.0
537341.459556 5079186.64567 1433244393.0
537336.073053 5079165.9471 1433244442.0
537332.555429 5079144.25982 1433244460.0
537331.494226 5079114.25423 1433244482.0
537329.895015 5079083.35653 1433244513.0
537349.533934 5079070.47522 1433244526.0
537366.928608 5079056.46936 1433244543.0
537380.218239 5079028.10583 1433244567.0
537386.154646 5078996.25361 1433244599.0
537385.074896 5078969.35893 1433244621.0
537391.873805 5078948.95606 1433244638.0
537403.555645 5078929.80485 1433244655.0
537398.079572 5078898.2171 1433244683.0
537407.666351 5078878.94215 1433244699.0
537415.391551 5078859.43376 1433244714.0
537418.084633 5078837.67283 1433244730.0
537417.288648 5078815.22419 1433244738.0
537407.293513 5078786.38685 1433244764.0
537395.758369 5078768.31772 1433244778.0
537394.775812 5078725.31297 1433244904.0
537414.991385 5078719.99069 1433244933.0
537427.978599 5078703.29179 1433244951.0
537452.9069 5078688.88723 1433244970.0
537455.537995 5078664.57046 1433244992.0
537459.155425 5078644.03733 1433245009.0
537462.138036 5078612.94509 1433245035.0
537478.438354 5078587.5999 1433245073.0
537492.42845 5078572.01828 1433245095.0
537511.573286 5078564.13434 1433245111.0
537534.763997 5078541.94202 1433245141.0
537554.00344 5078531.28109 1433245161.0
537570.376761 5078519.60287 1433245180.0
537587.947589 5078502.48765 1433245194.0
537615.679122 5078486.87855 1433245227.0
537632.457688 5078472.42525 1433245243.0
537649.214734 5078461.52732 1433245261.0
537662.902465 5078431.94462 1433245286.0
537665.266493 5078400.62651 1433245318.0
537661.515971 5078379.04875 1433245340.0
537673.507514 5078360.34436 1433245352.0
537681.463058 5078328.72692 1433245375.0
537696.397302 5078311.26266 1433245389.0
537706.172919 5078286.76724 1433245409.0
537707.95999 5078261.00104 1433245437.0
537739.13814 5078266.07955 1433245480.0
537752.158398 5078282.49173 1433245498.0
537769.325536 5078293.59601 1433245514.0
537788.969087 5078318.71507 1433245541.0
537809.456871 5078319.95109 1433245562.0
537831.87796 5078322.42117 1433245578.0
537849.494847 5078297.97384 1433245601.0
537864.63513 5078272.28923 1433245629.0
537873.998874 5078251.79145 1433245645.0
537898.933427 5078236.83316 1433245673.0
537914.064024 5078225.48155 1433245692.0
537949.422593 5078207.14289 1433245763.0
537970.889228 5078188.05265 1433245792.0
537950.580955 5078208.14995 1433245960.0
537987.781138 5078218.71088 1433246000.0
537962.674525 5078198.33539 1433250066.0
537933.512726 5078206.26774 1433250091.0
537915.216272 5078227.48855 1433250121.0
537899.226292 5078239.72376 1433250139.0
537869.581331 5078250.54227 1433250192.0
537866.254957 5078261.29943 1433250198.0
537849.7071 5078288.64206 1433250225.0
537833.317044 5078302.87493 1433250243.0
537813.893713 5078330.75564 1433250271.0
537788.066377 5078326.70934 1433250302.0
537774.184918 5078311.51403 1433250317.0
537758.29378 5078294.8621 1433250332.0
537746.911943 5078277.12659 1433250351.0
537732.567864 5078261.37301 1433250368.0
537700.025345 5078263.61937 1433250412.0
537689.050854 5078280.99659 1433250435.0
537680.155581 5078301.16418 1433250451.0
537667.783855 5078318.53294 1433250470.0
537659.659608 5078339.59411 1433250487.0
537655.643755 5078374.45764 1433250516.0
537656.693455 5078406.12982 1433250542.0
537653.547103 5078438.44316 1433250568.0
537653.028685 5078459.88387 1433250588.0
537626.162321 5078473.60922 1433250616.0
537588.00419 5078493.15492 1433250681.0
537568.782081 5078500.92704 1433250700.0
537553.484741 5078514.38952 1433250717.0
537535.764842 5078530.50395 1433250734.0
537527.4239 5078549.00849 1433250745.0
537499.762429 5078565.9517 1433250768.0
537471.728423 5078580.3373 1433250807.0
537470.588947 5078601.88538 1433250836.0
537457.61323 5078629.47285 1433250878.0
537448.72792 5078648.19642 1433250900.0
537446.908444 5078679.5179 1433250923.0
537433.318241 5078693.2132 1433250944.0
537415.919727 5078707.66329 1433250968.0
537400.522132 5078725.01432 1433250982.0
537384.678856 5078751.91799 1433251027.0
537398.819797 5078775.55822 1433251074.0
537407.492185 5078792.05456 1433251091.0
537417.304748 5078812.55769 1433251111.0
537415.15503 5078834.3219 1433251131.0
537415.566924 5078856.10157 1433251146.0
537401.498526 5078884.79365 1433251178.0
537398.333073 5078907.66282 1433251194.0
537390.773816 5078938.28304 1433251219.0
537380.483881 5078958.33153 1433251242.0
537379.424402 5078979.54679 1433251253.0
537374.333149 5079012.84852 1433251281.0
537373.275707 5079033.73047 1433251298.0
537364.625416 5079052.23336 1433251313.0
537340.814889 5079074.64478 1433251337.0
537322.958608 5079100.86984 1433251365.0
537327.263878 5079120.67302 1433251383.0
537328.599458 5079143.79155 1433251397.0
537330.406773 5079165.91296 1433251415.0
537335.235897 5079188.94144 1433251431.0
537340.084401 5079208.74791 1433251446.0
537312.445766 5079222.46994 1433251471.0
537292.056617 5079231.12474 1433251485.0
537259.683962 5079231.81885 1433251506.0
537240.639661 5079223.37126 1433251526.0
537222.230282 5079212.59426 1433251542.0
537195.244388 5079195.21045 1433251570.0
537173.69272 5079190.6368 1433251585.0
537142.87094 5079191.56305 1433251609.0
537114.214119 5079180.94718 1433251632.0
537089.250571 5079162.79819 1433251655.0
537057.929062 5079169.38839 1433251677.0
537030.710135 5079190.89174 1433251708.0
537015.17085 5079206.35403 1433251723.0
536988.457744 5079221.1941 1433251747.0
536961.899343 5079236.14632 1433251777.0
536943.753088 5079246.26005 1433251793.0
536926.363882 5079259.60047 1433251812.0
536909.755573 5079272.16783 1433251827.0
536895.8104 5079293.75086 1433251859.0
536884.997175 5079310.79712 1433251882.0
536864.466911 5079317.23032 1433251902.0
536839.137241 5079334.52364 1433251927.0
536812.192919 5079349.25198 1433251949.0
536783.26694 5079357.85773 1433251972.0
536749.873483 5079360.65949 1433251998.0
536729.153485 5079359.86999 1433252014.0
536703.421933 5079340.2736 1433252038.0
536691.412207 5079323.53627 1433252060.0
536670.709176 5079319.85825 1433252074.0
536638.198936 5079317.66598 1433252096.0
536617.015044 5079316.54079 1433252114.0
536595.385777 5079311.96868 1433252129.0
536564.393093 5079315.67449 1433252149.0
536532.032796 5079314.37254 1433252174.0
536511.911966 5079317.25385 1433252193.0
536483.371093 5079326.41881 1433252219.0
536463.661112 5079338.63577 1433252232.0
536456.355691 5079353.37015 1433252249.0
536455.758589 5079375.69934 1433252266.0
536447.050078 5079404.6473 1433252288.0
536434.829418 5079423.686 1433252305.0
536420.387236 5079450.93366 1433252340.0
536397.74657 5079473.24443 1433252383.0
536369.569884 5079486.63415 1433252430.0
536363.583042 5079514.82044 1433252464.0
536363.789841 5079545.70968 1433252497.0
536362.645209 5079568.81343 1433252523.0
536366.63686 5079589.61406 1433252546.0
536361.471261 5079610.13872 1433252562.0
536364.936552 5079641.26931 1433252600.0
536359.20162 5079666.23496 1433252630.0
536372.247271 5079691.64416 1433252737.0
536383.252683 5079720.81909 1433252764.0
536389.192967 5079740.18678 1433252782.0
536389.460302 5079760.74334 1433252800.0
536393.305586 5079793.20948 1433252826.0
536388.993136 5079813.85025 1433252860.0
536383.376321 5079831.92787 1433252881.0
536368.383531 5079847.39497 1433252896.0
536343.503525 5079868.02617 1433252925.0
536325.886473 5079881.0336 1433252946.0
536319.956948 5079912.77574 1433252969.0
536312.708642 5079931.17718 1433252991.0
536307.094878 5079962.03232 1433253037.0
536310.633917 5079993.82998 1433253101.0
536316.163205 5080003.86212 1433253111.0
536324.424529 5080024.46555 1433253127.0
536315.797606 5080039.74788 1433253280.0
536301.841093 5080050.66578 1433253323.0
536296.080726 5080080.07567 1433253408.0
536302.41625 5080111.44528 1433253441.0
536286.602208 5080095.01974 1433253482.0
536262.348239 5080075.21158 1433253527.0
536237.690471 5080058.06775 1433253565.0
536215.756348 5080052.93962 1433253582.0
536186.788043 5080056.21468 1433253611.0
536156.970818 5080045.3742 1433253648.0
536136.031897 5080042.58543 1433253666.0
536118.240081 5080032.48194 1433253685.0
536099.129495 5080022.25972 1433253702.0
536075.856397 5080007.12456 1433253732.0
536053.902567 5080005.33012 1433253749.0
536026.563289 5080008.72653 1433253786.0
536005.436683 5080011.49251 1433253800.0
535984.490485 5080009.9264 1433253825.0
535960.765596 5079992.34467 1433253850.0
535955.924961 5079970.5394 1433253864.0
535939.234397 5079944.44328 1433253902.0
535922.541415 5079932.12458 1433253921.0
535910.681485 5079916.16738 1433253942.0
535897.516914 5079897.64716 1433253958.0
535885.767287 5079876.02414 1433253977.0
535854.542029 5079866.8436 1433254073.0
535834.393274 5079861.50494 1433254090.0
535812.486292 5079864.93372 1433254105.0
535787.995796 5079845.3483 1433254136.0
535775.43877 5079829.05401 1433254152.0
535758.451378 5079813.84526 1433254168.0
535737.786004 5079803.83741 1433254201.0
535717.065478 5079803.38459 1433254217.0
535688.421298 5079790.66432 1433254242.0
535662.333548 5079805.73588 1433254265.0
535643.304511 5079808.07074 1433254286.0
535609.842836 5079809.76715 1433254321.0
535580.709189 5079801.15556 1433254356.0
535561.7516 5079791.047 1433254368.0
535532.218905 5079784.32218 1433254394.0
535513.563358 5079775.65991 1433254409.0
535495.177517 5079760.55498 1433254424.0
535470.616906 5079739.41492 1433254446.0
535442.214309 5079725.03057 1433254479.0
535428.857026 5079699.17714 1433254501.0
535399.898156 5079687.01196 1433254524.0
535345.889861 5079684.81477 1433254811.0
535337.782889 5079677.3243 1433254818.0
535317.589331 5079652.43211 1433254847.0
535289.409333 5079639.71635 1433254868.0
535255.507737 5079636.74564 1433254905.0
535234.953236 5079634.29545 1433254929.0
535214.902296 5079625.18172 1433254956.0
535195.057001 5079620.84685 1433254971.0
535178.282151 5079595.19679 1433254996.0
535171.626762 5079564.38215 1433255020.0
535161.796064 5079545.99357 1433255036.0
535155.545081 5079525.9587 1433255051.0
535147.971435 5079506.47188 1433255067.0
535138.85424 5079485.4208 1433255081.0
535114.7663 5079448.952 1433255184.0
535103.928745 5079430.11338 1433255201.0
535088.249068 5079402.80317 1433255224.0
535069.360253 5079366.47511 1433255278.0
535065.685261 5079343.78834 1433255296.0
535050.790173 5079314.92716 1433255324.0
535044.236909 5079293.3352 1433255339.0
535033.852915 5079262.83297 1433255364.0
535041.795469 5079244.65622 1433255389.0
535014.293813 5079248.83395 1433255447.0
535000.542484 5079264.75577 1433255464.0
534986.486397 5079279.67592 1433255478.0
534936.203839 5079290.61409 1433255582.0
534926.452122 5079271.78191 1433255599.0
534911.714575 5079256.14379 1433255622.0
534905.152627 5079235.99633 1433255638.0
534901.316078 5079214.30873 1433255658.0
534895.692369 5079192.94438 1433255677.0
534880.883814 5079176.08375 1433255694.0
534864.358052 5079147.10276 1433255720.0
534838.296196 5079129.8456 1433255756.0
534814.513912 5079107.49041 1433255784.0
534794.950083 5079094.15872 1433255802.0
534776.935475 5079081.39132 1433255824.0
534770.098568 5079054.79824 1433255855.0
534775.725984 5079020.27535 1433255890.0
534781.202876 5078998.75121 1433256117.0
534785.4472 5078975.55355 1433256352.0
