534744.941232 5079083.76732 1481960346.0
534745.75009 5079064.10581 1481960413.0
534751.576941 5079049.36117 1481960438.0
534768.058569 5079031.00976 1481960453.0
534772.285062 5079052.47725 1481960480.0
534765.809143 5079072.21806 1481960495.0
534783.561001 5079090.31712 1481960512.0
534803.291965 5079101.53867 1481960526.0
534822.706754 5079113.75847 1481960540.0
534843.839742 5079124.09917 1481960557.0
534859.529224 5079136.18704 1481960574.0
534866.58341 5079151.67069 1481960621.0
534881.890306 5079162.7565 1481960634.0
534896.593114 5079184.61638 1481960651.0
534904.220543 5079208.54749 1481960667.0
534910.480812 5079227.13773 1481960683.0
534918.342241 5079250.84796 1481960699.0
534930.191603 5079269.35863 1481960716.0
534939.498275 5079284.52174 1481960739.0
534956.891114 5079283.50876 1481960826.0
534967.424306 5079260.12448 1481960846.0
534977.617623 5079241.96035 1481960858.0
534988.09701 5079228.13105 1481960868.0
535000.746651 5079214.86957 1481960895.0
535010.962738 5079192.70575 1481960912.0
535030.329897 5079172.03807 1481960935.0
535049.015265 5079162.14404 1481960954.0
535059.592051 5079144.87108 1481960968.0
535079.972619 5079137.20889 1481960981.0
535102.49955 5079134.33655 1481960993.0
535122.761652 5079133.89583 1481961009.0
535148.755072 5079135.70983 1481961029.0
535170.090562 5079123.94237 1481961046.0
535183.304338 5079107.12901 1481961059.0
535200.182154 5079087.5588 1481961078.0
535214.607722 5079076.08556 1481961090.0
535230.065162 5079060.61835 1481961106.0
535242.515024 5079041.68972 1481961120.0
535258.755159 5079025.11595 1481961133.0
535277.103195 5079006.44318 1481961150.0
535286.722208 5078993.94277 1481961162.0
535310.277845 5078987.74381 1481961180.0
535334.52453 5078982.88218 1481961197.0
535355.029239 5078967.22184 1481961213.0
535363.284863 5078948.82506 1481961236.0
535388.285132 5078947.96781 1481961256.0
535408.481678 5078945.5277 1481961283.0
535405.880408 5078925.29124 1481961304.0
535418.873169 5078906.58828 1481961337.0
535423.951574 5078887.28457 1481961375.0
535426.409853 5078864.63265 1481961394.0
535425.347749 5078846.73824 1481961410.0
535429.906987 5078823.20947 1481961435.0
535430.417704 5078801.7686 1481961454.0
535440.166429 5078780.26946 1481961486.0
535446.415731 5078759.86138 1481961523.0
535458.023138 5078739.15065 1481961542.0
535470.085565 5078720.33137 1481961571.0
535486.390137 5078706.31403 1481961592.0
535501.358591 5078695.17788 1481961611.0
535516.293407 5078676.37515 1481961635.0
535525.252982 5078657.20487 1481961654.0
535538.022693 5078636.94537 1481961675.0
535556.089472 5078627.04931 1481961698.0
535566.4325 5078610.3314 1481961731.0
535584.998976 5078594.54957 1481961759.0
535597.267508 5078580.50935 1481961801.0
535606.934416 5078559.89886 1481961830.0
535610.228231 5078540.58504 1481961917.0
535628.014911 5078525.46551 1481961953.0
535640.986164 5078510.76277 1481961985.0
535654.452651 5078490.95195 1481962011.0
535668.979812 5078475.70268 1481962044.0
535679.177728 5078457.3175 1481962080.0
535680.78764 5078433.88305 1481962112.0
535685.559266 5078414.13336 1481962136.0
535701.308469 5078415.89067 1481962235.0
535724.604378 5078414.80272 1481962271.0
535743.23227 5078415.46566 1481962314.0
535758.823699 5078431.11067 1481962338.0
535768.479966 5078452.83239 1481962362.0
535788.0842 5078459.16759 1481962404.0
535809.285266 5078457.84565 1481962441.0
535830.986067 5078464.08199 1481962466.0
535852.62655 5078467.31815 1481962491.0
535875.288405 5078468.44926 1481962515.0
535896.423415 5078465.12729 1481962558.0
535905.29139 5078448.62361 1481962631.0
535906.970776 5078426.74511 1481962661.0
535904.691059 5078404.84369 1481962685.0
535902.484448 5078383.72044 1481962705.0
535892.175325 5078367.55011 1481962734.0
535882.976129 5078347.38635 1481962762.0
535879.128886 5078328.03134 1481962820.0
535879.554534 5078308.14553 1481962883.0
535869.33314 5078290.19803 1481962916.0
535892.699469 5078290.4444 1481962975.0
535907.524692 5078277.53067 1481963018.0
535928.283805 5078272.20669 1481963049.0
535948.270507 5078266.21166 1481963103.0
535959.226571 5078251.16456 1481963176.0
535975.448109 5078238.48131 1481963232.0
535985.338726 5078219.76152 1481963273.0
535995.541221 5078200.82134 1481963317.0
536002.569234 5078180.41834 1481963357.0
536009.055154 5078159.78999 1481963390.0
536022.498388 5078144.31302 1481963427.0
536038.42272 5078129.40605 1481963464.0
536045.221928 5078108.33512 1481963493.0
536046.432848 5078087.00949 1481963530.0
536044.825694 5078069.66734 1481963588.0
536042.709976 5078046.32243 1481963613.0
536032.529296 5078021.37512 1481963636.0
536022.554319 5078001.09555 1481963651.0
536016.217793 5077982.61486 1481963688.0
536016.700217 5077966.39594 1481963737.0
536020.018191 5077943.19372 1481963756.0
536026.046338 5077921.22943 1481963778.0
536030.195117 5077902.03192 1481963809.0
536037.408033 5077889.96312 1481963933.0
536044.195212 5077871.00317 1481963954.0
536059.761834 5077850.98322 1481963980.0
536076.911083 5077839.19448 1481964008.0
536095.055445 5077829.85595 1481964038.0
536117.360544 5077825.98599 1481964072.0
536135.880806 5077832.09373 1481964161.0
536129.93889 5077852.50291 1481964207.0
536130.669855 5077873.61763 1481964249.0
536136.685899 5077893.76318 1481964288.0
536136.488442 5077914.31695 1481964338.0
536141.499696 5077933.6789 1481964365.0
536161.38997 5077931.12832 1481964468.0
536172.710347 5077946.97166 1481964515.0
536183.321572 5077964.5886 1481964562.0
536193.694642 5077983.09304 1481964600.0
536212.650312 5077994.31452 1481964665.0
536217.685928 5078009.45459 1481964721.0
536223.706095 5078028.8225 1481964742.0
536228.77708 5078051.18479 1481964773.0
536244.386419 5078063.72011 1481964840.0
536264.77686 5078068.50589 1481964892.0
536272.66653 5078086.77372 1481964929.0
536292.949317 5078096.66993 1481964951.0
536296.330277 5078115.91136 1481965002.0
536293.268968 5078134.89286 1481965044.0
536301.378352 5078155.38418 1481965084.0
536312.380915 5078172.337 1481965200.0
536332.007782 5078188.11821 1481965225.0
536347.36738 5078203.43002 1481965243.0
536358.981012 5078222.05314 1481965261.0
536363.667744 5078243.63554 1481965285.0
536367.037315 5078264.76579 1481965335.0
536376.871772 5078282.26742 1481965370.0
536394.479715 5078298.03698 1481965397.0
536410.258367 5078308.01825 1481965439.0
536420.476868 5078326.18886 1481965499.0
536417.790367 5078347.39466 1481965586.0
536420.006337 5078366.62933 1481965710.0
536418.106598 5078386.06204 1481965802.0
536431.295119 5078400.80578 1481965861.0
536450.410217 5078411.02898 1481965914.0
536437.211116 5078424.50652 1481966022.0
536415.787987 5078423.93618 1481966078.0
536395.698258 5078421.04048 1481966139.0
536414.837503 5078427.15272 1481966462.0
536431.50302 5078431.47276 1481966502.0
536447.10861 5078418.00936 1481966518.0
536459.488457 5078398.6383 1481966541.0
536467.374175 5078391.01825 1481970647.0
536455.330293 5078406.05806 1481970739.0
536475.378378 5078402.84278 1481970802.0
536493.305837 5078390.61534 1481970825.0
536510.605783 5078379.49534 1481970841.0
536528.723708 5078374.49113 1481970880.0
536548.850876 5078371.05433 1481970921.0
536569.068808 5078365.39598 1481970975.0
536575.406559 5078383.32174 1481971060.0
536590.458488 5078397.96571 1481971113.0
536582.638699 5078420.69666 1481971154.0
536567.936182 5078438.94269 1481971188.0
536582.515002 5078454.80604 1481971246.0
536605.243931 5078457.71794 1481971269.0
536599.139866 5078479.12571 1481971302.0
536596.603475 5078501.11009 1481971334.0
536592.828984 5078522.42052 1481971362.0
536585.820376 5078539.26754 1481971422.0
536578.869762 5078559.44814 1481971453.0
536581.995034 5078582.35481 1481971489.0
536584.97749 5078603.14959 1481971518.0
536603.357631 5078619.36877 1481971550.0
536623.957691 5078614.60172 1481971588.0
536644.71698 5078609.16903 1481971626.0
536659.206399 5078626.92088 1481971656.0
536660.401185 5078648.03845 1481971690.0
536660.817726 5078669.48474 1481971719.0
536664.019603 5078692.50302 1481971754.0
536673.968286 5078703.56157 1481971962.0
536676.008996 5078726.01745 1481971988.0
536670.062157 5078747.09277 1481972012.0
536674.81317 5078770.67576 1481972037.0
536695.256221 5078766.13024 1481972083.0
536709.631402 5078750.66027 1481972111.0
536733.383465 5078751.02323 1481972143.0
536752.021474 5078749.80043 1481972185.0
536770.0281 5078737.24094 1481972209.0
536791.025062 5078744.03203 1481972241.0
536803.963877 5078761.33059 1481972266.0
536812.859515 5078779.71624 1481972298.0
536826.344207 5078796.57366 1481972352.0
536847.350817 5078801.69839 1481972382.0
536864.603647 5078811.46739 1481972413.0
536886.815136 5078822.82146 1481972435.0
536906.399886 5078832.04892 1481972454.0
536923.588155 5078839.59554 1481972483.0
536942.781366 5078849.37633 1481972509.0
536962.518548 5078859.04931 1481972531.0
536975.954869 5078870.90691 1481972573.0
536989.453509 5078885.32041 1481972604.0
536997.953664 5078904.81505 1481972634.0
537020.432625 5078910.28249 1481972669.0
537012.102347 5078927.34336 1481972710.0
537007.716955 5078946.76108 1481972729.0
536997.417003 5078968.69897 1481972750.0
536985.258164 5078989.95913 1481972770.0
536973.493484 5079010.2217 1481972788.0
536961.49734 5079030.26069 1481972808.0
536955.09666 5079049.22199 1481972829.0
536946.511356 5079070.05911 1481972849.0
536934.593033 5079090.09861 1481972871.0
536922.300584 5079107.80264 1481972901.0
536911.715199 5079125.62797 1481972932.0
536894.778884 5079141.08224 1481972955.0
536889.748564 5079164.6072 1481972979.0
536874.81929 5079181.9623 1481973000.0
536856.46888 5079200.29706 1481973020.0
536841.64515 5079212.98633 1481973036.0
536840.494732 5079236.75661 1481973055.0
536839.364138 5079257.19377 1481973078.0
536828.91995 5079277.46446 1481973099.0
536818.80479 5079294.6261 1481973115.0
536800.197191 5079304.07085 1481973132.0
536779.354545 5079310.83579 1481973152.0
536759.404475 5079324.16148 1481973179.0
536741.18383 5079333.83092 1481973196.0
536718.498927 5079337.1408 1481973221.0
536701.903794 5079334.48699 1481973266.0
536683.432656 5079320.93353 1481973287.0
536671.577443 5079317.41901 1481973374.0
536649.429934 5079321.73229 1481973396.0
536625.872194 5079328.25948 1481973415.0
536605.564454 5079323.36182 1481973431.0
536585.203336 5079314.35293 1481973447.0
536562.011837 5079311.43834 1481973475.0
536538.700768 5079315.63404 1481973500.0
536519.425227 5079319.96472 1481973515.0
536496.504929 5079323.71846 1481973534.0
536474.468333 5079335.58836 1481973557.0
536459.385402 5079352.94354 1481973577.0
536452.209751 5079372.0119 1481973592.0
536451.45743 5079394.34018 1481973608.0
536443.638693 5079417.18244 1481973625.0
536432.037043 5079436.55811 1481973648.0
536424.92808 5079457.51573 1481973675.0
536408.937035 5079470.97692 1481973706.0
536388.216691 5079483.5215 1481973730.0
536371.840974 5079496.42499 1481973753.0
536367.127285 5079519.28557 1481973778.0
536366.383757 5079540.16951 1481973799.0
536363.628106 5079560.04167 1481973827.0
536365.98854 5079581.05494 1481973851.0
536371.223312 5079601.64065 1481973875.0
536369.540576 5079623.85237 1481973901.0
536368.966623 5079642.29294 1481973927.0
536367.981125 5079664.73098 1481973948.0
536368.248538 5079685.28753 1481973970.0
536378.074796 5079703.78916 1481973988.0
536392.260389 5079720.09424 1481974023.0
536394.461514 5079741.77324 1481974050.0
536397.599197 5079762.56888 1481974068.0
536398.541515 5079787.1293 1481974089.0
536393.370089 5079808.65388 1481974114.0
536393.791974 5079829.32246 1481974146.0
536375.302059 5079845.54675 1481974168.0
536359.132761 5079863.11802 1481974186.0
536340.740852 5079875.89864 1481974207.0
536333.49505 5079893.85564 1481974231.0
536324.76426 5079913.58168 1481974248.0
536314.930042 5079936.19007 1481974271.0
536316.425039 5079959.1982 1481974297.0
536312.724063 5079981.50923 1481974325.0
536318.108659 5080002.98466 1481974354.0
536322.578188 5080021.67702 1481974388.0
536310.601043 5080039.16188 1481974440.0
536299.845526 5080060.09828 1481974470.0
536301.139618 5080077.66094 1481974529.0
536300.766811 5080101.54699 1481974548.0
536290.64011 5080121.15379 1481974571.0
536273.244344 5080136.27371 1481974595.0
536282.23109 5080125.77107 1481974682.0
536284.454714 5080103.8958 1481974702.0
536272.070349 5080084.9349 1481974725.0
536261.821236 5080072.43079 1481974742.0
536241.336794 5080058.3113 1481974763.0
536220.330737 5080053.74412 1481974780.0
536193.24647 5080053.3636 1481974801.0
536175.740559 5080047.48373 1481974826.0
536160.524843 5080034.83968 1481974843.0
536137.125721 5080028.03665 1481974860.0
536115.20955 5080019.79796 1481974879.0
536097.445473 5080004.91705 1481974899.0
536077.125327 5080002.46541 1481974916.0
536054.811238 5079995.89123 1481974934.0
536033.616659 5079996.9901 1481974952.0
536013.203352 5079997.20472 1481974969.0
535989.002016 5079994.84191 1481974988.0
535966.916768 5079988.93603 1481975009.0
535954.606879 5079970.30954 1481975038.0
535944.152471 5079952.91602 1481975062.0
535928.080405 5079940.60091 1481975079.0
535917.072935 5079924.87086 1481975103.0
535905.789738 5079903.13939 1481975120.0
535896.353679 5079884.08524 1481975134.0
535884.075542 5079859.90368 1481975149.0
535867.147457 5079847.9171 1481975170.0
535844.098091 5079847.56148 1481975188.0
535820.878081 5079849.87155 1481975203.0
535803.048603 5079846.10192 1481975218.0
535781.397557 5079832.08834 1481975238.0
535769.312574 5079814.68572 1481975254.0
535764.162592 5079792.54551 1481975278.0
535741.827553 5079789.41669 1481975299.0
535724.2954 5079774.42711 1481975318.0
535701.738465 5079782.85239 1481975337.0
535684.048769 5079795.19456 1481975353.0
535661.28663 5079798.84116 1481975372.0
535639.309587 5079800.93685 1481975400.0
535616.463172 5079792.25016 1481975424.0
535596.833276 5079777.5822 1481975442.0
535579.823613 5079766.15149 1481975455.0
535556.36802 5079768.90563 1481975473.0
535537.060967 5079765.57272 1481975489.0
535511.116058 5079769.31273 1481975506.0
535488.203194 5079758.62619 1481975526.0
535467.788493 5079745.39855 1481975547.0
535448.069043 5079732.7305 1481975565.0
535431.144859 5079719.85629 1481975582.0
535415.702245 5079705.7684 1481975597.0
535396.045577 5079695.65636 1481975614.0
535371.227653 5079692.29249 1481975633.0
535349.781319 5079682.94814 1481975652.0
535332.559013 5079667.85034 1481975671.0
535311.220547 5079653.17356 1481975688.0
535291.337663 5079641.83838 1481975709.0
535272.028182 5079638.83961 1481975729.0
535250.073477 5079636.93694 1481975752.0
535229.775193 5079630.37723 1481975770.0
535205.897766 5079625.35276 1481975790.0
535187.961276 5079612.9179 1481975814.0
535184.961435 5079594.45697 1481975829.0
535187.187019 5079571.5814 1481975864.0
535170.726915 5079558.82166 1481975905.0
535159.436014 5079537.86931 1481975927.0
535148.998178 5079517.03294 1481975944.0
535140.960065 5079497.32127 1481975958.0
535134.007266 5079477.83798 1481975973.0
535127.663386 5079460.4692 1481976014.0
535114.961202 5079441.95331 1481976031.0
535102.800372 5079423.77384 1481976046.0
535089.948465 5079404.25719 1481976062.0
535080.740091 5079385.53895 1481976077.0
535074.012907 5079367.2792 1481976091.0
535067.617533 5079345.24367 1481976107.0
535060.296982 5079322.09184 1481976124.0
535050.312837 5079303.25815 1481976142.0
535027.519409 5079298.46273 1481976167.0
535006.956797 5079297.23545 1481976193.0
534985.696866 5079295.78208 1481976210.0
534962.351257 5079292.53929 1481976227.0
534944.989772 5079287.99705 1481976305.0
534947.235698 5079288.89858 1481976696.0
534927.091156 5079296.1181 1481976735.0
534909.621364 5079310.79697 1481976757.0
534887.49765 5079311.11679 1481976781.0
534880.386726 5079291.96624 1481976800.0
534864.877301 5079275.54612 1481976818.0
534861.573345 5079255.75037 1481976838.0
534859.382287 5079231.29436 1481976861.0
534856.632248 5079209.6129 1481976880.0
534842.768185 5079190.42441 1481976899.0
534826.847823 5079178.00196 1481976915.0
534805.574731 5079164.99394 1481976937.0
534794.73074 5079147.04471 1481976968.0
534776.890859 5079130.83396 1481976991.0
534765.181052 5079114.99097 1481977009.0
534760.754464 5079101.52212 1481977030.0
