534733.941453 5079079.70578 1346909285.0
534733.941453 5079079.70578 1346909286.0
534737.821889 5079079.83864 1346909357.0
534729.454154 5079090.9025 1346909376.0
534741.486279 5079076.97038 1346909489.0
534755.581131 5079041.27277 1346909523.0
534760.934585 5079069.41303 1346909588.0
534775.404557 5079091.38241 1346909607.0
534802.560928 5079107.31216 1346909635.0
534810.611025 5079111.35725 1346909642.0
534832.407027 5079128.03477 1346909666.0
534847.930034 5079142.12161 1346909682.0
534882.852459 5079171.09499 1346909730.0
534892.304001 5079188.14767 1346909745.0
534900.685735 5079215.97179 1346909766.0
534907.445527 5079242.34238 1346909791.0
534917.058389 5079258.28494 1346909804.0
534940.256919 5079287.63703 1346909831.0
534968.969523 5079288.91009 1346909860.0
534977.471816 5079295.29121 1346909883.0
535002.856409 5079322.32262 1346909919.0
535017.312993 5079346.40357 1346909948.0
535029.586123 5079372.24994 1346909987.0
535040.88594 5079391.75768 1346910055.0
535049.204501 5079403.13772 1346910071.0
535061.696116 5079417.7635 1346910091.0
535087.616632 5079432.24314 1346910122.0
535109.328733 5079449.69894 1346910150.0
535128.223846 5079471.13872 1346910184.0
535136.925295 5079497.07617 1346910206.0
535146.47792 5079523.46289 1346910231.0
535156.080897 5079540.96129 1346910248.0
535172.207947 5079571.38524 1346910290.0
535173.496528 5079590.5031 1346910315.0
535188.660438 5079612.81076 1346910344.0
535214.604468 5079622.95787 1346910379.0
535241.954951 5079631.44647 1346910427.0
535261.109241 5079634.44426 1346910490.0
535270.497403 5079635.05323 1346910491.0
535280.190327 5079636.66393 1346910510.0
535290.427178 5079638.16664 1346910528.0
535318.078793 5079661.87906 1346910581.0
535326.578313 5079668.59399 1346910592.0
535359.248917 5079683.22438 1346910625.0
535386.009762 5079686.15487 1346910666.0
535389.627139 5079691.50871 1346910693.0
535411.735707 5079707.19013 1346910720.0
535436.470301 5079725.10882 1346910773.0
535443.811767 5079730.70621 1346910774.0
535445.88825 5079734.05132 1346910789.0
535455.577161 5079736.32892 1346910791.0
535456.972923 5079736.55912 1346910806.0
535465.238716 5079743.38402 1346910807.0
535473.35499 5079749.20809 1346910823.0
535484.673712 5079765.05023 1346910851.0
535504.053949 5079769.16115 1346910869.0
535535.372335 5079789.34012 1346910952.0
535535.325176 5079797.56184 1346910953.0
535534.150426 5079772.33361 1346910981.0
535553.702236 5079787.11202 1346911087.0
535554.238509 5079788.33729 1346911088.0
535585.863503 5079795.62977 1346911148.0
535592.817967 5079801.0029 1346911149.0
535602.489482 5079806.28054 1346911162.0
535626.728105 5079802.30889 1346911203.0
535634.10254 5079802.12909 1346911242.0
535642.272913 5079798.50953 1346911243.0
535652.347797 5079801.12298 1346911259.0
535675.171982 5079786.69924 1346911285.0
535698.583391 5079791.61173 1346911318.0
535734.215845 5079803.81682 1346911432.0
535743.486356 5079811.31453 1346911488.0
535749.422736 5079818.23747 1346911500.0
535768.943102 5079838.34957 1346911530.0
535791.209911 5079853.25553 1346911567.0
535816.327149 5079858.40055 1346911590.0
535840.776696 5079858.20863 1346911629.0
535867.365275 5079863.91791 1346911706.0
535870.839776 5079867.04905 1346911707.0
535878.528848 5079879.53767 1346911728.0
535886.83942 5079891.91879 1346911753.0
535893.163617 5079898.84412 1346911764.0
535913.332165 5079927.51576 1346911822.0
535927.998929 5079941.26709 1346911847.0
535933.394282 5079947.74264 1346911872.0
535946.275521 5079974.92773 1346911915.0
535961.120107 5079998.12435 1346911949.0
535987.229412 5080006.05353 1346911974.0
536022.404673 5080003.14694 1346912022.0
536050.271077 5080002.53129 1346912050.0
536078.194392 5080005.47155 1346912096.0
536096.897026 5080005.80272 1346912118.0
536113.873996 5080022.56787 1346912157.0
536142.105686 5080025.84354 1346912187.0
536162.971371 5080041.18712 1346912226.0
536179.45282 5080049.72757 1346912271.0
536216.062238 5080053.71916 1346912352.0
536221.103579 5080054.30418 1346912353.0
536222.324235 5080044.64491 1346912364.0
536233.206694 5080055.0416 1346912450.0
536243.991102 5080055.66023 1346912461.0
536255.23619 5080070.3923 1346912500.0
536274.257893 5080095.72519 1346912571.0
536285.207534 5080121.12197 1346912650.0
536295.742441 5080098.0732 1346912706.0
536298.099067 5080066.75453 1346912767.0
536295.203959 5080057.51559 1346912774.0
536300.688025 5080048.77019 1346912797.0
536305.474274 5080039.90959 1346912822.0
536312.588925 5080044.28451 1346912823.0
536310.683862 5080038.2735 1346912878.0
536316.012096 5080029.63831 1346912879.0
536323.807562 5080023.79528 1346912912.0
536321.594581 5080004.11617 1346912957.0
536316.320175 5079977.08599 1346913101.0
536317.501912 5079974.093 1346913156.0
536313.597203 5079964.95925 1346913157.0
536310.911568 5079972.94329 1346913225.0
536314.759508 5079978.52124 1346913226.0
536310.293944 5079972.38412 1346913245.0
536315.058224 5079980.52294 1346913325.0
536322.476863 5079986.01073 1346913395.0
536319.733063 5079977.43932 1346913483.0
536319.235196 5079943.21512 1346913524.0
536325.287424 5079930.25096 1346913546.0
536333.891711 5079918.85728 1346913564.0
536340.821828 5079901.78729 1346913581.0
536345.584736 5079883.70462 1346913599.0
536355.73483 5079873.43112 1346913617.0
536369.818365 5079854.18098 1346913639.0
536388.856743 5079837.07103 1346913664.0
536409.222556 5079805.41378 1346913725.0
536407.421892 5079794.84793 1346913757.0
536410.456791 5079767.08875 1346913788.0
536404.159873 5079742.38576 1346913811.0
536391.642142 5079706.42432 1346913860.0
536386.30708 5079689.72678 1346913878.0
536374.582225 5079664.10308 1346913904.0
536371.788783 5079637.53186 1346913927.0
536373.292161 5079619.43008 1346913948.0
536380.625156 5079586.69627 1346913985.0
536376.082415 5079567.22569 1346914010.0
536373.627438 5079535.87882 1346914050.0
536375.668934 5079518.66906 1346914058.0
536397.953258 5079490.91182 1346914120.0
536422.122128 5079459.49918 1346914166.0
536434.623616 5079458.68381 1346914208.0
536438.340201 5079447.03933 1346914257.0
536449.379741 5079417.66064 1346914290.0
536455.744034 5079391.36549 1346914312.0
536469.283868 5079359.22385 1346914345.0
536480.284456 5079336.51146 1346914368.0
536495.547334 5079328.15714 1346914384.0
536516.327043 5079318.83538 1346914409.0
536551.055192 5079313.48475 1346914437.0
536586.386843 5079324.24853 1346914477.0
536612.346784 5079318.40204 1346914506.0
536646.027295 5079332.71186 1346914542.0
536665.894249 5079333.38493 1346914613.0
536689.83746 5079340.41536 1346914642.0
536717.46619 5079341.13457 1346914678.0
536753.523134 5079334.23742 1346914762.0
536761.940828 5079328.39863 1346914763.0
536768.731191 5079322.10577 1346914775.0
536787.385962 5079317.77217 1346914838.0
536793.094983 5079310.58405 1346914839.0
536799.966975 5079303.62505 1346914851.0
536820.796754 5079285.9715 1346914888.0
536826.051355 5079276.89187 1346914902.0
536832.692546 5079269.59821 1346914921.0
536838.266241 5079259.07608 1346914937.0
536840.806201 5079249.647 1346914959.0
536843.821794 5079238.55412 1346914973.0
536845.735529 5079230.01018 1346914993.0
536844.70303 5079220.89318 1346914995.0
536840.066334 5079217.42126 1346915030.0
536849.246274 5079200.92075 1346915051.0
536855.731672 5079193.7373 1346915063.0
536875.564815 5079174.07806 1346915099.0
536883.239705 5079162.67961 1346915124.0
536885.235766 5079153.35842 1346915136.0
536889.369918 5079136.93904 1346915165.0
536906.12452 5079125.928 1346915220.0
536923.061403 5079097.36302 1346915300.0
536929.239819 5079089.62227 1346915326.0
536936.897691 5079081.1126 1346915356.0
536938.273548 5079071.67662 1346915363.0
536951.046418 5079051.5311 1346915432.0
536954.202966 5079042.8835 1346915433.0
536955.395122 5079038.22407 1346915470.0
536959.719324 5079029.02789 1346915471.0
536960.662054 5079027.14468 1346915490.0
536965.60526 5079018.28552 1346915491.0
536970.929963 5079010.53973 1346915503.0
536984.931096 5078992.73488 1346915562.0
536988.947536 5078983.09245 1346915563.0
536990.272425 5078982.2115 1346915577.0
536995.367638 5078973.90881 1346915578.0
536994.997433 5078970.90668 1346915594.0
536998.320604 5078960.37126 1346915595.0
537005.808886 5078954.30503 1346915621.0
537006.805384 5078943.42239 1346915634.0
537006.687957 5078937.08853 1346915661.0
537008.834872 5078928.54604 1346915662.0
537017.256673 5078922.15207 1346915695.0
537019.443431 5078906.94334 1346915734.0
537017.273292 5078906.37483 1346915772.0
537008.363178 5078903.54391 1346915774.0
536999.827906 5078902.93741 1346915821.0
536991.091567 5078883.99689 1346915880.0
536984.847141 5078876.73759 1346915882.0
536984.078196 5078875.51082 1346915883.0
536978.097843 5078876.03067 1346916749.0
536976.229505 5078863.90875 1346916870.0
536961.28849 5078857.04203 1346916886.0
536941.039721 5078842.03282 1346916939.0
536930.958494 5078840.30611 1346916940.0
536924.136159 5078838.82105 1346916958.0
536899.722863 5078832.23138 1346916992.0
536873.13509 5078812.74033 1346917052.0
536854.076424 5078806.40491 1346917083.0
536844.439066 5078808.34755 1346917111.0
536828.524306 5078795.47554 1346917170.0
536824.137319 5078789.11631 1346917171.0
536814.704036 5078782.83822 1346917250.0
536809.471068 5078775.14069 1346917251.0
536811.238877 5078765.04036 1346917270.0
536803.554869 5078751.77288 1346917328.0
536801.459642 5078751.64933 1346917361.0
536794.751747 5078743.94305 1346917362.0
536788.883866 5078738.57503 1346917418.0
536783.952098 5078732.43482 1346917419.0
536773.767974 5078734.92986 1346917456.0
536761.962287 5078735.9709 1346917494.0
536752.030162 5078735.24534 1346917514.0
536745.065487 5078744.64822 1346917538.0
536736.671395 5078746.37618 1346917579.0
536731.848737 5078748.01421 1346917580.0
536721.933087 5078744.5111 1346917638.0
536713.215335 5078748.45934 1346917639.0
536711.185885 5078750.33615 1346917672.0
536704.024605 5078753.62697 1346917673.0
536697.388946 5078759.92083 1346917717.0
536689.681026 5078776.87471 1346917740.0
536678.458265 5078771.25288 1346917827.0
536669.964202 5078763.64727 1346917850.0
536670.531197 5078746.54 1346917898.0
536672.961868 5078729.33266 1346917946.0
536674.231451 5078711.5629 1346917966.0
536673.225602 5078711.00141 1346918015.0
536672.741391 5078700.99883 1346918016.0
536669.67908 5078693.7587 1346918136.0
536663.024923 5078690.05277 1346918137.0
536662.281524 5078684.49297 1346918184.0
536663.630682 5078666.39036 1346918207.0
536659.955216 5078657.81331 1346918263.0
536658.478261 5078645.02716 1346918276.0
536658.388726 5078633.91584 1346918326.0
536659.374797 5078624.69972 1346918328.0
536658.782697 5078619.80747 1346918367.0
536652.229077 5078612.21337 1346918368.0
536642.930241 5078609.38069 1346918573.0
536642.624987 5078608.49002 1346918574.0
536622.438632 5078608.92624 1346918640.0
536616.790883 5078605.67074 1346918674.0
536597.199952 5078610.44377 1346918737.0
536579.885073 5078571.5649 1346918883.0
536571.523966 5078554.51605 1346918952.0
536581.585835 5078546.46455 1346919004.0
536582.358835 5078547.02465 1346919175.0
536591.782426 5078528.74749 1346919318.0
536597.865214 5078497.7843 1346919386.0
536599.490612 5078485.46093 1346919454.0
536601.389133 5078479.47232 1346919455.0
536602.311945 5078467.81144 1346919490.0
536591.515818 5078442.4151 1346919592.0
536586.842976 5078444.94299 1346919593.0
536575.409184 5078448.65317 1346919627.0
536562.452973 5078447.24343 1346919686.0
536566.734754 5078432.04692 1346919746.0
536570.08003 5078430.84447 1346919747.0
536580.068399 5078422.12589 1346919787.0
536580.904368 5078412.02001 1346919817.0
536570.850917 5078392.29459 1346919971.0
536569.200746 5078382.50737 1346920002.0
536576.40303 5078372.32794 1346920034.0
536572.96212 5078363.41901 1346920060.0
536537.227964 5078367.31925 1346920261.0
536529.139361 5078369.82705 1346920262.0
536518.261316 5078371.42956 1346920298.0
536502.438268 5078382.22492 1346920317.0
536494.406394 5078388.28856 1346920333.0
536463.099802 5078404.99269 1346920365.0
536443.809735 5078411.32349 1346920518.0
536422.41 5078419.97521 1346920621.0
536413.122475 5078428.36483 1346920657.0
536402.301989 5078420.1904 1346920701.0
536392.506314 5078422.57725 1346920752.0
536402.194995 5078425.18963 1346921322.0
536421.300335 5078423.85746 1346921410.0
536430.980512 5078427.91424 1346921472.0
536431.679177 5078427.91835 1346921473.0
536447.754474 5078413.79106 1346921654.0
536435.812016 5078398.38796 1346921742.0
536441.29183 5078390.64263 1346921876.0
536438.050217 5078400.62327 1346921890.0
