534838.603853 5079102.73707 1436700475.0
534858.974902 5079096.74071 1436700482.0
534939.219377 5079086.19299 1436700486.0
534917.003474 5079075.17922 1436700491.0
534911.196907 5079086.25727 1436700492.0
534870.878512 5079105.6963 1436700498.0
534847.296143 5079103.00816 1436700504.0
534824.45687 5079106.21299 1436700510.0
534792.226129 5079109.25406 1436700527.0
534768.47728 5079108.56522 1436700539.0
534744.664138 5079091.65441 1436700600.0
534745.915301 5079062.32901 1436700638.0
534755.257558 5079043.60422 1436700663.0
534769.418963 5079009.90695 1436700813.0
534777.021254 5078996.95002 1436700889.0
534778.673769 5078992.95942 1436701351.0
534796.332078 5078986.28099 1436701554.0
534806.347856 5078985.89281 1436701571.0
534816.193004 5079002.05872 1436701752.0
534814.665346 5079025.27162 1436701771.0
534799.05612 5079040.29458 1436701791.0
534775.181998 5079048.0492 1436701831.0
534763.610816 5079076.65003 1436701865.0
534776.01056 5079094.0524 1436701882.0
534802.622949 5079110.0902 1436701912.0
534820.806396 5079120.41425 1436701932.0
534845.076822 5079138.77234 1436701962.0
534862.714898 5079149.42677 1436701981.0
534878.93949 5079162.9621 1436701996.0
534890.646413 5079179.24973 1436702015.0
534900.800276 5079209.41708 1436702047.0
534906.747573 5079228.44999 1436702065.0
534916.597684 5079257.39349 1436702094.0
534928.760644 5079275.35037 1436702109.0
534965.163705 5079289.33304 1436702269.0
534984.140733 5079296.43994 1436702284.0
534996.778543 5079312.73303 1436702302.0
535014.177122 5079338.16388 1436702327.0
535024.553804 5079356.22198 1436702348.0
535032.748968 5079375.71216 1436702367.0
535049.055551 5079402.0258 1436702395.0
535065.893091 5079416.78729 1436702419.0
535083.683341 5079427.77655 1436702438.0
535109.505371 5079445.92227 1436702463.0
535132.11915 5079468.60533 1436702493.0
535141.026338 5079499.32158 1436702520.0
535149.369869 5079519.92385 1436702541.0
535159.041632 5079538.97815 1436702556.0
535172.770805 5079567.9441 1436702636.0
535183.626211 5079597.22708 1436702737.0
535197.194248 5079613.52588 1436702758.0
535227.407685 5079623.58619 1436702794.0
535247.017578 5079628.36425 1436702817.0
535278.609774 5079627.98852 1436702863.0
535306.807575 5079637.59331 1436702899.0
535324.594865 5079648.9166 1436702937.0
535344.560351 5079659.36349 1436702952.0
535361.412973 5079671.23709 1436702974.0
535391.394932 5079680.96356 1436703005.0
535408.715627 5079692.39553 1436703030.0
535423.226931 5079706.47807 1436703050.0
535448.261776 5079726.17624 1436703078.0
535467.773214 5079734.5099 1436703107.0
535486.423857 5079744.06087 1436703125.0
535515.122705 5079760.8915 1436703177.0
535525.894941 5079763.73096 1436703189.0
535543.748885 5079776.83299 1436703205.0
535567.389234 5079795.96811 1436703230.0
535597.477252 5079800.58524 1436703264.0
535627.343891 5079803.2013 1436703305.0
535648.170803 5079798.65457 1436703326.0
535668.375568 5079794.32655 1436703349.0
535700.362072 5079792.73306 1436703376.0
535717.374005 5079803.71969 1436703403.0
535753.26676 5079811.14875 1436703568.0
535759.895865 5079819.07567 1436703580.0
535775.494568 5079832.83201 1436703599.0
535803.590601 5079846.32727 1436703630.0
535824.318691 5079845.44713 1436703649.0
535852.296632 5079852.49767 1436703693.0
535869.86428 5079861.26579 1436703720.0
535891.471899 5079882.72366 1436703772.0
535909.653211 5079892.71763 1436703805.0
535920.091714 5079912.8887 1436703822.0
535935.924592 5079926.31348 1436703846.0
535946.818299 5079948.26495 1436703860.0
535952.38866 5079978.07422 1436703892.0
535957.63196 5079983.99338 1436704065.0
535965.18226 5079993.5925 1436704075.0
535985.162994 5080001.04166 1436704098.0
536004.962511 5079999.60119 1436704113.0
536035.942366 5079997.44806 1436704147.0
536063.991824 5080005.38885 1436704173.0
536093.522983 5079998.78325 1436704208.0
536118.094704 5080017.48151 1436704246.0
536138.355325 5080016.82191 1436704263.0
536167.478126 5080026.9916 1436704290.0
536195.367233 5080049.04278 1436704412.0
536225.835783 5080054.66517 1436704549.0
536238.400001 5080056.18306 1436704562.0
536260.420375 5080073.08924 1436704623.0
536274.223875 5080088.28075 1436704667.0
536277.648124 5080113.18902 1436704704.0
536272.637142 5080133.93689 1436704734.0
536280.433087 5080127.9827 1436705553.0
536296.268915 5080114.18696 1436705581.0
536299.194325 5080091.76027 1436705617.0
536296.69118 5080081.85698 1436705624.0
536314.605461 5080044.51854 1436705701.0
536323.388159 5080015.90415 1436705873.0
536308.255717 5080028.81508 1436706140.0
536305.143124 5080056.68497 1436706182.0
536298.508732 5080076.31222 1436706203.0
536292.505814 5080107.38732 1436706237.0
536275.352871 5080094.2872 1436706316.0
536264.126087 5080076.44417 1436706333.0
536245.154588 5080055.77815 1436706372.0
536224.522276 5080053.65752 1436706392.0
536204.128623 5080050.53838 1436706409.0
536173.71234 5080049.24961 1436706439.0
536149.984242 5080032.33378 1436706476.0
536127.639882 5080030.98124 1436706498.0
536101.591071 5080012.71877 1436706532.0
536081.207579 5080007.82237 1436706550.0
536061.136435 5080002.59453 1436706574.0
536031.170044 5080003.97568 1436706604.0
536008.425242 5080004.73229 1436706620.0
535987.459013 5080006.6104 1436706654.0
535967.963956 5079995.7197 1436706672.0
535954.452303 5079970.19753 1436706699.0
535945.632224 5079952.03574 1436706734.0
535928.467813 5079940.71427 1436706753.0
535917.641332 5079920.54094 1436706776.0
535902.05733 5079904.33995 1436706794.0
535889.792131 5079877.93629 1436706830.0
535869.204791 5079867.92845 1436706845.0
535850.31648 5079859.37491 1436706859.0
535819.904986 5079857.08794 1436706885.0
535791.603104 5079852.36894 1436706917.0
535775.463771 5079838.16501 1436706932.0
535755.101877 5079815.93698 1436706962.0
535739.030363 5079803.40016 1436706988.0
535719.658068 5079797.95525 1436707009.0
535709.054009 5079792.89426 1436707102.0
535689.224943 5079785.89131 1436707129.0
535664.403271 5079796.74805 1436707163.0
535646.11389 5079805.42032 1436707202.0
535614.814481 5079809.01797 1436707245.0
535595.306025 5079800.23944 1436707268.0
535572.047883 5079795.66154 1436707285.0
535554.970177 5079782.56388 1436707302.0
535524.448221 5079772.38908 1436707332.0
535497.916243 5079756.68189 1436707367.0
535481.152543 5079742.9196 1436707396.0
535464.92252 5079730.82702 1436707414.0
535445.898359 5079718.71849 1436707433.0
535429.439812 5079705.84695 1436707445.0
535399.330737 5079691.23082 1436707476.0
535376.832957 5079689.32459 1436707490.0
535337.240226 5079677.2101 1436707544.0
535322.591169 5079660.01595 1436707578.0
535304.251113 5079650.35615 1436707599.0
535274.992071 5079636.30101 1436707637.0
535252.172222 5079636.39334 1436707665.0
535232.489798 5079630.72599 1436707682.0
535211.500524 5079622.82912 1436707700.0
535183.399686 5079609.78097 1436707739.0
535179.998489 5079579.98477 1436707763.0
535165.69517 5079556.45983 1436707861.0
535156.801502 5079537.07661 1436707880.0
535144.780362 5079508.00928 1436707908.0
535135.807049 5079488.95896 1436707925.0
535122.148211 5079461.21569 1436707950.0
535097.024831 5079443.07387 1436707984.0
535078.77398 5079431.1931 1436707998.0
535061.291056 5079420.76112 1436708014.0
535043.3477 5079395.66037 1436708041.0
535032.196223 5079377.37565 1436708056.0
535018.073474 5079349.18556 1436708080.0
535002.24174 5079321.20808 1436708106.0
534987.891966 5079305.68306 1436708123.0
534970.262075 5079293.69501 1436708141.0
534965.431294 5079324.44458 1436708183.0
534974.563119 5079343.0511 1436708199.0
534980.025531 5079365.41459 1436708217.0
534983.087412 5079386.76455 1436708233.0
534984.355295 5079409.6599 1436708250.0
534982.914735 5079431.09555 1436708266.0
534982.331102 5079451.98051 1436708282.0
534979.900827 5079483.7436 1436708310.0
534953.41012 5079460.26147 1436708353.0
534931.568531 5079479.47104 1436708398.0
534932.375269 5079501.58602 1436708414.0
534934.728048 5079524.8208 1436708430.0
534935.922843 5079546.93797 1436708449.0
534937.667198 5079567.94717 1436708466.0
534942.37523 5079600.19496 1436708492.0
534945.765022 5079632.21311 1436708521.0
534946.039036 5079652.43627 1436708554.0
534936.701472 5079670.38306 1436708570.0
534919.171366 5079682.17276 1436708586.0
534901.556202 5079695.29532 1436708606.0
534891.754402 5079713.01735 1436708621.0
534880.877382 5079742.51077 1436708654.0
534882.946655 5079747.18894 1436711105.0
534889.059895 5079736.66813 1436711951.0
534895.692653 5079716.59498 1436711973.0
534882.831338 5079698.74531 1436712024.0
534852.153923 5079688.35075 1436713324.0
534862.469648 5079689.63098 1436714630.0
534871.117269 5079683.90204 1436714642.0
534881.476113 5079663.73875 1436714661.0
534902.16584 5079655.96662 1436714737.0
534917.528989 5079670.6083 1436714756.0
534944.577437 5079663.87212 1436714782.0
534948.861445 5079633.67498 1436714806.0
534943.066869 5079601.42105 1436714839.0
534941.323797 5079580.18964 1436714857.0
534939.030512 5079560.17732 1436714876.0
534937.197337 5079527.3902 1436714903.0
534940.652601 5079506.52143 1436714922.0
534936.808841 5079486.16705 1436714938.0
534940.236005 5079456.52061 1436714967.0
534952.685453 5079437.3692 1436714983.0
534967.667001 5079409.6768 1436715020.0
534968.249332 5079389.01406 1436715037.0
534963.222008 5079358.31996 1436715062.0
534953.633867 5079338.04426 1436715080.0
534948.229613 5079305.34812 1436715106.0
534946.119669 5079280.33699 1436715316.0
534949.743396 5079270.91328 1436715326.0
534944.55437 5079241.32937 1436715361.0
534955.896372 5079212.17202 1436715400.0
534964.526798 5079182.11054 1436715439.0
534974.687275 5079142.28023 1436715555.0
534993.522416 5079119.6095 1436715608.0
535012.430699 5079111.49434 1436715626.0
535025.226071 5079086.2341 1436715661.0
535045.847486 5079063.46251 1436715704.0
535061.824622 5079052.10881 1436715752.0
535081.044316 5079043.88451 1436715769.0
535099.501689 5079033.21159 1436715828.0
535109.827517 5079005.49316 1436715884.0
535097.9788 5078986.87106 1436715929.0
535127.080571 5078960.81455 1436716030.0
535132.562661 5078952.29034 1436716048.0
535149.072149 5078929.27357 1436716116.0
535158.168457 5078913.10345 1436716149.0
535154.246126 5078892.97071 1436716178.0
535163.884524 5078863.35966 1436716209.0
535173.19549 5078836.74666 1436716255.0
535185.55222 5078820.59509 1436716310.0
535190.556123 5078800.62413 1436716352.0
535204.570862 5078779.59327 1436716399.0
535211.06173 5078757.51973 1436716551.0
535192.801482 5078746.97189 1436716583.0
535171.072054 5078745.84856 1436716618.0
535144.0249 5078737.91759 1436716689.0
535154.446776 5078720.75501 1436716721.0
535148.079967 5078693.60864 1436716869.0
535151.596972 5078675.74026 1436716961.0
535151.195376 5078650.73877 1436717020.0
535126.066235 5078633.04129 1436717084.0
535109.296122 5078619.72446 1436717115.0
535102.576333 5078600.02035 1436717137.0
535084.948769 5078573.58804 1436717187.0
535079.826056 5078546.00436 1436717238.0
535068.076911 5078537.04927 1436717524.0
535060.225157 5078511.56121 1436717693.0
535056.360048 5078481.20698 1436717757.0
535034.42643 5078502.3045 1436717800.0
535014.580967 5078511.08096 1436717829.0
534990.854455 5078492.28089 1436717859.0
534979.856412 5078473.99717 1436717871.0
534958.568112 5078449.5445 1436717899.0
534947.712052 5078419.81757 1436717923.0
534933.597917 5078403.4052 1436717943.0
534917.688831 5078388.64935 1436717961.0
534897.328484 5078378.53501 1436717979.0
534865.102542 5078366.24293 1436718017.0
534846.985194 5078357.58576 1436718032.0
534815.624456 5078357.0762 1436718058.0
534796.664931 5078346.30341 1436718078.0
534779.72872 5078334.65317 1436718098.0
534769.964037 5078303.93273 1436718134.0
534765.908448 5078279.57744 1436718155.0
534752.260545 5078262.94589 1436718183.0
534735.084278 5078252.51662 1436718197.0
534704.818556 5078250.45825 1436718225.0
534677.863554 5078267.19572 1436718255.0
534656.372717 5078264.74226 1436718279.0
534623.65386 5078257.11521 1436718307.0
534598.573206 5078244.08669 1436718350.0
534569.848884 5078244.03753 1436718399.0
534557.764786 5078225.3041 1436718422.0
534560.210401 5078218.31797 1436720170.0
534551.407644 5078223.71315 1436720188.0
534546.226124 5078220.12883 1436720238.0
534491.279844 5078258.59932 1436720354.0
534486.725912 5078267.7959 1436720385.0
534461.204973 5078264.09851 1436720470.0
534448.40338 5078248.69453 1436720517.0
534428.325194 5078243.47203 1436720550.0
534403.579277 5078226.00188 1436720607.0
534385.854006 5078202.45986 1436720668.0
534369.925857 5078190.81635 1436720741.0
534343.977526 5078180.11732 1436720841.0
534324.759867 5078187.67728 1436720890.0
534297.320446 5078179.85898 1436720942.0
534272.069411 5078169.38632 1436721023.0
534262.045097 5078142.99846 1436721076.0
534241.405187 5078140.99559 1436721123.0
534214.613611 5078156.40267 1436721162.0
534195.157627 5078164.96168 1436721191.0
534168.675576 5078180.59288 1436721280.0
534163.193544 5078189.22903 1436721288.0
534142.178268 5078213.11243 1436721326.0
534125.882837 5078225.80003 1436721358.0
534119.323193 5078246.87431 1436721376.0
534102.865295 5078275.005 1436721405.0
534090.276842 5078291.26853 1436721420.0
534076.071701 5078319.18947 1436721445.0
534063.246852 5078336.1184 1436721464.0
534048.192885 5078363.14587 1436721487.0
534023.387583 5078384.67559 1436721515.0
534009.100851 5078399.26335 1436721538.0
533989.470548 5078411.48858 1436721560.0
533967.942214 5078415.92596 1436721576.0
533936.903824 5078413.31156 1436721604.0
533921.700405 5078425.22793 1436721625.0
533904.40592 5078436.24403 1436721643.0
533884.969347 5078455.69263 1436721681.0
533866.242562 5078458.92349 1436721711.0
533846.943877 5078467.37333 1436721731.0
533819.998835 5078482.89237 1436721762.0
533802.838134 5078497.90935 1436721785.0
533785.850338 5078509.70521 1436721807.0
533766.700061 5078533.71113 1436721836.0
533746.239749 5078541.71052 1436721855.0
533725.485908 5078546.59738 1436721871.0
533697.691842 5078561.33458 1436721897.0
533678.176524 5078566.89497 1436721919.0
533650.615544 5078581.63365 1436721950.0
533636.085204 5078598.44308 1436721965.0
533621.412949 5078612.80742 1436721988.0
533602.795049 5078624.70603 1436721997.0
533578.704227 5078643.79702 1436722024.0
533571.767766 5078663.20322 1436722171.0
533564.742285 5078670.38714 1436722182.0
533570.957775 5078698.08653 1436722215.0
533586.745233 5078721.3935 1436722243.0
533576.70201 5078741.11618 1436722260.0
533561.647522 5078768.81147 1436722287.0
533565.910871 5078798.61132 1436722361.0
533564.922208 5078809.16116 1436722369.0
533563.947388 5078831.48846 1436722389.0
533552.831511 5078848.6499 1436722407.0
533542.407693 5078867.03729 1436722423.0
533517.467737 5078885.45727 1436722446.0
533497.317001 5078893.90358 1436722463.0
533466.14141 5078902.73483 1436722487.0
533453.950603 5078917.77961 1436722505.0
533430.863275 5078938.20987 1436722529.0
533412.412144 5078948.22112 1436722545.0
533385.088942 5078948.07386 1436722576.0
533363.518796 5078946.29108 1436722595.0
533352.587257 5078929.34393 1436722612.0
533337.501663 5078905.37468 1436722638.0
533330.540131 5078886.33789 1436722654.0
533315.136681 5078863.70028 1436722680.0
533299.919423 5078849.73008 1436722699.0
533275.410467 5078831.37683 1436722728.0
533256.911948 5078821.27787 1436722742.0
533235.221561 5078841.82746 1436722786.0
533227.677494 5078873.45258 1436722823.0
