534760.12511 5079116.85144 1413609942.0
534739.264064 5079099.51277 1413609966.0
534738.9806 5079080.8451 1413610014.0
534745.485082 5079055.99347 1413610029.0
534752.811675 5079036.81294 1413610046.0
534762.780957 5079058.53484 1413610078.0
534755.032601 5079083.7128 1413610092.0
534774.575349 5079100.82191 1413610110.0
534787.727241 5079108.67326 1413610135.0
534809.774275 5079122.12999 1413610165.0
534831.426867 5079136.69566 1413610183.0
534851.121977 5079154.25029 1413610200.0
534869.031091 5079171.90606 1413610215.0
534884.470654 5079186.99249 1413610236.0
534893.905274 5079207.04499 1413610251.0
534903.448133 5079235.43119 1413610264.0
534913.019073 5079258.81772 1413610276.0
534927.628889 5079283.34375 1413610303.0
534947.405975 5079286.23295 1413610380.0
534963.035016 5079267.65503 1413610415.0
534975.192616 5079245.27989 1413610433.0
534986.696725 5079228.67868 1413610461.0
535004.123831 5079207.88886 1413610509.0
535018.21905 5079186.08029 1413610527.0
535035.516619 5079174.51177 1413610572.0
535041.22686 5079166.76652 1413610575.0
535051.022387 5079150.37798 1413610581.0
535068.958057 5079135.81325 1413610616.0
535092.249238 5079135.05625 1413610638.0
535121.336145 5079138.8876 1413610663.0
535141.265699 5079142.33382 1413610681.0
535163.306672 5079129.34815 1413610699.0
535178.538559 5079112.54623 1413610718.0
535194.130868 5079100.63514 1413610761.0
535211.100877 5079078.51 1413610786.0
535224.983137 5079067.0337 1413610814.0
535242.951687 5079046.80316 1413610829.0
535262.460146 5079028.80359 1413610849.0
535278.098367 5079008.89321 1413610865.0
535295.048042 5078990.43474 1413610883.0
535319.372326 5078985.57349 1413610904.0
535342.440116 5078983.26064 1413610929.0
535356.715384 5078971.00912 1413610938.0
535359.156271 5078951.35698 1413610966.0
535376.637263 5078948.67906 1413611071.0
535405.031813 5078937.95267 1413611156.0
535403.692996 5078927.72311 1413611195.0
535418.584266 5078902.80897 1413611229.0
535416.591934 5078884.68702 1413611249.0
535416.347953 5078859.46418 1413611268.0
535415.720926 5078833.35029 1413611283.0
535423.379405 5078810.8392 1413611318.0
535435.024758 5078783.46218 1413611344.0
535442.907981 5078762.3968 1413611421.0
535454.278046 5078742.46245 1413611440.0
535466.373573 5078731.42089 1413611493.0
535488.410319 5078705.99228 1413611510.0
535507.766576 5078687.77038 1413611525.0
535515.257575 5078667.4806 1413611551.0
535518.11904 5078642.27555 1413611572.0
535533.342243 5078627.36328 1413611631.0
535541.673807 5078622.96674 1413611634.0
535556.122756 5078607.71676 1413611659.0
535566.531329 5078593.11027 1413611729.0
535577.913575 5078571.17628 1413611740.0
535589.297177 5078549.02011 1413611756.0
535597.541912 5078532.73463 1413611794.0
535612.024403 5078511.70737 1413611843.0
535626.064563 5078500.12175 1413611884.0
535639.506108 5078484.64396 1413612005.0
535647.2575 5078459.68931 1413612040.0
535653.951835 5078443.06166 1413612060.0
535668.586786 5078422.59095 1413612072.0
535683.633239 5078411.56679 1413612101.0
535695.400945 5078417.18994 1413612234.0
535716.066407 5078414.5313 1413612285.0
535737.19318 5078412.65314 1413612316.0
535747.562315 5078431.93457 1413612342.0
535756.791304 5078446.98734 1413612377.0
535769.096553 5078467.05773 1413612409.0
535785.852845 5078455.71037 1413612445.0
535810.310492 5078455.07388 1413612479.0
535832.813286 5078456.87055 1413612514.0
535844.86378 5078453.82922 1413612670.0
535870.713799 5078440.64585 1413612698.0
535887.266199 5078437.74176 1413612825.0
535886.748094 5078419.96153 1413612860.0
535878.979741 5078394.02845 1413612877.0
535893.458363 5078373.89068 1413612905.0
535887.360534 5078354.41152 1413612939.0
535885.086302 5078344.9542 1413613020.0
535885.745504 5078324.95863 1413613075.0
535879.863128 5078308.48064 1413613121.0
535879.187793 5078291.03282 1413613129.0
535894.322645 5078291.67599 1413613165.0
535906.415327 5078281.41302 1413613276.0
535922.382534 5078272.3947 1413613317.0
535936.782986 5078265.81172 1413613371.0
535957.565368 5078256.48809 1413613417.0
535977.438805 5078243.27049 1413613529.0
535992.135505 5078225.8008 1413613585.0
536001.551365 5078208.63379 1413613640.0
536005.751062 5078193.99197 1413613704.0
536020.037042 5078167.0758 1413613750.0
536028.678027 5078149.68211 1413613778.0
536047.385522 5078136.79127 1413613830.0
536052.304106 5078118.70933 1413613858.0
536056.952253 5078093.73713 1413613878.0
536057.641183 5078082.07483 1413613905.0
536057.282019 5078063.73997 1413613914.0
536046.822548 5078033.34674 1413613936.0
536036.08098 5078011.39608 1413613956.0
536025.968808 5077988.00469 1413613974.0
536021.614478 5077962.42462 1413613991.0
536026.929041 5077943.01166 1413614012.0
536030.816992 5077915.25735 1413614040.0
536039.51196 5077888.64206 1413614068.0
536047.537453 5077870.35596 1413614096.0
536061.238223 5077850.76959 1413614131.0
536077.998645 5077839.0897 1413614175.0
536099.24978 5077829.54705 1413614223.0
536118.305135 5077823.76934 1413614306.0
536133.733448 5077840.85872 1413614389.0
536131.456006 5077858.62267 1413614438.0
536130.003435 5077881.39128 1413614479.0
536136.508605 5077897.53981 1413614535.0
536136.780202 5077917.54077 1413614602.0
536144.02928 5077939.24904 1413614637.0
536162.938794 5077931.804 1413614758.0
536173.488647 5077946.64288 1413614816.0
536183.474249 5077965.03392 1413614877.0
536193.078103 5077982.31168 1413614932.0
536210.089659 5077994.07734 1413615016.0
536215.604721 5078006.88695 1413615262.0
536219.987432 5078027.46748 1413615300.0
536229.173693 5078049.74271 1413615328.0
536240.136036 5078060.36202 1413615408.0
536269.157788 5078076.08685 1413615502.0
536277.0858 5078087.79956 1413615533.0
536290.583882 5078102.87811 1413615554.0
536297.08514 5078119.58234 1413615650.0
536291.527213 5078140.66027 1413615721.0
536293.024579 5078150.11319 1413615783.0
536307.677213 5078166.86517 1413615861.0
536325.430511 5078184.4131 1413615890.0
536342.025086 5078200.95433 1413615911.0
536353.332771 5078218.79788 1413615931.0
536363.517695 5078242.7458 1413615993.0
536363.956825 5078260.52562 1413616044.0
536374.170978 5078279.47388 1413616088.0
536387.399634 5078300.662 1413616119.0
536400.050231 5078301.29182 1413616196.0
536413.931128 5078317.15066 1413616245.0
536399.893634 5078327.95677 1413616435.0
536393.193907 5078345.13914 1413616527.0
536401.152615 5078377.96268 1413616670.0
536413.857137 5078395.81456 1413616703.0
536443.314017 5078403.2097 1413616846.0
536458.003546 5078413.51801 1413616887.0
536445.693638 5078421.00095 1413616959.0
536429.554448 5078432.7946 1413616982.0
536410.194095 5078424.68107 1413617065.0
536435.404084 5078428.16246 1413622379.0
536453.733916 5078413.4929 1413622407.0
536450.512423 5078433.25115 1413622469.0
536455.034911 5078456.27707 1413622497.0
536452.575346 5078478.48417 1413622536.0
536472.778453 5078475.26979 1413622620.0
536484.687967 5078496.22816 1413622655.0
536482.008504 5078516.2118 1413622683.0
536492.596919 5078537.38463 1413622753.0
536503.923176 5078551.89535 1413622827.0
536522.831278 5078544.45142 1413622890.0
536531.402494 5078565.39021 1413622951.0
536532.444441 5078586.17353 1413622972.0
536541.065678 5078611.77916 1413623000.0
536554.175138 5078626.63382 1413623137.0
536563.776908 5078643.91218 1413623165.0
536565.60286 5078663.36684 1413623232.0
536563.531099 5078685.57619 1413623263.0
536568.574715 5078712.27185 1413623296.0
536574.478724 5078737.86151 1413623316.0
536573.983718 5078755.96918 1413623337.0
536573.463142 5078778.4099 1413623358.0
536582.245737 5078802.90548 1413623386.0
536592.243799 5078818.74184 1413623406.0
536587.833416 5078842.604 1413623434.0
536566.716338 5078843.0349 1413623485.0
536546.643413 5078850.69405 1413623563.0
536530.659726 5078862.59946 1413623631.0
536512.51824 5078845.49303 1413623678.0
536501.505667 5078830.5397 1413623744.0
536489.443585 5078809.24705 1413623779.0
536469.318052 5078799.4622 1413623821.0
536453.467055 5078788.81369 1413623862.0
536437.58334 5078783.72042 1413623897.0
536411.614871 5078777.45685 1413623923.0
536393.369717 5078777.90522 1413623966.0
536369.02091 5078786.65091 1413623986.0
536346.307507 5078794.51742 1413624047.0
536328.348932 5078812.30049 1413624068.0
536309.65132 5078823.74613 1413624102.0
536296.766493 5078836.78138 1413624130.0
536280.367818 5078853.35153 1413624155.0
536262.845831 5078862.91536 1413624182.0
536247.997842 5078879.82799 1413624226.0
536241.462802 5078895.56709 1413624257.0
536235.721233 5078921.64387 1413624276.0
536233.26391 5078943.62886 1413624303.0
536230.578931 5078964.72365 1413624338.0
536217.534769 5078978.53589 1413624374.0
536224.793952 5078998.24442 1413624444.0
536236.685721 5079022.20214 1413624500.0
536243.193915 5079037.57309 1413624540.0
536244.981743 5079063.6939 1413624559.0
536241.587131 5079086.67338 1413624608.0
536235.411835 5079107.30334 1413624672.0
536225.603996 5079125.24548 1413624705.0
536223.525787 5079148.7882 1413624758.0
536238.549356 5079168.09772 1413624813.0
536245.392194 5079192.58148 1413624837.0
536255.540504 5079209.30704 1413624865.0
536270.043251 5079224.72481 1413624900.0
536266.076442 5079239.36784 1413624937.0
536261.088899 5079256.00484 1413624997.0
536243.420631 5079264.23457 1413625060.0
536225.611784 5079283.24099 1413625100.0
536212.152278 5079301.82845 1413625140.0
536195.399401 5079312.84135 1413625165.0
536167.530966 5079326.56711 1413625195.0
536145.997028 5079332.21907 1413625227.0
536125.350498 5079345.43161 1413625247.0
536117.237335 5079365.71706 1413625342.0
536110.012332 5079380.11898 1413625378.0
536106.377107 5079404.54154 1413625397.0
536111.684039 5079426.23852 1413625417.0
536114.442536 5079445.69848 1413625438.0
536116.10467 5079466.81868 1413625458.0
536115.973848 5079489.26172 1413625478.0
536126.34967 5079506.87727 1413625501.0
536136.16657 5079527.15617 1413625548.0
536151.492154 5079547.80055 1413625568.0
536157.019972 5079571.4988 1413625596.0
536171.653328 5079591.02811 1413625617.0
536186.325526 5079603.89121 1413625637.0
536201.343538 5079623.97838 1413625658.0
536208.765 5079642.35457 1413625679.0
536219.739124 5079663.75145 1413625699.0
536231.650383 5079684.15386 1413625720.0
536244.902441 5079700.89758 1413625748.0
536261.695375 5079722.66191 1413625778.0
536271.301408 5079739.05102 1413625813.0
536276.424713 5079752.19176 1413625841.0
536291.225014 5079782.83315 1413625863.0
536293.442738 5079801.73451 1413625921.0
536278.189942 5079821.86684 1413625962.0
536279.331722 5079852.20602 1413626019.0
536278.671327 5079872.2016 1413626073.0
536270.776841 5079894.93253 1413626091.0
536271.415044 5079918.49117 1413626110.0
536281.3691 5079941.65994 1413626128.0
536288.010572 5079960.58721 1413626149.0
536306.373068 5079979.24985 1413626183.0
536312.462688 5079999.61832 1413626204.0
536306.495445 5080024.58266 1413626311.0
536299.380388 5080046.76258 1413626329.0
536293.266485 5080070.28167 1413626357.0
536291.730882 5080093.9387 1413626374.0
536287.730048 5080114.47026 1413626400.0
536286.055694 5080095.57207 1413626478.0
536271.682763 5080071.59966 1413626503.0
536251.572732 5080059.8156 1413626534.0
536227.888993 5080061.8992 1413626573.0
536206.194198 5080055.66142 1413626598.0
536184.672749 5080046.31371 1413626622.0
536162.479993 5080032.29561 1413626647.0
536138.836369 5080027.49109 1413626673.0
536124.556379 5080014.07484 1413626691.0
536099.773116 5080005.04172 1413626719.0
536081.686827 5080005.49189 1413626750.0
536054.788606 5079999.77988 1413626764.0
536030.893209 5079998.19645 1413626790.0
536010.172697 5079997.85375 1413626809.0
535987.206822 5080009.94218 1413626827.0
535964.415192 5079992.03253 1413626854.0
535945.852014 5079981.03621 1413626882.0
535940.1937 5079953.00416 1413626910.0
535927.882369 5079934.59993 1413626926.0
535917.158607 5079910.09399 1413626977.0
535901.765213 5079887.78317 1413626990.0
535880.566939 5079862.66106 1413627007.0
535849.91685 5079861.37254 1413627027.0
535827.841278 5079853.68949 1413627055.0
535809.605133 5079853.13962 1413627076.0
535788.324856 5079842.12807 1413627093.0
535771.123299 5079823.69591 1413627120.0
535748.133464 5079813.00796 1413627147.0
535728.38404 5079805.67202 1413627183.0
535705.966166 5079789.98766 1413627207.0
535685.799758 5079787.64931 1413627225.0
535670.633361 5079793.11736 1413627248.0
535645.377402 5079798.52739 1413627271.0
535623.626813 5079801.73552 1413627314.0
535596.271206 5079794.35627 1413627339.0
535573.257362 5079787.77982 1413627355.0
535546.087937 5079788.51273 1413627380.0
535523.064464 5079783.60304 1413627407.0
535505.694002 5079767.39282 1413627424.0
535486.131197 5079754.50333 1413627443.0
535471.454746 5079742.19742 1413627477.0
535454.416145 5079735.76674 1413627496.0
535435.122832 5079716.4347 1413627508.0
535417.377857 5079697.77822 1413627527.0
535391.800318 5079691.52112 1413627599.0
535365.079454 5079681.59104 1413627620.0
535339.945004 5079665.67031 1413627643.0
535319.195157 5079656.66336 1413627661.0
535295.459442 5079640.41746 1413627685.0
535271.433834 5079634.1697 1413627702.0
535250.862894 5079634.60817 1413627730.0
535225.660371 5079630.57605 1413627758.0
535197.003042 5079619.85794 1413627786.0
535180.828927 5079597.76673 1413627814.0
535180.717212 5079576.43341 1413627834.0
535166.071265 5079558.57302 1413627851.0
535159.45619 5079534.31398 1413627887.0
535151.153769 5079520.15618 1413627907.0
535146.094063 5079495.35045 1413627924.0
535135.122245 5079472.84445 1413627941.0
535127.334515 5079450.02321 1413627957.0
535109.194096 5079432.36537 1413627972.0
535098.437888 5079412.86057 1413627987.0
535079.141825 5079393.64077 1413628005.0
535061.520534 5079380.2081 1413628033.0
535049.447725 5079360.14041 1413628061.0
535025.053425 5079350.22498 1413628089.0
535013.93069 5079326.8295 1413628108.0
534994.21965 5079312.27415 1413628124.0
534976.850868 5079295.28771 1413628141.0
534953.595406 5079289.82331 1413628160.0
534936.613291 5079273.06138 1413628179.0
534925.100108 5079249.99719 1413628199.0
534915.519808 5079228.2772 1413628219.0
534908.271157 5079206.01483 1413628240.0
534899.47819 5079182.29937 1413628259.0
534884.064921 5079162.54652 1413628279.0
534870.590813 5079143.02685 1413628298.0
534851.663178 5079127.03197 1413628315.0
534830.387462 5079114.46829 1413628334.0
534809.10105 5079103.79345 1413628352.0
534790.138829 5079093.90949 1413628373.0
534774.330648 5079075.26578 1413628393.0
534777.170853 5079053.28242 1413628413.0
534783.668031 5079029.76407 1413628432.0
534784.428082 5079004.99134 1413628460.0
534778.914718 5079019.18217 1413630001.0
534758.799764 5079034.84659 1413630021.0
534748.820313 5079056.4566 1413630042.0
534746.121747 5079080.88514 1413630061.0
534758.050197 5079099.28479 1413630081.0
