534758.851835 5079039.40229 1338066462.0
534759.475361 5079066.62715 1338066702.0
534776.009937 5079094.1635 1338066822.0
534793.562527 5079106.26166 1338066902.0
534815.24892 5079114.82764 1338066982.0
534835.230724 5079122.82858 1338067062.0
534854.500894 5079146.9362 1338067182.0
534872.451913 5079157.14799 1338067262.0
534887.418279 5079173.56506 1338067342.0
534897.476372 5079193.17664 1338067422.0
534901.1502 5079216.19662 1338067502.0
534904.043427 5079239.98996 1338067582.0
534915.275031 5079257.94157 1338067662.0
534929.769061 5079275.46717 1338067742.0
534954.086188 5079285.38177 1338067862.0
534968.31874 5079266.68488 1338067982.0
534972.625541 5079246.26537 1338068062.0
534994.386685 5079227.72214 1338068182.0
535008.035568 5079202.46669 1338068302.0
535012.359491 5079179.0474 1338068382.0
535037.648797 5079168.07958 1338068502.0
535053.034229 5079151.50044 1338068622.0
535076.652549 5079134.07908 1338068742.0
535098.224758 5079135.31231 1338068822.0
535118.705235 5079137.42828 1338068902.0
535141.767337 5079136.00352 1338068982.0
535162.196027 5079133.56394 1338069062.0
535173.717241 5079114.07437 1338069142.0
535187.03075 5079093.37282 1338069222.0
535200.199202 5079070.89274 1338069342.0
535217.736567 5079071.88125 1338069462.0
535235.77512 5079052.98438 1338069582.0
535257.994611 5079036.00018 1338069702.0
535275.144933 5079009.54305 1338069822.0
535294.152432 5078997.76275 1338069902.0
535312.830519 5078989.31387 1338069982.0
535333.89975 5078983.54526 1338070062.0
535351.815654 5078972.64778 1338070142.0
535375.372464 5078952.67172 1338070262.0
535402.805686 5078947.16189 1338070382.0
535409.129153 5078927.30974 1338070582.0
535420.083878 5078898.48434 1338070702.0
535423.289797 5078880.83654 1338070822.0
535422.482787 5078859.05481 1338070902.0
535427.095495 5078839.74844 1338070982.0
535431.849378 5078809.33211 1338071102.0
535438.059755 5078782.14624 1338071222.0
535443.907577 5078764.06913 1338071302.0
535447.191348 5078759.97693 1338071342.0
535496.754461 5078712.92874 1338071382.0
535493.226302 5078719.01945 1338071422.0
535500.152851 5078688.83784 1338071582.0
535522.406844 5078666.18828 1338071702.0
535524.688084 5078633.86902 1338071822.0
535541.391334 5078618.07639 1338071942.0
535554.801317 5078594.48737 1338072062.0
535560.956334 5078577.07878 1338072182.0
535579.129015 5078562.29465 1338072302.0
535591.367821 5078539.92117 1338072422.0
535599.262722 5078516.96722 1338072542.0
535617.600504 5078500.51754 1338072702.0
535637.963117 5078482.96847 1338072822.0
535642.030161 5078464.21466 1338072942.0
535660.939103 5078442.99075 1338073102.0
535680.12991 5078426.76837 1338073262.0
535701.751846 5078419.78199 1338073542.0
535715.927794 5078411.6417 1338073702.0
535743.524848 5078418.57836 1338073822.0
535761.987271 5078434.46215 1338073942.0
535775.522379 5078443.20667 1338074102.0
535786.134487 5078447.26781 1338074262.0
535814.853425 5078448.10034 1338074382.0
535840.130333 5078453.46852 1338074502.0
535868.52972 5078455.85497 1338074662.0
535891.216064 5078452.76417 1338074862.0
535903.414626 5078424.16904 1338075022.0
535899.521402 5078399.36946 1338075142.0
535900.235992 5078369.81895 1338075262.0
535884.437395 5078363.17211 1338075542.0
535870.695263 5078336.53782 1338075662.0
535865.827845 5078319.06574 1338075782.0
535868.058252 5078295.85714 1338075942.0
535882.060144 5078291.04945 1338076302.0
535905.064702 5078286.73836 1338076462.0
535923.103753 5078268.51011 1338076622.0
535890.48076 5078257.98811 1338076902.0
535909.055686 5078267.87317 1338077262.0
535930.178517 5078266.7734 1338077382.0
535950.490585 5078258.22478 1338077542.0
535969.244275 5078250.66715 1338077702.0
535980.296752 5078232.39853 1338077862.0
535994.064691 5078227.81194 1338078182.0
536006.401993 5078202.21772 1338078342.0
536012.897587 5078179.92281 1338078462.0
536014.821928 5078156.04583 1338078582.0
536034.823945 5078147.49568 1338078742.0
536048.781625 5078137.02161 1338078862.0
536059.754245 5078105.86417 1338078982.0
536057.559672 5078082.741 1338079062.0
536052.521055 5078054.71256 1338079182.0
536044.719314 5078034.5567 1338079262.0
536039.08806 5078014.969 1338079342.0
536023.419277 5077999.21174 1338079422.0
536023.772923 5077978.43667 1338079502.0
536023.278392 5077956.65669 1338079582.0
536030.22977 5077936.14217 1338079662.0
536034.11774 5077908.38786 1338079782.0
536041.922558 5077887.98942 1338079862.0
536049.264191 5077867.14388 1338079942.0
536063.487747 5077851.116 1338080062.0
536084.121604 5077840.90306 1338080182.0
536100.753997 5077824.55597 1338080302.0
536118.783256 5077821.66108 1338080422.0
536129.04934 5077845.27573 1338080622.0
536134.231493 5077861.97208 1338080742.0
536136.263476 5077886.31651 1338080862.0
536134.002879 5077901.19176 1338081062.0
536137.35595 5077925.32167 1338081182.0
536145.616221 5077946.7025 1338081382.0
536159.984613 5077945.78633 1338081702.0
536178.508836 5077964.4494 1338081862.0
536189.62604 5077975.18064 1338082062.0
536203.208058 5077989.25952 1338082302.0
536213.194151 5078007.53951 1338082662.0
536225.744436 5078038.723 1338082822.0
536239.837842 5078058.24923 1338082982.0
536254.036734 5078072.99848 1338083102.0
536274.857569 5078070.56482 1338083382.0
536276.629101 5078086.24137 1338083502.0
536302.325412 5078099.72474 1338083622.0
536295.826743 5078122.35267 1338083822.0
536301.25562 5078149.82807 1338083982.0
536303.581551 5078163.61905 1338084222.0
536322.246276 5078184.61666 1338084342.0
536340.774501 5078202.3914 1338084462.0
536362.235691 5078223.0722 1338084582.0
536365.986919 5078245.31576 1338084702.0
536368.184838 5078267.66132 1338084822.0
536380.780073 5078277.73494 1338084982.0
536395.975583 5078294.49032 1338085222.0
536412.126731 5078307.14036 1338085382.0
536405.39761 5078316.10057 1338085702.0
536390.37507 5078336.01175 1338085862.0
536397.446609 5078361.27475 1338085982.0
536411.240609 5078378.68858 1338086102.0
536423.16619 5078396.98034 1338086262.0
536445.36963 5078396.88864 1338086422.0
536446.183588 5078416.89284 1338086782.0
536421.459511 5078423.19175 1338086942.0
536394.514895 5078424.25566 1338087102.0
536405.531105 5078425.54254 1338087542.0
536420.152214 5078421.07302 1338087622.0
