534743.836096 5079073.2059 1470897372.0
534753.308917 5079045.03769 1470897436.0
534762.369788 5079062.64351 1470897498.0
534767.538952 5079082.11635 1470897517.0
534783.60245 5079096.76159 1470897529.0
534814.665408 5079108.15791 1470897560.0
534830.264876 5079122.46735 1470897577.0
534855.088609 5079139.05086 1470897605.0
534867.647587 5079155.67655 1470897621.0
534893.311768 5079174.59821 1470897647.0
534901.198365 5079193.86425 1470897663.0
534904.338857 5079215.10351 1470897678.0
534910.047646 5079235.13505 1470897693.0
534914.77238 5079264.49409 1470897717.0
534939.106423 5079285.18618 1470897748.0
534955.483323 5079285.38965 1470897777.0
534975.635939 5079290.50322 1470897791.0
534995.213 5079315.05745 1470897818.0
535013.539855 5079341.04908 1470897849.0
535025.706765 5079358.22843 1470897873.0
535030.94178 5079379.59071 1470897892.0
535049.105515 5079406.91482 1470897928.0
535066.187839 5079419.56665 1470897950.0
535091.232529 5079437.93011 1470897987.0
535106.441811 5079452.34916 1470898004.0
535127.34739 5079475.13363 1470898050.0
535132.754822 5079493.38596 1470898077.0
535140.268039 5079523.53877 1470898110.0
535149.860318 5079542.92594 1470898129.0
535170.678352 5079567.37668 1470898157.0
535176.929873 5079587.30046 1470898185.0
535181.942675 5079606.66168 1470898207.0
535207.606545 5079625.14025 1470898239.0
535237.667207 5079634.75532 1470898277.0
535268.381579 5079638.59664 1470898323.0
535294.913611 5079640.85878 1470898364.0
535320.732868 5079659.2276 1470898406.0
535339.066535 5079669.9985 1470898427.0
535366.419182 5079678.04324 1470898456.0
535394.072692 5079687.75643 1470898505.0
535409.909183 5079700.84654 1470898530.0
535426.834733 5079713.49849 1470898560.0
535446.587343 5079720.38905 1470898584.0
535465.460724 5079731.71896 1470898603.0
535483.011435 5079743.59689 1470898629.0
535505.001856 5079766.27777 1470898661.0
535526.557776 5079769.9568 1470898683.0
535557.314491 5079779.79964 1470898726.0
535573.398551 5079790.225 1470898739.0
535601.03209 5079803.27226 1470898772.0
535628.854304 5079796.98794 1470898804.0
535646.168228 5079795.97646 1470898828.0
535667.863626 5079788.87931 1470898847.0
535699.145244 5079788.39284 1470898912.0
535708.423505 5079794.55725 1470898927.0
535728.547594 5079804.22856 1470898951.0
535752.266138 5079809.69857 1470899007.0
535767.080424 5079824.89476 1470899033.0
535785.48082 5079837.334 1470899054.0
535798.65741 5079853.8541 1470899078.0
535826.262062 5079858.34689 1470899106.0
535855.195072 5079861.29198 1470899139.0
535875.669054 5079864.0771 1470899174.0
535893.302382 5079888.28967 1470899220.0
535913.730848 5079912.29628 1470899257.0
535923.797358 5079929.68749 1470899284.0
535938.929112 5079943.55265 1470899304.0
535956.31688 5079969.87503 1470899352.0
535958.5951 5079991.88764 1470899378.0
535990.535492 5079998.07296 1470899419.0
536011.147932 5079990.30407 1470899438.0
536037.963403 5079983.57131 1470899472.0
536059.983931 5080000.58788 1470899492.0
536092.126655 5079998.66401 1470899526.0
536111.887238 5080017.2231 1470899560.0
536129.20438 5080028.87931 1470899582.0
536153.05814 5080037.5738 1470899606.0
536180.074342 5080049.62009 1470899645.0
536201.490562 5080050.41185 1470899672.0
536233.065123 5080052.70751 1470899712.0
536259.858685 5080062.97512 1470899758.0
536266.488379 5080083.90225 1470899787.0
536279.813174 5080101.31313 1470899814.0
536276.191966 5080123.29133 1470899838.0
536293.644698 5080124.94907 1470900099.0
536301.679232 5080104.77447 1470900127.0
536302.653379 5080084.22519 1470900149.0
536310.363117 5080053.27121 1470900214.0
536325.555363 5080016.91683 1470900328.0
536323.290268 5080006.12606 1470900338.0
536320.447838 5079974.66581 1470900373.0
536319.870506 5079953.99632 1470900398.0
536323.330873 5079933.01719 1470900422.0
536339.230505 5079908.44444 1470900462.0
536339.19911 5079887.33372 1470900483.0
536362.992465 5079866.69613 1470900517.0
536379.067844 5079851.90202 1470900542.0
536397.892349 5079831.56871 1470900570.0
536405.724214 5079793.17134 1470900639.0
536408.249031 5079772.96451 1470900659.0
536408.429893 5079742.18864 1470900689.0
536397.201528 5079724.56759 1470900712.0
536383.201852 5079703.04151 1470900737.0
536366.335586 5079680.60976 1470900768.0
536370.160186 5079650.52194 1470900797.0
536369.877774 5079619.29892 1470900829.0
536377.208128 5079600.23138 1470900854.0
536367.831728 5079571.17714 1470900889.0
536375.851545 5079540.4473 1470900924.0
536376.522707 5079518.67407 1470900949.0
536388.011215 5079492.07561 1470900989.0
536413.421156 5079474.00318 1470901028.0
536435.499745 5079441.68944 1470901089.0
536447.938845 5079425.0964 1470901122.0
536459.693185 5079406.16609 1470901154.0
536463.937014 5079384.08057 1470901177.0
536476.37979 5079353.71022 1470901211.0
536502.099716 5079335.86218 1470901251.0
536525.877368 5079318.33613 1470901282.0
536548.318888 5079316.80185 1470901295.0
536579.387863 5079313.31862 1470901325.0
536599.778524 5079317.32781 1470901350.0
536618.904943 5079325.10727 1470901369.0
536640.135544 5079331.45483 1470901392.0
536682.846573 5079328.15209 1470901492.0
536699.834393 5079343.14116 1470901519.0
536732.143243 5079339.99937 1470901553.0
536760.695478 5079342.05754 1470901590.0
536784.849408 5079326.64576 1470901627.0
536806.632927 5079305.22015 1470901659.0
536818.610225 5079288.18067 1470901678.0
536833.292677 5079260.04649 1470901717.0
536836.83011 5079239.51253 1470901743.0
536843.879604 5079215.77732 1470901779.0
536856.326197 5079198.18516 1470901807.0
536875.999719 5079192.30237 1470901827.0
536888.286346 5079162.48744 1470901851.0
536891.589165 5079142.28544 1470901875.0
536911.063601 5079117.73542 1470901980.0
536917.856156 5079098.10976 1470902007.0
536937.173603 5079073.89222 1470902041.0
536954.7981 5079047.22026 1470902096.0
536960.4272 5079027.4766 1470902120.0
536972.404122 5079010.65963 1470902141.0
536982.609718 5078991.49884 1470902160.0
536999.538688 5078964.37842 1470902195.0
537007.180892 5078945.53569 1470902213.0
537016.911695 5078914.92799 1470902259.0
536992.892881 5078907.34032 1470902288.0
536979.872637 5078890.81863 1470902328.0
536970.505212 5078860.54135 1470902418.0
536945.701815 5078841.28285 1470902442.0
536915.109896 5078842.43384 1470902482.0
536896.120388 5078837.54311 1470902502.0
536867.715534 5078823.37445 1470902530.0
536841.911482 5078815.66565 1470902575.0
536812.791943 5078804.15959 1470902622.0
536801.517017 5078781.20439 1470902669.0
536795.623223 5078754.05905 1470902731.0
536783.693503 5078736.76649 1470902773.0
536762.737885 5078736.08661 1470902813.0
536735.828711 5078744.48235 1470902969.0
536713.93766 5078744.46373 1470903099.0
536686.970711 5078762.63684 1470903147.0
536671.554181 5078757.32353 1470903216.0
536673.75259 5078726.89296 1470903263.0
536673.090686 5078694.44553 1470903313.0
536659.221164 5078676.91953 1470903377.0
536660.195326 5078656.59254 1470903414.0
536657.115071 5078626.13076 1470903482.0
536636.301061 5078614.56357 1470903562.0
536618.517063 5078602.56992 1470903593.0
536587.768562 5078590.61088 1470903669.0
536573.877717 5078550.30784 1470903919.0
536578.170354 5078520.11183 1470903969.0
536583.171769 5078501.36412 1470903999.0
536598.516655 5078466.34462 1470904100.0
536602.514242 5078446.70214 1470904135.0
536564.089086 5078446.25312 1470904219.0
536576.202658 5078419.43649 1470904306.0
536581.660086 5078402.35809 1470904357.0
536573.405612 5078367.1993 1470904478.0
536557.700413 5078357.9958 1470904689.0
536532.484662 5078368.62458 1470904744.0
536511.290309 5078368.72191 1470904787.0
536495.700811 5078379.40755 1470904808.0
536478.937109 5078391.75294 1470904825.0
536454.317839 5078406.60765 1470904853.0
536430.155975 5078422.90954 1470904897.0
536442.004002 5078414.75721 1470916054.0
536460.302517 5078405.42066 1470916115.0
536476.76151 5078392.07346 1470916146.0
536495.439135 5078384.29476 1470916344.0
536531.470886 5078369.39636 1470916398.0
536555.096019 5078365.20245 1470916480.0
536580.743761 5078373.46464 1470916569.0
536588.107293 5078401.7295 1470916638.0
536571.884519 5078427.63299 1470916792.0
536578.98275 5078448.22983 1470916844.0
536591.470355 5078476.41384 1470916905.0
536595.935652 5078495.88408 1470916936.0
536592.545366 5078517.86342 1470916964.0
536577.166286 5078545.54961 1470917008.0
536581.01801 5078576.90476 1470917072.0
536587.656171 5078596.49893 1470917122.0
536613.784425 5078602.09752 1470917185.0
536645.5965 5078604.84103 1470917267.0
536659.339965 5078630.58823 1470917354.0
536659.985448 5078652.70253 1470917437.0
536657.376533 5078673.7976 1470917485.0
536662.844037 5078694.3849 1470917531.0
536672.780931 5078720.55406 1470917588.0
536670.58384 5078750.76242 1470917656.0
536687.550934 5078769.52897 1470917733.0
536709.256437 5078748.43589 1470917785.0
536731.013295 5078744.89824 1470917827.0
536750.24082 5078735.90138 1470917861.0
536768.788226 5078723.78952 1470917897.0
536789.098935 5078741.57622 1470917948.0
536808.435789 5078766.46812 1470918032.0
536822.01834 5078792.9925 1470918094.0
536845.632502 5078803.4659 1470918168.0
536871.759942 5078822.06522 1470918205.0
536892.332431 5078821.85433 1470918241.0
536912.540819 5078830.64109 1470918277.0
536935.009526 5078837.88588 1470918296.0
536960.383507 5078852.59231 1470918337.0
536981.050202 5078875.60385 1470918402.0
536994.22904 5078891.57096 1470918429.0
537015.623289 5078909.69822 1470918491.0
537002.278698 5078934.50672 1470918580.0
536997.961014 5078955.59147 1470918596.0
536989.397355 5078985.76173 1470918631.0
536969.382822 5079009.64163 1470918675.0
536959.097686 5079029.13529 1470918701.0
536950.091771 5079055.41419 1470918753.0
536931.241931 5079079.30116 1470918791.0
536921.127495 5079096.24042 1470918827.0
536902.173141 5079124.68228 1470918902.0
536885.635532 5079138.36121 1470918940.0
536882.411011 5079158.45257 1470918966.0
536862.023881 5079179.88622 1470918993.0
536840.462686 5079202.97957 1470919028.0
536842.680625 5079234.65856 1470919072.0
536835.647668 5079255.61616 1470919092.0
536825.086913 5079282.44154 1470919122.0
536798.442978 5079298.83835 1470919166.0
536779.688101 5079306.94899 1470919194.0
536760.77474 5079315.61429 1470919214.0
536734.143634 5079329.9004 1470919244.0
536709.157165 5079328.64123 1470919276.0
536683.328726 5079312.26649 1470919311.0
536653.375257 5079310.86704 1470919418.0
536632.603848 5079318.74398 1470919439.0
536602.558172 5079306.67786 1470919476.0
536582.356384 5079310.11401 1470919504.0
536561.367685 5079302.21257 1470919520.0
536527.968803 5079305.90437 1470919559.0
536507.772292 5079308.45193 1470919584.0
536482.210745 5079325.74533 1470919628.0
536476.349919 5079345.59916 1470919656.0
536466.380623 5079364.53994 1470919675.0
536459.514125 5079383.83233 1470919695.0
536445.138905 5079412.85805 1470919727.0
536432.683456 5079432.2287 1470919757.0
536414.620751 5079454.78855 1470919792.0
536396.709544 5079464.79413 1470919819.0
536376.154866 5079488.78386 1470919872.0
536374.314247 5079511.43909 1470919898.0
536371.00351 5079533.30793 1470919929.0
536372.126652 5079553.53618 1470919952.0
536368.046313 5079574.28943 1470919976.0
536368.865521 5079606.62667 1470920014.0
536362.535711 5079627.1445 1470920038.0
536366.542981 5079658.50048 1470920079.0
536370.760223 5079680.52463 1470920098.0
536386.908413 5079693.06355 1470920117.0
536394.266585 5079722.10597 1470920153.0
536397.743389 5079751.23671 1470920186.0
536401.137976 5079781.14472 1470920219.0
536394.657572 5079800.88388 1470920246.0
536387.972388 5079829.06606 1470920288.0
536370.357741 5079841.62894 1470920315.0
536348.252162 5079865.60965 1470920354.0
536339.834338 5079884.89307 1470920383.0
536329.553251 5079904.27668 1470920405.0
536317.504868 5079933.87189 1470920443.0
536319.00637 5079955.76899 1470920470.0
536320.123067 5079977.10828 1470920494.0
536322.677947 5080017.89993 1470920624.0
536322.768021 5080029.01127 1470920635.0
536307.804622 5080052.81179 1470920690.0
536297.621183 5080082.08464 1470920737.0
536297.350085 5080101.8603 1470920764.0
536275.425275 5080095.17649 1470920853.0
536264.730488 5080066.00355 1470920897.0
536245.922227 5080057.22705 1470920928.0
536226.053666 5080057.22193 1470920952.0
536193.948847 5080052.70106 1470920983.0
536166.259499 5080036.31756 1470921031.0
536146.026166 5080032.31069 1470921060.0
536118.938692 5080019.15305 1470921090.0
536091.773494 5080005.99508 1470921135.0
536069.433557 5080003.86502 1470921158.0
536027.624553 5079999.73295 1470921254.0
536007.041183 5080002.50208 1470921279.0
535976.216584 5080004.65626 1470921309.0
535956.406968 5079981.09746 1470921338.0
535948.737927 5079951.83155 1470921377.0
535924.634968 5079932.47005 1470921409.0
535907.567061 5079904.48299 1470921457.0
535895.174061 5079886.745 1470921485.0
535883.019615 5079868.00845 1470921502.0
535853.966792 5079858.9516 1470921539.0
535825.745767 5079853.67737 1470921573.0
535794.60049 5079844.05316 1470921612.0
535776.890939 5079832.95118 1470921637.0
535759.503316 5079819.85116 1470921658.0
535736.100968 5079799.93891 1470921703.0
535715.81909 5079790.7111 1470921730.0
535687.231981 5079781.54662 1470921771.0
535667.694329 5079791.32271 1470921791.0
535637.473098 5079796.37087 1470921828.0
535618.879694 5079803.93038 1470921864.0
535589.451538 5079792.53936 1470921910.0
535569.768633 5079787.09314 1470921928.0
535540.328199 5079777.81333 1470921961.0
535519.859526 5079774.02938 1470921992.0
535500.030191 5079767.02704 1470922008.0
535476.627454 5079747.00467 1470922041.0
535458.844537 5079735.01433 1470922069.0
535441.061552 5079723.02403 1470922089.0
535417.679418 5079699.33545 1470922131.0
535399.584527 5079687.56571 1470922159.0
535377.699395 5079687.10738 1470922188.0
535345.765693 5079679.36978 1470922225.0
535331.571576 5079664.06704 1470922248.0
535315.903355 5079648.64483 1470922270.0
535286.475181 5079637.03305 1470922303.0
535264.736874 5079638.02035 1470922332.0
535244.020832 5079636.68029 1470922364.0
535225.437004 5079628.90816 1470922386.0
535195.73912 5079623.73953 1470922422.0
535179.197125 5079598.09079 1470922465.0
535178.876511 5079558.86793 1470922706.0
535171.395771 5079550.38126 1470922714.0
535157.195883 5079535.96777 1470922732.0
535147.758217 5079516.69258 1470922751.0
535141.045243 5079495.98846 1470922769.0
535137.587693 5079476.08056 1470922784.0
535114.024933 5079456.50312 1470922809.0
535097.251388 5079444.18623 1470922829.0
535081.568814 5079431.09781 1470922846.0
535056.048936 5079414.39832 1470922874.0
535047.1566 5079394.68195 1470922892.0
535032.341407 5079379.15419 1470922913.0
535023.221742 5079358.4366 1470922933.0
535013.000924 5079340.26828 1470922951.0
534998.407899 5079312.85334 1470922978.0
534980.312965 5079300.75153 1470922997.0
534952.961923 5079292.04189 1470923046.0
534934.401129 5079279.93759 1470923070.0
534921.997197 5079263.42373 1470923088.0
534910.753731 5079233.80573 1470923116.0
534903.708498 5079202.98922 1470923147.0
534895.196582 5079184.49741 1470923165.0
534878.893139 5079157.40646 1470923195.0
534860.716147 5079145.97119 1470923212.0
534846.919575 5079128.5608 1470923232.0
534821.397191 5079111.97339 1470923256.0
534790.559642 5079101.9116 1470923292.0
534776.050466 5079086.94173 1470923312.0
534773.543217 5079049.59551 1470923368.0
534747.851107 5079049.34028 1470923451.0
534740.909535 5079069.07851 1470923489.0
534756.216584 5079094.05245 1470923530.0
534753.982129 5079104.92846 1470923559.0
