534809.454203 5079110.01746 1477114598.0
534835.128119 5079127.27231 1477114622.0
534880.110672 5079161.74651 1477114658.0
534888.43422 5079172.3486 1477114671.0
534899.125159 5079189.8527 1477114692.0
534906.957891 5079218.6737 1477114712.0
534921.202223 5079266.75248 1477114752.0
534930.985281 5079280.02944 1477114791.0
534952.411699 5079293.26097 1477114818.0
534990.287469 5079307.58542 1477114852.0
535002.759961 5079325.65531 1477114894.0
535015.692437 5079344.7278 1477114925.0
535031.958973 5079378.15206 1477114962.0
535045.184748 5079400.22618 1477114985.0
535058.432432 5079418.41168 1477115008.0
535087.60279 5079434.68743 1477115042.0
535106.682845 5079450.90613 1477115065.0
535130.890018 5079480.04246 1477115101.0
535132.879059 5079485.1647 1477115125.0
535151.317908 5079532.26786 1477115162.0
535164.616124 5079555.12042 1477115183.0
535182.275821 5079575.33118 1477115300.0
535178.582516 5079596.97622 1477115338.0
535191.351072 5079617.38146 1477115362.0
535215.219068 5079624.07244 1477115385.0
535246.435089 5079635.24962 1477115424.0
535277.702243 5079637.42752 1477115469.0
535298.223169 5079645.76638 1477115496.0
535316.388387 5079658.86951 1477115570.0
535334.957439 5079669.19731 1477115595.0
535374.904671 5079687.20253 1477115636.0
535399.956724 5079690.34553 1477115672.0
535412.262353 5079696.52679 1477115696.0
535435.870367 5079721.43883 1477115734.0
535456.335448 5079725.88912 1477115759.0
535479.672171 5079743.91109 1477115806.0
535483.304684 5079760.15364 1477115908.0
535497.145156 5079769.34377 1477115965.0
535527.788109 5079771.9638 1477115995.0
535551.120797 5079777.0975 1477116023.0
535586.579493 5079779.07881 1477116056.0
535610.168912 5079793.54727 1477116097.0
535628.319964 5079795.42936 1477116135.0
535642.977815 5079797.4025 1477116171.0
535672.446593 5079788.23905 1477116210.0
535681.885041 5079780.07142 1477116233.0
535710.010333 5079788.56657 1477116265.0
535739.984783 5079799.40578 1477116311.0
535749.661342 5079817.23888 1477116354.0
535769.458809 5079829.68613 1477116388.0
535794.939824 5079839.05527 1477116422.0
535825.164066 5079846.89642 1477116457.0
535845.604212 5079842.12591 1477116495.0
535861.121197 5079856.54864 1477116517.0
535889.295568 5079883.2666 1477116565.0
535907.526801 5079898.03849 1477116604.0
535919.718139 5079923.77511 1477116638.0
535941.810367 5079941.90274 1477116671.0
535947.286141 5079961.26731 1477116704.0
535956.156727 5079984.09593 1477116741.0
535981.838037 5079998.9113 1477116774.0
536015.314964 5079994.4393 1477116804.0
536039.866808 5079989.91555 1477116838.0
536047.076766 5079991.29079 1477116868.0
536082.185489 5079999.82829 1477116907.0
536104.489175 5080008.18023 1477116940.0
536119.292406 5080025.04384 1477116978.0
536147.643832 5080021.09821 1477117013.0
536172.298101 5080038.9083 1477117066.0
536188.246015 5080045.77904 1477117100.0
536214.713989 5080045.37817 1477117138.0
536224.616777 5080050.76926 1477117258.0
536245.755308 5080059.22601 1477117316.0
536265.095117 5080070.00558 1477117356.0
536277.000869 5080091.18583 1477117398.0
536282.586424 5080118.1067 1477117460.0
536280.865549 5080133.65175 1477117497.0
536278.790953 5080130.08414 1477117749.0
536288.6589 5080128.142 1477117786.0
536297.314142 5080094.74917 1477117838.0
536297.805558 5080063.864 1477117880.0
536309.683407 5080036.82323 1477117928.0
536328.57171 5080018.71225 1477118039.0
536316.179387 5079987.86265 1477118104.0
536316.488422 5079974.86481 1477118172.0
536317.193225 5079947.31414 1477118217.0
536325.204517 5079917.91747 1477118258.0
536332.971972 5079890.40822 1477118291.0
536353.05038 5079867.97108 1477118324.0
536370.837752 5079852.40924 1477118347.0
536387.496275 5079830.84099 1477118376.0
536393.449006 5079808.43213 1477118427.0
536398.37069 5079776.57303 1477118473.0
536395.017149 5079752.88731 1477118504.0
536385.460401 5079728.16519 1477118531.0
536382.323963 5079707.14735 1477118555.0
536367.889821 5079693.50742 1477118576.0
536360.552336 5079647.68784 1477118619.0
536360.30315 5079624.02037 1477118644.0
536364.463656 5079602.82316 1477118681.0
536363.992722 5079577.26555 1477118706.0
536364.993851 5079538.93916 1477118748.0
536367.228378 5079515.28627 1477118774.0
536370.078631 5079492.52586 1477118809.0
536398.795995 5079479.58376 1477118839.0
536426.057057 5079463.5222 1477118884.0
536433.95721 5079440.01375 1477118982.0
536444.704419 5079420.74416 1477119009.0
536450.227318 5079392.333 1477119040.0
536459.027386 5079347.83047 1477119077.0
536473.411765 5079330.47117 1477119096.0
536489.440361 5079323.89906 1477119111.0
536522.838126 5079307.20742 1477119143.0
536553.735509 5079306.50075 1477119169.0
536566.852372 5079306.68926 1477119268.0
536559.125926 5079300.64383 1477119693.0
536576.391571 5079308.07886 1477119815.0
536607.941576 5079315.15388 1477119851.0
536637.689112 5079311.99646 1477119884.0
536670.283576 5079313.07814 1477119918.0
536691.428655 5079320.75866 1477119949.0
536709.64125 5079338.64382 1477119985.0
536740.835025 5079353.38387 1477120021.0
536762.933048 5079357.40372 1477120040.0
536783.995182 5079352.86219 1477120056.0
536830.186061 5079338.69253 1477120102.0
536855.156675 5079316.50828 1477120137.0
536879.012621 5079312.0948 1477120161.0
536899.951316 5079289.22008 1477120211.0
536903.226983 5079273.57335 1477120229.0
536923.644567 5079260.0287 1477120260.0
536958.056896 5079242.67878 1477120307.0
536972.07676 5079234.65153 1477120326.0
536996.000771 5079218.90586 1477120353.0
537013.788296 5079203.90139 1477120378.0
537042.72471 5079180.74161 1477120415.0
537066.503174 5079163.43984 1477120445.0
537093.69089 5079160.15818 1477120528.0
537100.078829 5079169.30729 1477120598.0
537118.57615 5079178.41782 1477120623.0
537140.943761 5079189.32933 1477120649.0
537173.410234 5079185.96856 1477120683.0
537196.075943 5079185.99347 1477120765.0
537211.051491 5079199.86079 1477120786.0
537237.704808 5079220.90924 1477120819.0
537260.22997 5079231.3777 1477120846.0
537285.806948 5079237.75361 1477120875.0
537322.702256 5079220.75397 1477120910.0
537338.453047 5079208.96029 1477120929.0
537337.90916 5079170.40249 1477120963.0
537328.572036 5079135.45828 1477120993.0
537326.721201 5079120.55864 1477121004.0
537325.609782 5079085.99731 1477121035.0
537338.375858 5079067.18584 1477121052.0
537351.685969 5079061.15511 1477121069.0
537379.403148 5079034.54518 1477121102.0
537380.124775 5079004.99478 1477121136.0
537375.570076 5078975.07922 1477121172.0
537386.434295 5078937.03467 1477121210.0
537393.397874 5078915.07728 1477121230.0
537395.590252 5078899.09094 1477121249.0
537410.004635 5078864.51221 1477121281.0
537411.184603 5078849.07531 1477121296.0
537425.028509 5078806.16006 1477121383.0
537415.882872 5078803.77157 1477121573.0
537398.334602 5078778.77743 1477121604.0
537386.573914 5078759.48477 1477121627.0
537390.569942 5078727.62086 1477121669.0
537413.620279 5078715.64919 1477121698.0
537429.950118 5078698.19272 1477121721.0
537447.951154 5078673.9688 1477121755.0
537460.125623 5078650.48746 1477121826.0
537462.545763 5078635.39139 1477121926.0
537467.203282 5078609.75358 1477121971.0
537482.511942 5078581.51359 1477122022.0
537502.484781 5078565.07931 1477122070.0
537523.830813 5078552.6533 1477122102.0
537541.461315 5078525.6497 1477122134.0
537557.381446 5078499.08022 1477122165.0
537590.260813 5078492.27974 1477122195.0
537621.433698 5078472.46943 1477122228.0
537649.280889 5078463.41656 1477122253.0
537656.722483 5078439.68464 1477122288.0
537668.805731 5078405.8701 1477122324.0
537670.217976 5078377.87945 1477122364.0
537670.758738 5078352.77231 1477122403.0
537675.856758 5078331.47055 1477122438.0
537685.57079 5078317.08555 1477122461.0
537700.083971 5078279.50818 1477122508.0
537710.318005 5078256.23774 1477122543.0
537734.568024 5078264.38511 1477122582.0
537760.341296 5078290.09692 1477122615.0
537769.366607 5078299.5961 1477122633.0
537801.697552 5078332.01455 1477122685.0
537830.906379 5078328.97062 1477122744.0
537829.696158 5078323.74115 1477122880.0
537837.689113 5078311.56805 1477122908.0
537850.702737 5078290.8703 1477122936.0
537865.236922 5078262.73761 1477122961.0
537881.644133 5078245.72722 1477122984.0
537906.704775 5078235.54738 1477123011.0
537923.016047 5078208.8701 1477123047.0
537959.918606 5078204.65167 1477123078.0
537973.483812 5078195.40168 1477123099.0
537972.29274 5078187.06127 1477123388.0
537996.452136 5078184.65384 1477123443.0
538013.578962 5078189.64761 1477123476.0
538030.730983 5078190.53058 1477123493.0
538054.565664 5078177.78832 1477123521.0
538046.021515 5078153.18098 1477123570.0
538019.510608 5078133.90772 1477123597.0
537996.174343 5078103.32101 1477123646.0
537982.427723 5078091.4593 1477123680.0
537970.181276 5078075.49581 1477123699.0
537945.126388 5078046.5654 1477123744.0
537918.877673 5078035.07175 1477123776.0
537919.402457 5078012.74224 1477123804.0
537914.737927 5077988.38104 1477123838.0
537912.667434 5077971.47995 1477123854.0
537915.80242 5077941.27773 1477123877.0
537909.382087 5077912.01705 1477123910.0
537894.773403 5077901.37247 1477123927.0
537881.309966 5077881.17962 1477123968.0
537886.012282 5077835.87628 1477124023.0
537890.953446 5077815.01818 1477124040.0
537892.340975 5077791.24954 1477124059.0
537890.273518 5077761.12663 1477124126.0
537889.941012 5077752.01374 1477124155.0
537882.006276 5077716.41069 1477124195.0
537886.755338 5077688.88493 1477124227.0
537892.285129 5077673.3636 1477124245.0
537907.717734 5077638.23672 1477124286.0
537915.421353 5077610.0624 1477124316.0
537921.254367 5077595.76514 1477124330.0
537925.012033 5077565.34454 1477124363.0
537935.254706 5077528.29714 1477124402.0
537936.427339 5077514.30471 1477124427.0
537934.159829 5077491.5137 1477124490.0
537916.699374 5077489.96249 1477124549.0
537886.983124 5077486.44758 1477124636.0
537884.877493 5077462.5465 1477124692.0
537909.382845 5077454.80763 1477124762.0
537919.684385 5077433.5379 1477124820.0
537920.384174 5077407.98735 1477124879.0
537930.602067 5077387.71709 1477124952.0
537922.648882 5077367.78012 1477124984.0
537902.861083 5077340.43767 1477125018.0
537905.515479 5077312.67691 1477125069.0
537902.61643 5077291.54868 1477125098.0
537894.785489 5077264.27937 1477125125.0
537881.127069 5077237.64112 1477125154.0
537891.287828 5077214.03722 1477125175.0
537898.626728 5077182.08299 1477125260.0
537895.160303 5077164.84008 1477125343.0
537901.795254 5077146.43672 1477125367.0
537913.998127 5077119.06767 1477125400.0
537905.242041 5077090.68163 1477125431.0
537891.499512 5077065.04281 1477125466.0
537874.021672 5077040.71451 1477125505.0
537878.857632 5077011.7449 1477125539.0
537886.764662 5076975.79425 1477125571.0
537883.659579 5076950.22047 1477125598.0
537866.501166 5076911.67235 1477125646.0
537850.739533 5076898.68761 1477125661.0
537839.587593 5076881.0645 1477125681.0
537841.971949 5076846.63562 1477125716.0
537853.763136 5076823.15273 1477125751.0
537857.311308 5076801.61947 1477125791.0
537857.828433 5076780.51214 1477125828.0
537856.605722 5076751.83885 1477125867.0
537860.081716 5076729.41629 1477125900.0
537872.855212 5076697.71746 1477125938.0
537880.948304 5076682.21179 1477125974.0
537895.009492 5076655.85404 1477126006.0
537898.562646 5076633.54308 1477126040.0
537903.313203 5076605.90627 1477126079.0
537906.965797 5076580.04048 1477126120.0
537881.02476 5076567.99343 1477126179.0
537851.425131 5076582.81225 1477126233.0
537838.085211 5076605.50794 1477126265.0
537806.633049 5076618.53794 1477126287.0
537776.011008 5076622.79564 1477126314.0
537745.124386 5076619.49656 1477126349.0
537728.983708 5076592.06582 1477126387.0
537719.789009 5076584.45456 1477126441.0
537697.697182 5076577.87598 1477126476.0
537681.756739 5076555.77977 1477126513.0
537664.556185 5076536.56474 1477126570.0
537640.462573 5076514.30802 1477126618.0
537611.35076 5076525.57549 1477126661.0
537589.874452 5076519.8899 1477126701.0
537569.477851 5076515.4331 1477126735.0
537547.098177 5076517.85304 1477126773.0
537532.024321 5076532.09469 1477126796.0
537491.65227 5076517.73981 1477126837.0
537481.602984 5076510.12374 1477126860.0
537455.473515 5076490.52203 1477126917.0
537436.803218 5076483.07619 1477126941.0
537413.333173 5076460.26859 1477126990.0
537393.644575 5076441.37264 1477127039.0
537376.283488 5076422.82412 1477127086.0
537374.010772 5076400.47778 1477127152.0
537344.360597 5076385.07742 1477127199.0
537324.833638 5076377.96009 1477127222.0
537315.843686 5076374.90609 1477127240.0
537283.003184 5076347.59831 1477127294.0
537270.00671 5076313.41016 1477127333.0
537256.125169 5076284.32766 1477127372.0
537244.557447 5076270.81417 1477127394.0
537211.494438 5076241.61662 1477127449.0
537192.168828 5076226.72339 1477127481.0
537167.351432 5076208.13076 1477127538.0
537142.732926 5076195.20591 1477127599.0
537120.368907 5076194.84981 1477127640.0
537099.809617 5076191.39357 1477127673.0
537071.329938 5076174.77936 1477127708.0
537056.718348 5076163.69239 1477127766.0
537032.720082 5076163.88238 1477127819.0
537001.856006 5076156.36507 1477127882.0
536976.019758 5076152.21112 1477127960.0
536945.780358 5076157.14187 1477128023.0
536925.057867 5076168.01811 1477128082.0
536889.180287 5076154.69393 1477128124.0
536884.805365 5076172.11179 1477128215.0
536852.353436 5076183.47407 1477128274.0
536842.430645 5076206.63659 1477128319.0
536829.264338 5076213.66927 1477128465.0
536832.925903 5076224.80177 1477128516.0
536835.702667 5076254.15064 1477128574.0
536849.088852 5076275.4517 1477128609.0
536871.040617 5076305.91452 1477128649.0
536877.733273 5076316.62063 1477128660.0
536893.697668 5076361.38082 1477128701.0
536893.215874 5076364.04453 1477128703.0
536897.714542 5076417.18071 1477128755.0
536884.804069 5076446.54742 1477128794.0
536887.777411 5076468.89772 1477128865.0
536864.636898 5076481.75971 1477128912.0
536849.715643 5076509.78125 1477128947.0
536848.037805 5076530.77061 1477128981.0
536834.833899 5076544.2473 1477129001.0
536805.263092 5076554.62695 1477129061.0
536787.640135 5076593.07671 1477129110.0
536781.963384 5076620.59772 1477129144.0
536776.589382 5076649.45381 1477129184.0
536762.266485 5076668.36829 1477129235.0
536747.619244 5076689.61413 1477129265.0
536729.897651 5076705.50863 1477129296.0
536714.327349 5076725.30469 1477129335.0
536686.764037 5076737.80782 1477129380.0
536679.963847 5076758.4336 1477129495.0
536659.328698 5076768.08905 1477129532.0
536627.569957 5076781.01207 1477129562.0
536623.217837 5076794.76371 1477129576.0
536605.640872 5076838.88074 1477129632.0
536584.348861 5076854.64347 1477129670.0
536571.169474 5076877.34278 1477129705.0
536561.873267 5076899.95391 1477129761.0
536543.962093 5076921.84763 1477129821.0
536537.073138 5076944.47298 1477129855.0
536528.646332 5076964.5338 1477129885.0
536519.968314 5076987.70417 1477129922.0
536509.368805 5077007.53001 1477129954.0
536499.210393 5077031.58056 1477130017.0
536496.281043 5077054.34037 1477130051.0
536489.119579 5077083.74174 1477130082.0
536476.785317 5077108.11284 1477130125.0
536474.367576 5077136.31994 1477130160.0
536457.669098 5077150.2213 1477130181.0
536435.177332 5077158.97769 1477130214.0
536421.196584 5077172.89511 1477130236.0
536382.584246 5077203.0008 1477130294.0
536356.033757 5077215.40022 1477130326.0
536338.496802 5077239.9633 1477130362.0
536323.037309 5077254.53891 1477130394.0
536309.048569 5077269.90093 1477130423.0
536287.475784 5077294.21831 1477130458.0
536291.254166 5077325.23944 1477130494.0
536248.595887 5077343.76708 1477130532.0
536247.464066 5077351.42688 1477130539.0
536230.428835 5077369.99339 1477130562.0
536216.994874 5077396.80294 1477130605.0
536178.031873 5077407.57511 1477130654.0
536154.024337 5077396.87984 1477130699.0
536139.321584 5077375.01704 1477130754.0
536121.072365 5077362.13332 1477130803.0
536123.603466 5077380.81414 1477132213.0
536112.094264 5077370.5252 1477134141.0
536103.604034 5077361.80936 1477134221.0
536136.883195 5077327.11546 1477134320.0
536112.684384 5077335.86307 1477134337.0
536095.378331 5077307.65208 1477134497.0
536090.317961 5077323.28879 1477134585.0
536074.162414 5077337.52764 1477134640.0
536077.259796 5077352.32297 1477134673.0
536106.329294 5077387.15776 1477134717.0
536078.279735 5077403.88282 1477134772.0
536055.25563 5077410.97087 1477134828.0
536032.520839 5077421.72724 1477134882.0
536006.596358 5077433.57624 1477134938.0
535986.614275 5077451.68187 1477134995.0
535970.692223 5077465.92234 1477135032.0
535942.280948 5077478.20161 1477135091.0
535929.42726 5077472.1273 1477135197.0
535910.511494 5077480.46188 1477135234.0
535889.401888 5077492.22815 1477135288.0
535872.070558 5077495.12775 1477135338.0
535851.783103 5077499.01027 1477135383.0
535827.199737 5077507.31233 1477135438.0
535821.505593 5077525.27885 1477135542.0
535804.112791 5077538.84461 1477135603.0
535783.924327 5077539.06137 1477135804.0
535777.33071 5077551.46736 1477135853.0
535773.752974 5077579.44581 1477135894.0
535769.193516 5077602.64098 1477135928.0
535765.0948 5077626.72767 1477135958.0
535758.617498 5077645.91192 1477136019.0
535757.692431 5077671.68353 1477136048.0
535746.391351 5077692.61769 1477136089.0
535742.653937 5077707.92898 1477136110.0
535723.088755 5077734.81534 1477136173.0
535709.08466 5077753.28962 1477136205.0
535693.372621 5077771.7541 1477136270.0
535683.477723 5077791.25207 1477136296.0
535663.031907 5077809.35605 1477136326.0
535640.800561 5077827.44983 1477136359.0
535629.337856 5077849.60545 1477136407.0
535638.121075 5077874.87736 1477136439.0
535646.027226 5077904.14411 1477136478.0
535623.539355 5077912.90344 1477136541.0
535616.204317 5077932.86066 1477136602.0
535595.028741 5077942.96092 1477136647.0
535584.191953 5077964.34247 1477136699.0
535581.134038 5077983.10209 1477136787.0
535577.001208 5078013.29963 1477136837.0
535584.964224 5078032.67806 1477136889.0
535590.508412 5078054.15366 1477136920.0
535583.570101 5078072.66879 1477136950.0
535576.076116 5078106.84691 1477136981.0
535572.695003 5078127.82684 1477137002.0
535573.43228 5078148.16377 1477137022.0
535570.683426 5078194.25765 1477137070.0
535556.208638 5078213.84065 1477137091.0
535557.741904 5078244.29293 1477137137.0
535580.170269 5078259.19895 1477137174.0
535590.778789 5078277.48151 1477137228.0
535586.513342 5078290.23439 1477137286.0
535574.161372 5078318.71815 1477137324.0
535555.260643 5078338.49796 1477137345.0
535546.427755 5078362.55765 1477137368.0
535517.600162 5078380.61404 1477137403.0
535493.433698 5078384.58659 1477137439.0
535485.900461 5078412.20925 1477137476.0
535475.643862 5078427.37228 1477137537.0
535467.270821 5078452.54579 1477137568.0
535464.861275 5078480.19781 1477137597.0
535457.216958 5078513.70858 1477137635.0
535437.67012 5078538.04046 1477137669.0
535423.858993 5078563.9607 1477137703.0
535393.900638 5078576.3447 1477137736.0
535370.197249 5078594.54214 1477137802.0
535341.149769 5078610.59815 1477137838.0
535328.680034 5078619.19345 1477137898.0
535330.609383 5078648.42575 1477137935.0
535327.896337 5078674.96502 1477137977.0
535326.057463 5078697.95382 1477138020.0
535318.583329 5078729.02136 1477138061.0
535318.08756 5078747.90684 1477138085.0
535320.485563 5078790.25252 1477138127.0
535327.840362 5078820.96016 1477138162.0
535331.446617 5078841.98007 1477138194.0
535306.801769 5078848.50608 1477138236.0
535287.037166 5078856.83769 1477138278.0
535273.53359 5078869.87151 1477138296.0
535247.877912 5078876.72532 1477138321.0
535212.788162 5078890.85872 1477138358.0
535190.640878 5078922.3986 1477138399.0
535173.519117 5078957.52252 1477138441.0
535140.06511 5078970.77675 1477138480.0
535114.1381 5078984.51824 1477138548.0
535108.854506 5079012.82076 1477138640.0
535101.037133 5079036.22019 1477138835.0
535088.765587 5079051.15022 1477139013.0
535068.732939 5079052.1479 1477139080.0
535046.149174 5079065.01973 1477139159.0
535039.321982 5079078.09182 1477139215.0
535017.475028 5079097.96771 1477139251.0
535012.679255 5079108.71805 1477139266.0
534998.09055 5079135.41258 1477139328.0
534989.190998 5079144.36204 1477139405.0
534960.892564 5079165.86831 1477139480.0
534964.700845 5079178.77829 1477139537.0
534953.35749 5079208.15783 1477139583.0
534938.993982 5079236.29817 1477139619.0
534946.5774 5079254.22927 1477139654.0
534945.941247 5079284.44697 1477139698.0
534935.768196 5079285.27846 1477139819.0
534924.822754 5079271.66162 1477139837.0
534906.172317 5079234.11324 1477139874.0
534899.989639 5079201.74609 1477139911.0
534881.820257 5079175.20016 1477139938.0
534864.852009 5079155.88304 1477139958.0
534844.750721 5079141.54819 1477139977.0
534826.812101 5079129.1144 1477139995.0
534811.800526 5079120.69697 1477140011.0
534775.586914 5079100.38315 1477140047.0
534760.92399 5079071.3018 1477140079.0
534773.080917 5079035.14892 1477140110.0
534774.110574 5079031.48815 1477140142.0
