534776.493779 5079035.61251 1431244794.0
534767.043279 5079059.78094 1431244832.0
534772.001701 5079089.14117 1431244852.0
534800.267245 5079101.07725 1431244875.0
534819.158675 5079109.73866 1431244887.0
534842.638574 5079130.64777 1431244911.0
534860.025689 5079144.52291 1431244923.0
534873.754573 5079160.15523 1431244937.0
534886.705937 5079176.00542 1431244950.0
534898.557417 5079194.1827 1431244966.0
534906.070905 5079224.55741 1431244986.0
534909.758452 5079245.13311 1431245003.0
534920.056725 5079263.41279 1431245018.0
534947.623791 5079288.90076 1431245067.0
534947.414832 5079270.90014 1431245234.0
534940.478077 5079248.41727 1431245264.0
534949.053234 5079228.13293 1431245294.0
534962.312578 5079203.09739 1431245331.0
534957.832682 5079185.406 1431245344.0
534967.651783 5079164.79538 1431245374.0
534979.929085 5079148.75406 1431245405.0
534995.129677 5079137.3958 1431245449.0
535001.771547 5079115.87843 1431245474.0
535017.46561 5079099.63427 1431245504.0
535043.518554 5079077.22669 1431245533.0
535056.713224 5079063.74619 1431245575.0
535085.890689 5079065.35573 1431245603.0
535105.15212 5079063.46488 1431245621.0
535121.337505 5079042.77946 1431245646.0
535140.472631 5079022.11081 1431245673.0
535159.660921 5079005.77571 1431245849.0
535170.613778 5078990.72722 1431245896.0
535184.213423 5078974.36049 1431245927.0
535186.581816 5078953.70791 1431245942.0
535189.579411 5078931.61451 1431245974.0
535198.925098 5078898.89082 1431245994.0
535223.148092 5078884.58446 1431246016.0
535237.011219 5078876.55241 1431246035.0
535256.456346 5078869.77433 1431246052.0
535283.938532 5078855.70897 1431246078.0
535311.864429 5078845.53501 1431246106.0
535317.730821 5078824.12466 1431246143.0
535310.170082 5078802.30448 1431246161.0
535313.196672 5078775.21145 1431246186.0
535310.513587 5078755.64121 1431246205.0
535313.894138 5078734.55002 1431246222.0
535317.156815 5078706.90281 1431246248.0
535321.197681 5078678.92671 1431246277.0
535319.80852 5078650.25302 1431246302.0
535324.30506 5078624.05724 1431246313.0
535349.635836 5078606.31334 1431246351.0
535368.174501 5078595.30835 1431246380.0
535388.026957 5078571.75575 1431246405.0
535412.553919 5078558.89625 1431246430.0
535426.377076 5078530.86501 1431246454.0
535439.361812 5078513.71756 1431246473.0
535452.441407 5078493.57078 1431246498.0
535456.990816 5078471.8197 1431246516.0
535468.31942 5078445.66312 1431246546.0
535474.917806 5078418.59062 1431246574.0
535478.456249 5078397.1671 1431246590.0
535497.971232 5078378.50165 1431246613.0
535525.604392 5078365.66039 1431246644.0
535539.273763 5078351.07254 1431246674.0
535551.409707 5078333.14271 1431246829.0
535564.913112 5078320.4428 1431246850.0
535576.148865 5078297.06357 1431246877.0
535587.081194 5078272.46043 1431246969.0
535576.817447 5078261.73518 1431247005.0
535559.304604 5078256.0793 1431247024.0
535543.220955 5078244.87629 1431247040.0
535547.188663 5078216.34439 1431247064.0
535564.316301 5078194.44333 1431247094.0
535568.10528 5078170.0214 1431247124.0
535570.393273 5078136.59114 1431247151.0
535576.301364 5078108.1815 1431247179.0
535581.156263 5078087.43224 1431247264.0
535588.812393 5078065.588 1431247294.0
535588.617315 5078045.47641 1431247325.0
535584.063404 5078013.7846 1431247405.0
535586.003174 5078000.46283 1431247468.0
535586.859434 5077973.02417 1431247512.0
535600.48407 5077952.88082 1431247589.0
535613.154188 5077936.7319 1431247651.0
535631.64386 5077921.17198 1431247715.0
535638.221125 5077897.98831 1431247758.0
535626.922289 5077878.14621 1431247788.0
535626.749667 5077854.14599 1431247825.0
535631.062739 5077833.17145 1431247851.0
535653.059208 5077815.4096 1431247893.0
535670.078705 5077799.06359 1431247926.0
535689.641778 5077785.95439 1431247954.0
535699.838937 5077767.90257 1431247997.0
535715.494491 5077745.77123 1431248025.0
535723.10412 5077732.14885 1431248070.0
535733.749361 5077717.21068 1431248086.0
535724.681992 5077687.3816 1431248125.0
535727.407344 5077659.06488 1431248161.0
535733.743987 5077637.32432 1431248434.0
535739.215247 5077631.02273 1431248726.0
535745.112511 5077618.16825 1431248802.0
535746.720913 5077595.06716 1431248830.0
535757.746851 5077568.0205 1431248874.0
535771.388372 5077558.65506 1431248913.0
535788.661682 5077538.8665 1431248961.0
535803.058547 5077533.17203 1431248994.0
535819.784049 5077514.15815 1431249052.0
535842.702313 5077498.40223 1431249132.0
535868.885345 5077495.44265 1431249184.0
535888.108358 5077487.66526 1431249195.0
535899.049975 5077488.72857 1431249297.0
535914.234413 5077481.15009 1431249333.0
535937.788056 5077476.39785 1431249362.0
535952.383656 5077463.26067 1431249401.0
535972.616216 5077455.4894 1431249428.0
535990.628821 5077442.26103 1431249455.0
536010.648578 5077431.0443 1431249509.0
536038.508317 5077420.20654 1431249560.0
536063.552355 5077412.90796 1431249603.0
536086.487179 5077407.81935 1431249650.0
536089.666561 5077381.83868 1431249738.0
536113.2712 5077368.42101 1431249788.0
536135.84515 5077371.99687 1431249832.0
536150.737543 5077387.97207 1431249862.0
536170.328442 5077410.41896 1431249950.0
536184.092505 5077406.83272 1431250036.0
536199.051908 5077384.69853 1431250061.0
536219.641045 5077369.15261 1431250089.0
536242.34418 5077350.6192 1431250113.0
536264.266469 5077332.85906 1431250138.0
536266.391123 5077314.76095 1431250170.0
536280.90078 5077289.95774 1431250197.0
536293.917105 5077268.25683 1431250227.0
536302.319985 5077252.08432 1431250245.0
536322.675585 5077236.75958 1431250270.0
536344.007305 5077213.88531 1431250298.0
536365.428657 5077202.23351 1431250328.0
536390.135305 5077186.49008 1431250351.0
536404.907407 5077170.02176 1431250382.0
536426.888209 5077155.70687 1431250411.0
536455.397129 5077153.65227 1431250441.0
536475.204684 5077139.21367 1431250472.0
536473.400791 5077115.87046 1431250518.0
536480.707633 5077088.13654 1431250548.0
536482.823839 5077071.59396 1431250568.0
536492.589313 5077048.31883 1431250599.0
536500.024795 5077025.14111 1431250639.0
536503.237943 5077006.93838 1431250675.0
536513.087782 5076982.5527 1431250706.0
536520.905111 5076960.48833 1431250742.0
536533.90397 5076942.00994 1431250783.0
536543.438852 5076918.40021 1431250830.0
536549.62378 5076896.65958 1431250863.0
536558.359128 5076916.48822 1431251028.0
536568.511743 5076932.99201 1431251058.0
536577.222729 5076956.93152 1431251087.0
536577.686617 5076983.60008 1431251116.0
536576.848192 5077007.26105 1431251149.0
536587.60277 5077026.99055 1431251181.0
536592.121277 5077050.79424 1431251208.0
536597.426049 5077072.93597 1431251238.0
536600.386969 5077097.50823 1431251267.0
536599.709003 5077120.28129 1431251315.0
536619.198983 5077133.39596 1431251384.0
536636.869372 5077139.05573 1431251671.0
536640.513635 5077153.07682 1431251934.0
536643.913783 5077168.98531 1431251976.0
536643.301487 5077193.7587 1431252026.0
536657.316597 5077213.5076 1431252077.0
536665.566875 5077236.44456 1431252124.0
536670.845587 5077262.9194 1431252211.0
536665.280412 5077284.88581 1431252302.0
536658.1762 5077304.50986 1431252435.0
536656.834057 5077321.39029 1431252488.0
536654.239778 5077339.92993 1431252552.0
536648.047673 5077362.89262 1431252614.0
536636.863341 5077376.60387 1431252837.0
536616.131661 5077389.81432 1431252948.0
536611.295746 5077406.67413 1431253005.0
536592.947518 5077423.8986 1431253101.0
536576.633155 5077438.57965 1431253161.0
536552.424311 5077448.99211 1431253318.0
536546.358792 5077463.73367 1431253466.0
536537.543116 5077484.01442 1431253541.0
536563.809779 5077493.2801 1431253582.0
536588.252321 5077495.86867 1431253631.0
536606.696567 5077488.64444 1431253698.0
536627.287432 5077499.21018 1431253730.0
536645.937204 5077509.76452 1431253761.0
536662.54503 5077497.97418 1431253851.0
536691.097182 5077488.36561 1431253903.0
536712.957792 5077481.16192 1431253983.0
536738.53466 5077488.86875 1431254133.0
536752.383701 5077497.17281 1431254206.0
536778.661862 5077504.43954 1431254257.0
536797.570839 5077497.44085 1431254309.0
536828.69989 5077485.40384 1431254382.0
536846.203515 5077479.73024 1431254413.0
536873.84417 5077466.78386 1431254441.0
536892.833658 5077459.3415 1431254482.0
536913.251834 5077446.68564 1431254704.0
536915.753571 5077443.81174 1431254796.0
536942.164365 5077441.85801 1431254824.0
536961.360961 5077425.75069 1431254856.0
536969.994872 5077397.13637 1431255005.0
536977.868785 5077417.84937 1431255115.0
536980.713815 5077435.53247 1431255157.0
537004.664052 5077442.56406 1431255249.0
537022.353121 5077444.89182 1431255349.0
537039.502647 5077459.54937 1431255469.0
537047.679508 5077481.48646 1431255600.0
537067.361218 5077488.15946 1431255681.0
537083.202694 5077487.80976 1431255740.0
537098.731613 5077487.79156 1431255841.0
537100.716228 5077506.46955 1431255954.0
537089.801949 5077513.84846 1431256261.0
537088.668989 5077534.50774 1431256293.0
537075.200509 5077553.53772 1431256368.0
537058.714106 5077570.88307 1431256440.0
537055.449781 5077597.41833 1431256506.0
537036.50961 5077609.63812 1431256606.0
537031.329632 5077631.93984 1431256658.0
537019.330047 5077652.0898 1431256755.0
537015.624639 5077674.51145 1431256890.0
537005.466627 5077698.33898 1431257010.0
536991.050445 5077707.14157 1431257038.0
536976.691399 5077719.38888 1431257056.0
536963.859336 5077735.97852 1431257070.0
536978.090413 5077745.17423 1431257151.0
537005.67517 5077754.44968 1431257320.0
537005.608144 5077752.67155 1431261215.0
536992.949181 5077753.26265 1431261333.0
536967.689686 5077757.66739 1431261363.0
536946.929249 5077762.76569 1431261400.0
536925.58853 5077787.08225 1431261539.0
536927.459976 5077798.75972 1431261652.0
536934.180855 5077817.46587 1431261716.0
536918.261494 5077831.03731 1431261808.0
536897.298457 5077844.13433 1431261849.0
536878.927923 5077852.13588 1431261920.0
536858.673018 5077863.68174 1431261961.0
536838.832508 5077883.89653 1431262051.0
536832.021117 5077906.52205 1431262193.0
536811.817941 5077909.40195 1431262461.0
536799.379504 5077925.21652 1431262548.0
536779.927712 5077932.32308 1431262597.0
536764.943905 5077945.34492 1431262742.0
536750.801634 5077960.48282 1431262811.0
536747.406588 5077983.12869 1431262844.0
536757.167415 5077999.85273 1431262896.0
536763.926137 5078012.22578 1431263020.0
536782.551707 5078026.55808 1431263061.0
536795.167031 5078046.29904 1431263091.0
536793.333775 5078067.39864 1431263202.0
536797.204069 5078082.42118 1431263288.0
536796.61493 5078103.19485 1431263305.0
536797.75879 5078119.75671 1431263325.0
536778.920604 5078141.31093 1431263360.0
536767.465047 5078148.57609 1431263408.0
536749.386254 5078173.02371 1431263558.0
536735.313604 5078189.60647 1431263678.0
536721.89434 5078200.74884 1431264056.0
536703.627718 5078217.64015 1431264149.0
536694.893475 5078237.36563 1431264211.0
536682.019781 5078248.178 1431264242.0
536672.05544 5078279.00702 1431264322.0
536680.008776 5078299.38682 1431264373.0
536663.618263 5078327.28902 1431264457.0
536647.056756 5078344.74612 1431264489.0
536631.029413 5078350.6512 1431264526.0
536606.138461 5078358.83723 1431264556.0
536580.050737 5078359.34985 1431264583.0
536561.331344 5078361.01713 1431264681.0
536544.669983 5078369.14085 1431264748.0
536521.190313 5078375.00227 1431264884.0
536504.054757 5078384.56771 1431264902.0
536482.541898 5078399.21838 1431264953.0
536460.882378 5078412.42387 1431264986.0
536477.244944 5078389.07639 1431265523.0
536477.486151 5078400.85524 1431265637.0
536452.291625 5078407.92902 1431265729.0
536424.746793 5078405.43382 1431265757.0
536418.385839 5078378.17503 1431265872.0
536406.159474 5078358.2149 1431265912.0
536390.37246 5078336.45617 1431265956.0
536418.801633 5078320.62362 1431266098.0
536413.578918 5078297.81584 1431266184.0
536398.183834 5078288.61457 1431266228.0
536378.896674 5078267.9464 1431266275.0
536371.312867 5078250.56908 1431266414.0
536367.13504 5078234.87837 1431266437.0
536353.692824 5078210.3558 1431266465.0
536333.282596 5078195.79212 1431266493.0
536308.859461 5078177.09401 1431266519.0
536300.979126 5078157.27067 1431266639.0
536296.52045 5078136.46741 1431266670.0
536301.330044 5078110.60747 1431266748.0
536301.948957 5078097.7226 1431266781.0
536280.967237 5078074.60045 1431266860.0
536268.261011 5078056.85997 1431266872.0
536247.334562 5078064.07067 1431266915.0
536229.047646 5078044.74213 1431266981.0
536227.61379 5078024.40103 1431267023.0
536213.630356 5077999.32009 1431267141.0
536197.657051 5077995.89356 1431267193.0
536183.542156 5077966.70094 1431267250.0
536170.162639 5077944.51242 1431267303.0
536152.580854 5077937.29897 1431267393.0
536143.335196 5077925.13431 1431267436.0
536142.006515 5077900.01623 1431267464.0
536133.630968 5077885.07898 1431267495.0
536131.659848 5077850.29079 1431267542.0
536119.765348 5077826.33332 1431267579.0
536100.508793 5077826.66558 1431267609.0
536080.184762 5077836.99138 1431267639.0
536063.421745 5077849.11568 1431267673.0
536043.509404 5077868.77703 1431267703.0
536032.632832 5077896.71292 1431267731.0
536020.143437 5077921.63956 1431267760.0
536021.394324 5077946.86827 1431267843.0
536021.894674 5077967.64831 1431267859.0
536029.254802 5077997.02351 1431267886.0
536038.854631 5078028.41167 1431267910.0
536045.64457 5078049.00608 1431267926.0
536050.038891 5078081.03064 1431267953.0
536055.921769 5078110.73061 1431267982.0
536041.822428 5078132.20351 1431268012.0
536024.516845 5078144.32475 1431268054.0
536010.827798 5078162.02244 1431268084.0
536002.919967 5078186.86463 1431268123.0
535992.954839 5078205.02842 1431268174.0
535979.267304 5078222.50397 1431268220.0
535968.511156 5078243.21868 1431268291.0
535952.77219 5078253.01595 1431268343.0
535926.456072 5078266.08517 1431268430.0
535913.555734 5078268.34368 1431268491.0
535896.967894 5078290.69134 1431268528.0
535873.282683 5078291.8875 1431268590.0
535866.168585 5078313.84565 1431268630.0
535860.850968 5078333.92538 1431268683.0
535871.304559 5078351.98532 1431268732.0
535884.144039 5078373.61453 1431268780.0
535883.693934 5078397.7223 1431268810.0
535882.787702 5078420.16081 1431268860.0
535869.614129 5078442.86164 1431268938.0
535847.724616 5078442.40167 1431268957.0
535820.087968 5078442.35299 1431268987.0
535796.96601 5078440.21947 1431269015.0
535763.274273 5078440.13607 1431269066.0
535751.675947 5078418.62537 1431269094.0
535720.595175 5078410.00198 1431269151.0
535699.605738 5078414.992 1431269166.0
535673.873263 5078421.28808 1431269225.0
535663.668912 5078440.78431 1431269257.0
535653.647658 5078468.948 1431269286.0
535642.521487 5078486.77234 1431269320.0
535630.302194 5078505.7015 1431269353.0
535614.118192 5078525.60786 1431269383.0
535599.426454 5078542.52293 1431269413.0
535586.110405 5078563.22359 1431269440.0
535564.702702 5078587.09996 1431269517.0
535556.048953 5078607.04969 1431269544.0
535539.852708 5078629.17833 1431269573.0
535538.275861 5078646.94652 1431269597.0
535531.140409 5078672.9048 1431269625.0
535517.721187 5078684.6053 1431269641.0
535495.1116 5078701.58635 1431269667.0
535483.211946 5078719.07322 1431269707.0
535469.215197 5078736.77032 1431269754.0
535452.739603 5078753.56442 1431269784.0
535440.573616 5078776.93855 1431269824.0
535429.346203 5078799.09589 1431269852.0
535423.600212 5078812.95151 1431270020.0
535419.096236 5078826.81423 1431270040.0
535416.685753 5078854.68848 1431270074.0
535419.705136 5078883.26042 1431270133.0
535410.233314 5078897.09475 1431270156.0
535406.281855 5078922.96027 1431270182.0
535396.736307 5078936.12755 1431270242.0
535370.066588 5078943.86392 1431270282.0
535358.870151 5078960.6884 1431270332.0
535336.556651 5078980.44939 1431270362.0
535317.566115 5078989.22975 1431270376.0
535298.511934 5078995.56543 1431270393.0
535279.426166 5079007.45637 1431270426.0
535263.664938 5079021.69955 1431270443.0
535248.898962 5079038.3928 1431270473.0
535238.241318 5079056.10942 1431270509.0
535218.760168 5079069.33159 1431270536.0
535202.876801 5079091.46288 1431270546.0
535181.177035 5079112.67232 1431270570.0
535166.684712 5079122.25642 1431270590.0
535146.863714 5079127.03271 1431270605.0
535123.87416 5079129.34672 1431270616.0
535095.10924 5079137.18349 1431270642.0
535068.678666 5079144.03364 1431270671.0
535054.346232 5079152.84115 1431270724.0
535031.481274 5079160.60049 1431270752.0
535018.694188 5079184.41636 1431270779.0
535005.46847 5079203.45215 1431270809.0
534987.424157 5079223.57184 1431270836.0
534979.582563 5079237.63824 1431270897.0
534966.691879 5079266.12016 1431270926.0
534955.11466 5079281.94323 1431270942.0
534929.941209 5079272.46823 1431271010.0
534918.004217 5079255.7348 1431271026.0
534908.905265 5079231.23984 1431271053.0
534902.464707 5079203.31554 1431271079.0
534892.632624 5079184.9274 1431271097.0
534875.855946 5079159.16709 1431271118.0
534849.022343 5079141.12778 1431271141.0
534830.915999 5079130.91519 1431271158.0
534807.047334 5079110.11505 1431271185.0
534787.061088 5079102.89193 1431271205.0
534770.818058 5079092.57886 1431271224.0
534760.707954 5079068.30068 1431271248.0
534775.837888 5079041.83085 1431271268.0
534752.120915 5079049.25312 1431271346.0
534746.375792 5079077.10891 1431271375.0
534746.294803 5079091.55244 1431271667.0
534746.824444 5079093.99978 1431271707.0
