534739.249115 5079102.17927 1441013022.0
534732.304558 5079080.91879 1441013142.0
534738.25196 5079058.50839 1441013262.0
534755.430872 5079040.38307 1441013382.0
534766.644249 5079047.89018 1441013542.0
534760.16806 5079081.51946 1441013622.0
534782.210885 5079095.75381 1441013702.0
534805.048539 5079106.65948 1441013782.0
534824.555291 5079116.32434 1441013822.0
534855.630702 5079139.27612 1441013862.0
534870.995261 5079153.91767 1441013902.0
534879.599922 5079169.74339 1441013942.0
534894.498629 5079184.38237 1441013982.0
534904.825853 5079211.32859 1441014022.0
534907.14569 5079240.45186 1441014062.0
534924.862207 5079264.66206 1441014142.0
534938.949933 5079285.40751 1441014222.0
534963.145116 5079275.6554 1441014342.0
534972.428288 5079253.70847 1441014462.0
534983.809756 5079231.32897 1441014582.0
534997.188077 5079212.73843 1441014742.0
535008.15085 5079195.80088 1441014902.0
535017.03678 5079175.51838 1441015022.0
535029.980739 5079165.14742 1441015142.0
535058.332827 5079161.64121 1441015262.0
535060.941144 5079139.65665 1441015502.0
535083.048883 5079128.55991 1441015742.0
535107.642647 5079130.81024 1441015862.0
535129.677436 5079132.60174 1441015982.0
535149.883985 5079128.27202 1441016222.0
535168.523586 5079112.82271 1441016502.0
535186.065861 5079099.25604 1441016702.0
535200.710354 5079090.22839 1441016862.0
535215.414242 5079070.75698 1441016982.0
535230.054497 5079048.84087 1441017102.0
535238.052138 5079034.77567 1441017262.0
535263.143081 5079017.91892 1441017382.0
535273.624746 5079003.8679 1441017502.0
535289.797564 5078985.5161 1441017622.0
535313.567742 5078982.5405 1441017862.0
535335.008003 5078979.77392 1441018062.0
535353.41818 5078963.87941 1441018302.0
535363.536753 5078945.49327 1441018582.0
535391.424946 5078941.87482 1441018742.0
535402.367055 5078928.82661 1441019022.0
535412.272007 5078907.10609 1441019302.0
535422.311952 5078888.94181 1441019622.0
535420.775843 5078872.48909 1441019902.0
535421.145885 5078848.49194 1441020142.0
535422.916343 5078823.94726 1441020382.0
535426.99015 5078803.86006 1441020622.0
535435.04064 5078780.68458 1441020822.0
535440.532843 5078770.49407 1441020982.0
535452.94443 5078744.89919 1441021182.0
535462.567376 5078731.84354 1441021342.0
535478.724918 5078716.38094 1441021502.0
535492.164359 5078701.12504 1441021662.0
535507.635514 5078683.54754 1441021822.0
535520.617616 5078666.84467 1441021982.0
535530.98023 5078646.68247 1441022102.0
535534.827347 5078625.59407 1441022222.0
535548.921914 5078604.45333 1441022382.0
535557.919158 5078592.2831 1441022542.0
535576.06245 5078582.60975 1441022662.0
535582.738801 5078555.5378 1441022782.0
535596.592507 5078535.84019 1441022942.0
535613.931913 5078517.49593 1441023102.0
535625.057947 5078499.67154 1441023222.0
535642.886951 5078477.21918 1441023382.0
535660.033682 5078465.4293 1441023542.0
535660.797909 5078440.54557 1441023702.0
535668.460299 5078417.59038 1441023862.0
535693.858591 5078415.40333 1441024062.0
535713.070223 5078409.06976 1441024222.0
535735.13946 5078405.30819 1441024342.0
535748.111488 5078430.93777 1441024462.0
535770.291084 5078448.39853 1441024582.0
535794.694228 5078443.76179 1441024662.0
535823.414466 5078444.37216 1441024782.0
535851.494386 5078448.31218 1441024902.0
535877.112007 5078448.46042 1441025022.0
535891.984857 5078440.65789 1441025182.0
535905.395268 5078417.29183 1441025342.0
535888.62171 5078404.75062 1441025502.0
535891.256412 5078378.76667 1441025582.0
535875.522138 5078361.00945 1441025662.0
535873.761902 5078343.22203 1441025782.0
535870.200245 5078314.75785 1441025902.0
535861.800349 5078290.59887 1441026022.0
535889.548116 5078284.98188 1441026142.0
535907.3169 5078273.19627 1441026222.0
535934.35902 5078268.79757 1441026342.0
535951.529439 5078253.11985 1441026462.0
535973.08627 5078244.13409 1441026542.0
535985.880215 5078220.09799 1441026662.0
535996.840967 5078204.27323 1441026742.0
536003.196747 5078179.31091 1441026822.0
536013.71893 5078158.81712 1441026942.0
536030.309476 5078136.13645 1441027062.0
536044.743102 5078097.22157 1441027142.0
536049.002417 5078072.35822 1441027222.0
536044.217329 5078040.77581 1441027302.0
536032.707815 5078017.37628 1441027342.0
536022.026859 5077984.98187 1441027422.0
536027.246686 5077941.79133 1441027502.0
536030.695443 5077922.81196 1441027542.0
536034.989173 5077905.39302 1441027622.0
536047.672051 5077873.91218 1441027702.0
536065.294721 5077847.45996 1441027782.0
536101.308456 5077822.67036 1441027862.0
536127.932769 5077823.71433 1441027942.0
536127.691248 5077865.15608 1441028022.0
536136.774631 5077878.54195 1441028102.0
536149.701743 5077951.72617 1441028182.0
536164.845478 5077924.37091 1441028262.0
536190.329945 5077974.29589 1441028342.0
536191.911423 5077995.97112 1441028422.0
536216.036386 5077999.44525 1441028502.0
536227.536155 5078024.40058 1441028582.0
536248.965525 5078063.9691 1441028662.0
536263.934587 5078066.50103 1441028742.0
536287.595618 5078082.86123 1441028822.0
536307.445322 5078100.42138 1441028902.0
536288.883137 5078141.42254 1441028982.0
536313.371739 5078162.232 1441029062.0
536338.198837 5078191.48774 1441029142.0
536358.914383 5078206.94209 1441029222.0
536358.238812 5078255.93666 1441029302.0
536377.699599 5078273.49476 1441029382.0
536401.709193 5078296.41282 1441029462.0
536412.463364 5078302.69803 1441029542.0
536427.809417 5078320.23213 1441029622.0
536424.312632 5078347.21077 1441029742.0
536418.760337 5078367.28866 1441029942.0
536421.969163 5078389.30686 1441030102.0
536442.746547 5078394.09552 1441030302.0
536445.323783 5078417.88775 1441030542.0
536423.504648 5078418.64835 1441030782.0
536399.521028 5078417.84081 1441031022.0
536399.10939 5078421.83827 1441031102.0
