534811.641941 5079107.47428 1464420358.0
534838.072079 5079128.28883 1464420382.0
534856.751259 5079147.05996 1464420400.0
534879.289442 5079169.74164 1464420425.0
534890.203261 5079189.0247 1464420440.0
534898.878586 5079219.85038 1464420464.0
534910.124639 5079249.02394 1464420537.0
534916.91129 5079256.83971 1464420546.0
534927.046769 5079276.45179 1464420559.0
534979.241353 5079243.08059 1464420623.0
534999.646172 5079217.30772 1464420667.0
535008.376804 5079197.02434 1464420684.0
535025.256962 5079176.89813 1464420710.0
535043.303124 5079170.2226 1464420726.0
535071.319645 5079143.71526 1464420780.0
535089.66637 5079138.81928 1464420791.0
535115.395888 5079132.40968 1464420876.0
535159.629506 5079134.43823 1464420912.0
535168.354532 5079128.93236 1464420915.0
535172.148429 5079116.95426 1464420922.0
535197.708373 5079099.43327 1464420950.0
535222.656334 5079080.3534 1464420985.0
535243.045636 5079057.58114 1464421020.0
535255.022228 5079039.98315 1464421036.0
535273.41115 5079027.75484 1464421056.0
535290.278709 5079010.07364 1464421071.0
535309.060332 5078997.06992 1464421088.0
535328.580887 5078990.62583 1464421109.0
535354.736153 5078977.7754 1464421139.0
535381.781535 5078958.59701 1464421217.0
535395.762946 5078943.4551 1464421226.0
535406.264715 5078925.96008 1464421280.0
535429.518243 5078891.20516 1464421340.0
535427.593902 5078861.19508 1464421354.0
535427.302826 5078830.6388 1464421386.0
535435.404227 5078812.13013 1464421430.0
535440.81306 5078802.93912 1464421435.0
535446.754924 5078768.41861 1464421468.0
535486.978698 5078711.98389 1464421513.0
535477.172433 5078729.92719 1464421514.0
535477.77878 5078718.931 1464421531.0
535496.182455 5078704.37017 1464421580.0
535524.11137 5078680.30872 1464421600.0
535528.725156 5078660.89133 1464421617.0
535541.785097 5078630.63381 1464421655.0
535580.762452 5078602.30279 1464421710.0
535588.533244 5078573.90384 1464421885.0
535600.473444 5078562.97275 1464421891.0
535611.275442 5078547.47974 1464421902.0
535620.895469 5078521.53582 1464421944.0
535633.031964 5078503.49504 1464421970.0
535644.369566 5078475.89442 1464422068.0
535649.340398 5078448.47941 1464422122.0
535658.528123 5078443.75464 1464422127.0
535688.261586 5078416.70439 1464422325.0
535719.865773 5078415.33095 1464422568.0
535732.262162 5078419.62449 1464422583.0
535768.925178 5078442.94637 1464422733.0
535776.876094 5078450.7698 1464422737.0
535809.995482 5078455.84981 1464422786.0
535840.952128 5078459.02866 1464422852.0
535852.202552 5078460.0937 1464422856.0
535987.242112 5078226.21682 1464424715.0
535995.590024 5078219.1544 1464424757.0
536002.627698 5078197.08484 1464424802.0
536011.20129 5078177.91301 1464424841.0
536021.421364 5078155.97307 1464425106.0
536030.530884 5078151.4706 1464425114.0
536054.676486 5078124.61183 1464425177.0
536059.132531 5078105.97166 1464425202.0
536052.867956 5078075.15839 1464425238.0
536050.656544 5078054.92393 1464425269.0
536047.929559 5078043.24176 1464425272.0
536039.279623 5078022.08101 1464425285.0
536028.354181 5077991.6851 1464425318.0
536021.628681 5077959.98033 1464425348.0
536027.875372 5077927.12877 1464425381.0
536030.951457 5077905.48065 1464425398.0
536045.317765 5077878.23169 1464425440.0
536054.434077 5077859.2853 1464425468.0
536084.32991 5077831.79345 1464425574.0
536115.266288 5077825.64047 1464425733.0
536125.901258 5077825.92465 1464425744.0
536134.397128 5077860.19532 1464425836.0
536142.382485 5077888.79655 1464425920.0
536143.659445 5077909.47002 1464425964.0
536166.40971 5077935.71302 1464426248.0
536177.64854 5077952.22254 1464426375.0
536190.294473 5077967.07368 1464426404.0
536211.633919 5077995.53076 1464426582.0
536219.181493 5078019.2408 1464426844.0
536222.223899 5078030.03603 1464426854.0
536243.315784 5078060.93615 1464426986.0
536266.143719 5078073.73595 1464427058.0
536279.490493 5078088.14695 1464427105.0
536292.900098 5078118.33565 1464427536.0
536291.631089 5078149.43839 1464427668.0
536303.575044 5078164.73009 1464427745.0
536324.919138 5078192.18765 1464428183.0
536343.789239 5078217.85305 1464428205.0
536361.904444 5078253.06936 1464428260.0
536368.254049 5078282.32796 1464428365.0
536375.508353 5078289.70364 1464428372.0
536407.032426 5078315.33241 1464428442.0
536392.773137 5078337.47023 1464428620.0
536387.436217 5078360.54932 1464428663.0
536405.994364 5078386.32421 1464428730.0
536426.044297 5078409.21911 1464428794.0
536438.875854 5078431.84943 1464428826.0
536410.867305 5078429.01823 1464428885.0
536413.537385 5078423.81185 1464429774.0
536434.78902 5078413.93704 1464432620.0
536433.076686 5078401.4829 1464433462.0
536416.546871 5078374.05323 1464433708.0
536414.05231 5078362.59447 1464433713.0
536399.283028 5078326.17546 1464433920.0
536143.145144 5077904.46718 1464436001.0
536136.988671 5077895.09824 1464436141.0
536135.654044 5077884.31302 1464436176.0
536133.304958 5077874.41074 1464436179.0
536132.855482 5077844.96459 1464436281.0
536109.015206 5077832.49272 1464436435.0
536069.662416 5077844.04103 1464436555.0
536061.696933 5077851.99444 1464436570.0
536044.534296 5077879.44932 1464436619.0
536017.118054 5077907.84463 1464436829.0
536009.076374 5077915.57545 1464436839.0
536014.30673 5077937.38293 1464436858.0
536011.466205 5077958.58799 1464436879.0
536013.933457 5077988.26807 1464436913.0
536024.932586 5078005.99811 1464436925.0
536035.225963 5078038.27916 1464436951.0
536041.324302 5078057.64735 1464436967.0
536036.495735 5078086.95171 1464436997.0
536034.42959 5078108.49459 1464437016.0
536021.431049 5078154.30651 1464437245.0
535997.792999 5078187.39039 1464437339.0
535981.593448 5078209.62898 1464437448.0
535977.580037 5078218.93873 1464437456.0
535935.842391 5078267.36177 1464437709.0
535913.379227 5078272.00921 1464437783.0
535894.233655 5078280.23138 1464437817.0
535874.719372 5078325.33923 1464438476.0
535873.496394 5078335.44296 1464438479.0
535879.370849 5078366.69822 1464438507.0
535890.393257 5078393.76121 1464438551.0
535897.858123 5078418.47036 1464438584.0
535889.267833 5078440.64215 1464438661.0
535857.814487 5078442.79336 1464438804.0
535837.584739 5078437.23208 1464438854.0
535814.875254 5078444.32281 1464438865.0
535772.367797 5078438.29972 1464438946.0
535768.023717 5078424.27508 1464438954.0
535744.324851 5078414.47199 1464438972.0
535714.352154 5078415.6325 1464439008.0
535688.102908 5078403.81499 1464439052.0
535670.263302 5078428.04487 1464439102.0
535659.365424 5078446.64825 1464439154.0
535649.044548 5078472.9214 1464439178.0
535615.183054 5078475.39331 1464439304.0
535597.26567 5078499.73406 1464439487.0
535588.528534 5078507.1281 1464439490.0
535564.856027 5078533.32473 1464439505.0
535559.388628 5078566.18123 1464439539.0
535543.329152 5078577.97763 1464439578.0
535549.822336 5078596.34764 1464439606.0
535546.747998 5078645.10628 1464439708.0
535540.038232 5078664.51164 1464439735.0
535521.571993 5078676.4054 1464439771.0
535502.804208 5078700.29712 1464439802.0
535486.113999 5078713.86777 1464439822.0
535471.521705 5078740.67229 1464439854.0
535460.013495 5078757.60591 1464439873.0
535450.139375 5078787.43739 1464439908.0
535443.071267 5078815.28499 1464439945.0
535435.832725 5078845.79821 1464439979.0
535443.42611 5078875.39629 1464440019.0
535431.923939 5078891.33002 1464440061.0
535420.582154 5078906.37583 1464440075.0
535424.96046 5078928.06686 1464440101.0
535402.079786 5078951.93537 1464440136.0
535373.868843 5078944.10784 1464440159.0
535350.242288 5078976.30536 1464440233.0
535342.130894 5078983.03666 1464440245.0
535321.355044 5078991.80682 1464440265.0
535280.39983 5079013.68395 1464440493.0
535266.648564 5079029.38296 1464440508.0
535244.490217 5079049.25628 1464440531.0
535227.945382 5079064.82839 1464440558.0
535212.328927 5079080.96135 1464440576.0
535180.670906 5079106.11409 1464440743.0
535167.850283 5079122.04082 1464440767.0
535146.873167 5079125.36614 1464440814.0
535126.980872 5079129.03101 1464440824.0
535095.476985 5079127.07477 1464440855.0
535074.413503 5079131.95536 1464440878.0
535052.176635 5079152.16223 1464440954.0
535043.606359 5079157.78025 1464440957.0
535014.027578 5079186.05661 1464440993.0
535006.314126 5079204.90133 1464441014.0
534999.063927 5079224.19311 1464441039.0
534976.741862 5079245.84417 1464441073.0
534969.79726 5079266.02658 1464441094.0
534958.682611 5079282.40779 1464441114.0
534931.774621 5079277.70062 1464441144.0
534919.056445 5079261.85165 1464441164.0
534908.293078 5079243.45824 1464441183.0
534903.212131 5079222.20805 1464441206.0
534899.443173 5079202.29855 1464441225.0
534883.840253 5079174.87821 1464441251.0
534870.579024 5079158.91517 1464441273.0
534850.140897 5079135.46759 1464441330.0
534841.089286 5079130.08352 1464441340.0
534823.620096 5079116.98573 1464441363.0
534807.069801 5079106.1153 1464441384.0
534787.238784 5079098.89305 1464441403.0
534781.855209 5079089.97422 1464441413.0
