534744.188318 5079065.76367 1407398932.0
534750.823779 5079045.24597 1407398953.0
534764.384828 5079063.21036 1407399001.0
534764.802889 5079085.54533 1407399019.0
534781.01539 5079101.30248 1407399031.0
534816.033867 5079113.27655 1407399055.0
534840.763811 5079132.74827 1407399079.0
534860.330545 5079145.52459 1407399097.0
534877.920423 5079164.73409 1407399118.0
534892.635752 5079184.37188 1407399136.0
534901.903847 5079206.42339 1407399154.0
534905.189553 5079229.44119 1407399172.0
534911.258877 5079254.3635 1407399190.0
534927.680871 5079274.1221 1407399208.0
534950.540081 5079294.80592 1407399238.0
534972.841045 5079290.59855 1407399256.0
534992.722872 5079274.93351 1407399277.0
535012.121107 5079248.71057 1407399307.0
535041.726018 5079243.21143 1407399331.0
535037.458566 5079256.63133 1407399385.0
535039.210555 5079289.97354 1407399421.0
535051.204033 5079310.37409 1407399445.0
535065.773078 5079287.1239 1407399490.0
535091.227572 5079288.04576 1407399523.0
535111.776979 5079291.60651 1407399547.0
535133.182555 5079281.06151 1407399568.0
535154.622874 5079264.40585 1407399592.0
535179.634417 5079247.65943 1407399628.0
535197.755632 5079255.09545 1407399646.0
535220.622411 5079233.33716 1407399676.0
535224.711735 5079210.36111 1407399694.0
535249.023724 5079207.49945 1407399724.0
535269.193603 5079195.94791 1407399739.0
535295.803254 5079198.5438 1407399778.0
535309.65084 5079179.51216 1407399793.0
535323.291618 5079155.92396 1407399829.0
535326.640979 5079140.27686 1407399859.0
535343.036329 5079123.7042 1407399892.0
535363.454103 5079109.5989 1407399940.0
535382.358061 5079115.92884 1407399979.0
535403.362359 5079135.04824 1407400015.0
535422.049715 5079124.93312 1407400087.0
535445.844215 5079117.62497 1407400195.0
535463.691899 5079118.61595 1407400219.0
535480.159591 5079130.15432 1407400240.0
535493.015334 5079135.3389 1407400246.0
535502.897926 5079144.61746 1407400249.0
535525.020926 5079158.07718 1407400255.0
535547.127398 5079160.87055 1407400261.0
535559.319509 5079159.94053 1407400264.0
535593.882845 5079156.2502 1407400267.0
535619.358898 5079153.50779 1407400270.0
535630.22638 5079153.45916 1407400273.0
535614.312368 5079180.70019 1407400315.0
535605.810294 5079187.87334 1407400318.0
535579.142659 5079195.3866 1407400321.0
535569.099732 5079200.55101 1407400327.0
535579.334267 5079229.6089 1407400330.0
535591.916658 5079241.79191 1407400333.0
535617.312233 5079266.49266 1407400336.0
535625.107664 5079274.20391 1407400339.0
535648.609174 5079290.78304 1407400345.0
535622.495475 5079296.52157 1407400405.0
535605.255498 5079284.42283 1407400417.0
535591.344367 5079260.34362 1407400432.0
535586.84142 5079246.98482 1407400438.0
535574.364277 5079216.46964 1407400447.0
535566.477425 5079184.092 1407400459.0
535556.997278 5079158.81613 1407400468.0
535548.773641 5079130.992 1407400480.0
535553.264462 5079105.90741 1407400498.0
535558.205743 5079083.49199 1407400564.0
535568.962928 5079062.10993 1407400627.0
535586.136409 5079058.8753 1407400684.0
535603.521708 5079059.30848 1407400699.0
535623.76656 5079075.42436 1407400708.0
535625.471673 5079075.87859 1407400777.0
535648.720346 5079082.56765 1407400792.0
535654.132464 5079072.82131 1407400987.0
535665.257891 5079068.44102 1407401074.0
535666.597035 5079051.56034 1407401161.0
535655.754411 5079020.27666 1407401230.0
535658.99483 5078996.74046 1407401341.0
535669.947006 5078982.02616 1407401497.0
535694.736089 5078977.39126 1407401530.0
535714.900513 5078967.06331 1407401650.0
535740.093183 5078959.76434 1407401705.0
535760.917278 5078969.66196 1407401786.0
535774.430681 5078981.96182 1407401804.0
535790.964313 5078955.1692 1407401969.0
535806.825686 5078950.70541 1407402095.0
535820.901025 5078959.78649 1407402218.0
535846.416557 5078950.37876 1407402407.0
535865.128168 5078949.70928 1407402674.0
535881.835743 5078946.58387 1407402812.0
535900.570543 5078941.91474 1407402968.0
535922.352636 5078933.81899 1407403109.0
535938.002858 5078939.02069 1407403301.0
535963.127964 5078930.05561 1407403442.0
535981.772352 5078927.60836 1407403610.0
535994.053406 5078911.45794 1407403769.0
536017.331375 5078913.1487 1407403892.0
536033.976462 5078920.8008 1407404084.0
536046.442067 5078912.98464 1407404198.0
536066.666843 5078919.10214 1407404258.0
536073.478922 5078909.03098 1407404420.0
536077.968135 5078884.61339 1407404456.0
536077.367838 5078867.7215 1407404504.0
536082.034983 5078839.41618 1407404555.0
536087.341915 5078821.22539 1407404603.0
536097.307655 5078802.83954 1407404645.0
536112.727919 5078780.93002 1407404735.0
536121.927907 5078760.76202 1407404774.0
536142.831911 5078743.66218 1407404837.0
536159.581194 5078720.20503 1407404873.0
536156.436133 5078713.74243 1407405080.0
536163.165291 5078691.33791 1407405131.0
536186.525788 5078679.03019 1407405287.0
536195.681389 5078666.52847 1407405509.0
536215.661901 5078661.42313 1407405617.0
536236.611314 5078663.21221 1407405761.0
536258.167152 5078654.22744 1407405839.0
536276.582631 5078638.00236 1407405905.0
536288.947202 5078621.07524 1407405980.0
536302.410336 5078602.15465 1407406067.0
536323.430254 5078591.94478 1407406103.0
536346.351184 5078588.52371 1407406178.0
536368.116813 5078570.3186 1407406214.0
536388.578551 5078562.66116 1407406250.0
536409.600706 5078552.11827 1407406325.0
536429.273869 5078546.56738 1407406382.0
536437.723113 5078522.28443 1407406454.0
536446.325719 5078498.33572 1407406508.0
536454.140339 5078476.38232 1407406532.0
536452.402056 5078455.1505 1407406568.0
536453.864863 5078430.82649 1407406628.0
536441.904815 5078418.42319 1407410119.0
536422.392504 5078396.53136 1407410221.0
536412.542043 5078381.80725 1407410326.0
536403.879482 5078363.09025 1407410362.0
536393.619898 5078338.69739 1407410431.0
536403.111078 5078322.08696 1407410560.0
536414.768142 5078306.82256 1407410719.0
536398.146644 5078294.9475 1407410794.0
536379.539276 5078277.50544 1407410830.0
536366.427345 5078262.87338 1407410884.0
536365.324737 5078239.08984 1407410962.0
536365.163482 5078213.64521 1407410995.0
536342.45559 5078193.73485 1407411031.0
536321.630425 5078183.72419 1407411055.0
536306.703781 5078160.74854 1407411088.0
536299.622726 5078150.26294 1407411296.0
536291.230768 5078124.99234 1407411347.0
536302.082101 5078101.50104 1407411413.0
536285.63136 5078086.8496 1407411467.0
536266.295087 5078074.40348 1407411548.0
536251.21951 5078063.53785 1407411620.0
536227.37512 5078051.95435 1407411689.0
536223.475139 5078028.48783 1407411743.0
536216.863754 5078004.0055 1407411797.0
536197.919151 5077990.89525 1407411944.0
536185.361947 5077974.15577 1407412373.0
536175.220446 5077955.87492 1407412478.0
536163.997173 5077936.69891 1407412574.0
536143.811921 5077936.58118 1407412700.0
536134.783691 5077913.75148 1407412736.0
536137.541839 5077893.43485 1407412790.0
536129.833987 5077870.50174 1407412838.0
536134.285894 5077852.63936 1407412883.0
536132.090845 5077829.62727 1407412946.0
536110.509722 5077829.1682 1407413012.0
536084.865607 5077833.12986 1407413069.0
536073.636114 5077841.61979 1407413144.0
536056.394378 5077855.96347 1407413180.0
536044.936044 5077877.1184 1407413216.0
536031.976224 5077902.82003 1407413276.0
536027.136467 5077920.68023 1407413336.0
536027.000219 5077944.12315 1407413360.0
536019.514452 5077963.07906 1407413384.0
536021.012439 5077985.86484 1407413402.0
536034.045687 5078014.27304 1407413435.0
536040.446195 5078035.08739 1407413459.0
536046.450735 5078057.23273 1407413477.0
536047.955702 5078078.79638 1407413501.0
536046.822409 5078100.12246 1407413525.0
536044.78024 5078130.88742 1407413561.0
536037.679569 5078150.40108 1407413597.0
536016.70852 5078165.38984 1407413654.0
536007.444592 5078183.11325 1407413699.0
535998.652964 5078199.72834 1407413822.0
535986.27418 5078219.1003 1407413897.0
535974.917583 5078236.25607 1407413948.0
535950.919986 5078251.11638 1407414029.0
535935.941923 5078263.58469 1407414122.0
535920.826043 5078273.05233 1407414188.0
535898.299437 5078275.25508 1407414314.0
535892.097078 5078287.21879 1407414386.0
535862.598517 5078286.82583 1407414464.0
535866.445196 5078306.29193 1407414506.0
535866.126153 5078321.17852 1407414590.0
535863.740499 5078344.38622 1407414648.0
535868.040869 5078352.52197 1407414675.0
535882.939064 5078380.60734 1407414708.0
535889.836338 5078396.09125 1407414774.0
535905.197779 5078411.17976 1407414819.0
535879.111265 5078438.36119 1407414933.0
535868.59899 5078457.29977 1407415002.0
535847.754692 5078450.62381 1407415041.0
535823.693516 5078449.81805 1407415077.0
535801.34531 5078448.13341 1407415116.0
535778.603839 5078460.77947 1407415162.0
535760.86911 5078453.34401 1407415197.0
535751.387943 5078428.17897 1407415230.0
535744.116311 5078410.24869 1407415254.0
535721.044944 5078412.78227 1407415347.0
535695.926434 5078420.30398 1407415383.0
535679.036862 5078400.87399 1407415446.0
535665.010076 5078423.57034 1407415500.0
535657.833935 5078442.97289 1407415539.0
535652.795658 5078468.60978 1407415572.0
535635.712524 5078482.84442 1407415617.0
535625.187659 5078504.11659 1407415665.0
535612.572012 5078524.4879 1407415687.0
535602.344003 5078534.65104 1407415726.0
535581.447832 5078550.53054 1407415744.0
535568.198648 5078573.12046 1407415780.0
535556.198609 5078594.49538 1407415837.0
535535.339069 5078604.04211 1407415867.0
535522.944061 5078626.63702 1407415936.0
535531.300291 5078645.01769 1407415972.0
535519.275681 5078670.72575 1407416002.0
535504.756343 5078684.75322 1407416023.0
535491.536988 5078702.23252 1407416047.0
535469.754078 5078723.99602 1407416083.0
535462.275374 5078742.17488 1407416122.0
535443.597076 5078764.06735 1407416158.0
535433.46019 5078785.56428 1407416194.0
535430.844069 5078808.65972 1407416230.0
535422.274391 5078827.61015 1407416266.0
535423.593021 5078854.95018 1407416299.0
535423.875856 5078886.95081 1407416332.0
535417.021638 5078904.57776 1407416371.0
535408.903267 5078926.08626 1407416404.0
535397.556524 5078942.02095 1407416464.0
535372.602142 5078948.43381 1407416500.0
535361.355345 5078960.48036 1407416545.0
535336.575658 5078977.11627 1407416581.0
535320.86235 5078982.9154 1407416602.0
535292.660733 5078987.08792 1407416638.0
535272.72853 5079011.30701 1407416671.0
535254.660794 5079021.64832 1407416692.0
535241.522371 5079038.79528 1407416713.0
535227.366729 5079057.38088 1407416746.0
535205.67686 5079076.81257 1407416782.0
535194.005915 5079095.30126 1407416803.0
535171.519265 5079118.39509 1407416833.0
535144.739601 5079132.0205 1407416869.0
535121.68504 5079132.112 1407416890.0
535098.012664 5079131.64455 1407416914.0
535076.954855 5079135.52519 1407416938.0
535050.655024 5079146.70935 1407416974.0
535041.541739 5079165.99054 1407417010.0
535014.944179 5079174.95102 1407417046.0
535001.172605 5079194.42816 1407417079.0
534993.42783 5079218.82811 1407417115.0
534979.668336 5079236.19433 1407417151.0
534967.220291 5079255.01237 1407417175.0
534959.558356 5079278.52397 1407417199.0
534944.380102 5079285.99367 1407417352.0
534930.997808 5079277.80735 1407417377.0
534917.828943 5079259.28925 1407417397.0
534908.683674 5079229.23866 1407417433.0
534900.00781 5079212.30142 1407417457.0
534896.013485 5079191.05736 1407417478.0
534882.073131 5079171.64614 1407417499.0
534864.83263 5079159.32727 1407417523.0
534846.352634 5079146.55705 1407417544.0
534829.544433 5079126.35206 1407417592.0
534812.415652 5079107.92305 1407417613.0
534784.906414 5079099.5466 1407417646.0
534765.450988 5079094.54868 1407417667.0
534759.959786 5079063.29664 1407417703.0
534772.795681 5079044.48036 1407417727.0
534771.683102 5079035.25219 1407417739.0
