534775.892757 5079032.05369 1431839315.0
534770.006608 5079057.35319 1431839335.0
534784.925748 5079096.10237 1431839370.0
534800.618535 5079107.63457 1431839384.0
534830.259256 5079123.46728 1431839411.0
534859.000999 5079147.29483 1431839432.0
534871.753331 5079157.14406 1431839444.0
534894.534292 5079178.04943 1431839465.0
534910.125265 5079221.35813 1431839498.0
534919.010759 5079256.1849 1431839524.0
534954.282065 5079291.93823 1431839557.0
534961.262717 5079292.86647 1431839562.0
534990.85814 5079275.2563 1431839591.0
535003.843901 5079257.44131 1431839609.0
535014.241307 5079244.38935 1431839622.0
535053.833038 5079229.83588 1431839661.0
535040.53974 5079247.09349 1431839734.0
535044.423566 5079287.78087 1431839772.0
535059.776916 5079317.97791 1431839801.0
535069.845184 5079349.36727 1431839826.0
535077.502176 5079381.63185 1431839853.0
535092.333201 5079408.04836 1431839877.0
535118.484968 5079450.19526 1431839914.0
535123.788234 5079459.44726 1431839922.0
535138.12671 5079490.52763 1431839947.0
535141.42324 5079497.76833 1431839953.0
535155.832217 5079530.07132 1431839991.0
535166.1173 5079550.46241 1431840014.0
535184.79231 5079569.56786 1431840041.0
535183.912694 5079601.4508 1431840067.0
535191.728416 5079619.27244 1431840083.0
535218.311644 5079626.20107 1431840112.0
535245.586389 5079634.35593 1431840150.0
535263.818151 5079635.79297 1431840179.0
535286.940233 5079637.1468 1431840215.0
535304.872025 5079650.35968 1431840256.0
535335.296409 5079664.19939 1431840295.0
535355.008697 5079678.20033 1431840322.0
535380.737747 5079685.12479 1431840350.0
535410.097431 5079695.07001 1431840390.0
535426.83791 5079712.94297 1431840418.0
535447.689242 5079731.28393 1431840446.0
535466.432803 5079738.16878 1431840470.0
535490.327379 5079753.6385 1431840504.0
535526.982156 5079763.62608 1431840544.0
535551.748244 5079762.43486 1431840571.0
535573.909104 5079768.89522 1431840590.0
535602.528074 5079786.05913 1431840620.0
535627.989708 5079798.8718 1431840657.0
535652.611963 5079795.68021 1431840694.0
535678.79206 5079778.05367 1431840736.0
535700.15278 5079775.17681 1431840763.0
535722.053702 5079786.30273 1431840789.0
535743.642124 5079784.3162 1431840818.0
535749.336113 5079806.34842 1431840843.0
535775.897384 5079830.27885 1431840879.0
535797.257262 5079840.95749 1431840904.0
535827.221671 5079853.46369 1431840932.0
535845.392417 5079851.90218 1431840952.0
535875.614605 5079860.0769 1431840988.0
535895.025276 5079885.63306 1431841020.0
535914.87537 5079902.30319 1431841054.0
535933.070031 5079936.74107 1431841089.0
535948.942389 5079956.72149 1431841121.0
535955.511116 5079974.98132 1431841140.0
535974.933352 5079998.42676 1431841174.0
535990.452719 5079998.96134 1431841189.0
536022.217714 5079995.25719 1431841214.0
536047.991275 5079994.18492 1431841246.0
536078.149135 5079999.91589 1431841275.0
536100.158574 5080005.4884 1431841302.0
536114.628068 5080026.34994 1431841328.0
536137.88674 5080043.92954 1431841352.0
536167.684127 5080044.8812 1431841389.0
536183.231655 5080053.86064 1431841418.0
536209.147887 5080054.90093 1431841457.0
536230.084787 5080058.02326 1431841484.0
536250.619318 5080063.58769 1431841526.0
536263.225561 5080084.43868 1431841564.0
536275.536249 5080102.73249 1431841608.0
536293.953394 5080085.5075 1431841708.0
536296.82138 5080059.63612 1431841740.0
536307.737966 5080037.7007 1431841789.0
536320.13777 5080027.55144 1431842000.0
536320.522468 5080014.88737 1431842031.0
536313.864767 5079985.51581 1431842057.0
536315.105013 5079959.30157 1431842080.0
536315.522269 5079941.0823 1431842105.0
536328.777141 5079904.27213 1431842135.0
536336.367249 5079880.53952 1431842163.0
536366.125619 5079848.6039 1431842191.0
536388.810456 5079831.73757 1431842214.0
536397.24678 5079809.3433 1431842245.0
536398.956341 5079782.5763 1431842270.0
536398.514884 5079765.24085 1431842284.0
536394.16999 5079738.54939 1431842311.0
536390.293347 5079711.41626 1431842333.0
536368.8114 5079681.95759 1431842358.0
536366.15165 5079659.05373 1431842376.0
536365.93965 5079615.83146 1431842412.0
536370.43999 5079589.63638 1431842437.0
536365.984605 5079555.27785 1431842458.0
536367.371238 5079543.84187 1431842486.0
536368.294122 5079505.62613 1431842519.0
536370.003624 5079492.08099 1431842534.0
536398.145095 5079471.46905 1431842569.0
536420.190205 5079458.04342 1431842609.0
536432.367762 5079433.11571 1431842650.0
536442.634899 5079416.28767 1431842668.0
536451.119672 5079385.78288 1431842695.0
536457.170917 5079359.93032 1431842718.0
536475.925632 5079325.375 1431842745.0
536498.357557 5079312.28524 1431842766.0
536520.991655 5079304.41884 1431842792.0
536552.577787 5079305.38284 1431842813.0
536572.898742 5079308.05824 1431842828.0
536587.405516 5079309.47718 1431842845.0
536622.225979 5079314.79385 1431842874.0
536643.273694 5079312.69613 1431842894.0
536675.089339 5079314.21766 1431842924.0
536706.489186 5079333.51418 1431842955.0
536735.415606 5079351.01847 1431842984.0
536759.622506 5079352.82865 1431843008.0
536789.695592 5079347.11841 1431843030.0
536820.340451 5079336.63407 1431843054.0
536844.014309 5079323.66404 1431843079.0
536860.62499 5079310.65208 1431843099.0
536884.499481 5079303.1277 1431843117.0
536902.455426 5079272.791 1431843157.0
536919.713137 5079255.44984 1431843183.0
536944.328882 5079240.81918 1431843207.0
536973.98073 5079227.77419 1431843233.0
536987.006185 5079217.29666 1431843248.0
537018.170182 5079198.03884 1431843291.0
537042.481887 5079182.40678 1431843315.0
537057.553585 5079167.27509 1431843334.0
537083.697151 5079156.87623 1431843361.0
537121.038948 5079168.98838 1431843387.0
537145.984703 5079177.13766 1431843411.0
537172.595739 5079179.4083 1431843433.0
537221.144071 5079199.58808 1431843474.0
537234.97927 5079209.44872 1431843488.0
537259.88864 5079223.59808 1431843513.0
537284.240451 5079227.18891 1431843538.0
537309.913756 5079217.56593 1431843560.0
537343.653622 5079196.10309 1431843597.0
537369.019915 5079198.8115 1431843619.0
537401.222098 5079200.67241 1431843656.0
537440.797057 5079189.9117 1431843689.0
537457.986669 5079184.12686 1431843705.0
537497.139816 5079166.14193 1431843740.0
537532.101686 5079148.13185 1431843773.0
537547.664162 5079141.89296 1431843788.0
537572.326476 5079132.70937 1431843813.0
537596.984145 5079124.3036 1431843837.0
537619.212026 5079119.77196 1431843856.0
537652.20292 5079119.63901 1431843884.0
537675.78683 5079121.89341 1431843902.0
537695.997207 5079130.01612 1431843918.0
537730.670678 5079134.00483 1431843945.0
537760.934625 5079135.52248 1431843973.0
537781.113293 5079136.08991 1431843995.0
537815.33384 5079137.96527 1431844039.0
537837.3028 5079150.4324 1431844061.0
537865.973042 5079171.38478 1431844090.0
537880.040835 5079181.13718 1431844103.0
537904.076708 5079198.28372 1431844126.0
537921.41461 5079206.3896 1431844143.0
537951.354803 5079222.68361 1431844177.0
537979.506884 5079226.74489 1431844203.0
538009.256301 5079223.48295 1431844227.0
538034.055824 5079217.30195 1431844250.0
538063.721183 5079240.37242 1431844293.0
538070.43516 5079246.74684 1431844309.0
538098.845359 5079271.92083 1431844350.0
538112.401744 5079289.00377 1431844392.0
538129.464563 5079303.88616 1431844410.0
538163.607063 5079330.87346 1431844444.0
538172.186413 5079336.81506 1431844453.0
538201.10486 5079367.54808 1431844484.0
538228.096821 5079383.38083 1431844509.0
538236.691806 5079386.76712 1431844516.0
538270.28107 5079402.64078 1431844545.0
538298.809251 5079421.03883 1431844574.0
538315.128755 5079430.47283 1431844591.0
538352.981008 5079447.26217 1431844631.0
538375.373045 5079453.734 1431844656.0
538391.876496 5079458.50279 1431844675.0
538428.440592 5079470.17363 1431844716.0
538445.086094 5079477.05451 1431844741.0
538475.049838 5079489.12911 1431844776.0
538487.514315 5079494.31751 1431844789.0
538514.402258 5079501.70664 1431844818.0
538544.563145 5079507.00519 1431844867.0
538565.964437 5079510.47162 1431844894.0
538591.574963 5079511.07552 1431844923.0
538623.975481 5079505.72199 1431844953.0
538645.796001 5079504.19143 1431844983.0
538668.232609 5079503.44255 1431845002.0
538711.762634 5079518.15848 1431845037.0
538748.708317 5079530.72247 1431845066.0
538780.071089 5079542.36287 1431845091.0
538802.534401 5079549.72557 1431845126.0
538829.408513 5079559.22705 1431845168.0
538870.569342 5079567.9294 1431845198.0
538883.753492 5079569.67876 1431845208.0
538918.412646 5079575.4518 1431845240.0
538940.65411 5079593.36892 1431845266.0
538963.21918 5079609.1771 1431845286.0
538976.03894 5079619.47972 1431845298.0
539006.193959 5079637.8913 1431845324.0
539023.593534 5079648.11175 1431845341.0
539041.993635 5079659.67186 1431845358.0
539083.102348 5079676.48623 1431845401.0
539103.006371 5079683.38945 1431845427.0
539127.481847 5079691.5438 1431845455.0
539159.578854 5079697.30202 1431845483.0
539173.846435 5079699.50329 1431845496.0
539207.479462 5079707.82697 1431845524.0
539249.626659 5079719.87136 1431845554.0
539286.208785 5079728.21416 1431845582.0
539324.921636 5079731.01526 1431845613.0
539363.923729 5079737.15171 1431845642.0
539392.209477 5079744.10913 1431845663.0
539413.514932 5079750.2445 1431845679.0
539435.840631 5079754.6087 1431845697.0
539454.751327 5079758.95124 1431845712.0
539498.690602 5079769.78655 1431845746.0
539519.449743 5079776.36324 1431845762.0
539550.483807 5079790.44987 1431845792.0
539578.982785 5079800.40944 1431845825.0
539610.080529 5079804.497 1431845866.0
539632.106824 5079807.08226 1431845912.0
539644.893675 5079810.16401 1431845934.0
539680.922181 5079807.83917 1431845974.0
539693.647767 5079808.36513 1431845998.0
539713.915285 5079806.82838 1431846018.0
539743.831703 5079801.46479 1431846045.0
539760.861638 5079796.46306 1431846060.0
539786.7132 5079783.5182 1431846087.0
539794.276603 5079778.12244 1431846160.0
539809.200491 5079726.44163 1431846204.0
539807.812615 5079688.76684 1431846237.0
539808.075439 5079684.10196 1431846241.0
539830.192814 5079636.35623 1431846280.0
539859.903347 5079614.88109 1431846308.0
539893.220503 5079599.87363 1431846337.0
539921.194842 5079594.94281 1431846361.0
539945.571709 5079594.21106 1431846380.0
539996.409598 5079594.53904 1431846419.0
540006.338591 5079595.49202 1431846427.0
540045.187842 5079601.29844 1431846457.0
540092.55529 5079598.1604 1431846495.0
540114.600844 5079597.85866 1431846522.0
540147.251587 5079601.95896 1431846552.0
540178.317568 5079611.04905 1431846582.0
540185.433637 5079614.8729 1431846597.0
540225.266649 5079612.57589 1431846636.0
540240.783453 5079601.67688 1431846663.0
540253.270432 5079591.20265 1431846678.0
540298.27002 5079570.27339 1431846715.0
540316.013329 5079563.16674 1431846730.0
540346.310873 5079559.14183 1431846759.0
540362.715262 5079555.02654 1431846780.0
540402.557432 5079551.39741 1431846817.0
540409.817073 5079557.0002 1431846841.0
540435.577504 5079570.27912 1431846869.0
540457.44544 5079597.19912 1431846907.0
540473.243356 5079602.74664 1431846937.0
540509.340042 5079613.98233 1431846974.0
540538.359288 5079615.50544 1431847004.0
540566.175743 5079622.90959 1431847033.0
540599.084853 5079634.9027 1431847071.0
540620.919004 5079643.15677 1431847096.0
540633.625927 5079646.57336 1431847109.0
540661.555799 5079660.3119 1431847143.0
540698.935249 5079665.22391 1431847188.0
540716.145901 5079668.33694 1431847213.0
540739.973469 5079668.49357 1431847234.0
540776.058235 5079669.61984 1431847263.0
540797.418971 5079667.20495 1431847280.0
540829.458276 5079646.1942 1431847310.0
540857.428126 5079630.26778 1431847338.0
540887.310632 5079618.57625 1431847366.0
540917.987581 5079615.88994 1431847393.0
540945.040153 5079609.62434 1431847422.0
540953.298186 5079605.01235 1431847467.0
540976.244589 5079597.60865 1431847505.0
541004.223866 5079580.34965 1431847530.0
540999.936544 5079559.655 1431847561.0
541023.589433 5079539.3675 1431847615.0
541038.862833 5079542.02416 1431847679.0
541060.429423 5079532.05613 1431847728.0
541073.291017 5079512.14175 1431847792.0
541082.687209 5079488.09339 1431847879.0
541104.472903 5079480.23803 1431847907.0
541130.073673 5079470.63033 1431847932.0
541153.918984 5079468.23316 1431847965.0
541181.546201 5079480.74983 1431847997.0
541202.041459 5079491.88588 1431848026.0
541217.545537 5079494.87784 1431848051.0
541247.111483 5079495.96347 1431848079.0
541258.51296 5079497.26158 1431848091.0
541294.558952 5079481.05757 1431848132.0
541305.507495 5079468.79745 1431848154.0
541329.761926 5079451.62617 1431848189.0
541335.20443 5079426.99627 1431848212.0
541342.339736 5079404.59984 1431848236.0
541348.880607 5079389.86598 1431848275.0
541373.523093 5079361.14212 1431848305.0
541378.342383 5079348.50787 1431848386.0
541389.041398 5079338.80173 1431848442.0
541408.484211 5079321.59862 1431848469.0
541420.168219 5079303.89926 1431848488.0
541442.036334 5079295.49008 1431848514.0
541463.587341 5079288.07884 1431848549.0
541484.51224 5079281.44125 1431848592.0
541506.923858 5079273.03594 1431848631.0
541523.810603 5079278.2601 1431848669.0
541545.78279 5079277.51851 1431848698.0
541561.888197 5079295.07065 1431848750.0
541581.80056 5079312.09283 1431848804.0
541598.7021 5079326.65046 1431848851.0
541615.278908 5079343.31703 1431848897.0
541636.550047 5079354.45973 1431849037.0
541652.507344 5079347.78933 1431849062.0
541671.759021 5079336.03009 1431849085.0
541692.70941 5079325.61566 1431849112.0
541713.732253 5079315.97955 1431849138.0
541739.053169 5079313.59456 1431849163.0
541755.622651 5079308.26185 1431849184.0
541776.176942 5079299.06723 1431849369.0
541776.185931 5079297.73398 1431849624.0
541764.428025 5079303.21017 1431849663.0
541733.608632 5079315.22452 1431849698.0
541715.758567 5079314.77099 1431849722.0
541689.346394 5079329.37075 1431849755.0
541659.041476 5079345.72218 1431849787.0
541633.931184 5079351.44219 1431849816.0
541611.584564 5079338.62563 1431849844.0
541586.702539 5079321.90333 1431849877.0
541579.17867 5079309.51972 1431849908.0
541556.616069 5079294.14641 1431849936.0
541533.501829 5079279.99169 1431849967.0
541506.061116 5079274.36347 1431850010.0
541489.155253 5079283.58341 1431850039.0
541464.781661 5079295.19782 1431850116.0
541440.929605 5079298.48263 1431850149.0
541409.840854 5079316.05223 1431850180.0
541399.274735 5079329.0925 1431850197.0
541384.077973 5079349.76837 1431850223.0
541370.234942 5079365.34231 1431850246.0
541353.495406 5079396.23 1431850281.0
541349.528276 5079420.75862 1431850309.0
541329.292717 5079440.51214 1431850341.0
541308.58566 5079461.15144 1431850365.0
541286.925991 5079473.34018 1431850389.0
541253.153046 5079486.22609 1431850415.0
541231.74343 5079495.86118 1431850429.0
541205.813632 5079496.57755 1431850454.0
541188.593064 5079483.24107 1431850488.0
541169.100865 5079473.0006 1431850542.0
541144.352201 5079471.16957 1431850583.0
541125.025635 5079471.04126 1431850603.0
541094.655386 5079474.17302 1431850633.0
541080.757846 5079486.41396 1431850675.0
541050.541782 5079501.43563 1431850722.0
541043.198006 5079508.60906 1431850770.0
541026.939056 5079525.83438 1431850844.0
541008.839477 5079539.71429 1431850892.0
541006.345549 5079564.69732 1431850940.0
541000.018668 5079582.43289 1431850992.0
540978.72313 5079598.40281 1431851021.0
540955.080394 5079605.46856 1431851048.0
540929.968167 5079611.74694 1431851076.0
540904.097448 5079615.35379 1431851105.0
540881.17026 5079619.86904 1431851133.0
540859.041183 5079632.83392 1431851161.0
540839.400989 5079645.03753 1431851201.0
540812.2052 5079661.30245 1431851242.0
540788.310309 5079671.36712 1431851284.0
540756.632754 5079672.82529 1431851314.0
540734.202257 5079672.67777 1431851340.0
540709.723632 5079665.29479 1431851368.0
540690.15608 5079666.49955 1431851426.0
540659.545847 5079659.07651 1431851454.0
540619.849154 5079640.59425 1431851492.0
540598.377585 5079636.23137 1431851522.0
540567.875266 5079624.14292 1431851549.0
540555.240786 5079621.5047 1431851567.0
540538.121355 5079616.28165 1431851630.0
540514.448821 5079616.1268 1431851651.0
540480.885866 5079609.12977 1431851681.0
540450.246821 5079594.15218 1431851710.0
540434.646119 5079570.27304 1431851736.0
540406.172038 5079556.53199 1431851772.0
540396.957514 5079553.13864 1431851911.0
540360.531168 5079556.67894 1431851940.0
540322.685371 5079563.6546 1431851970.0
540291.021439 5079574.89282 1431851997.0
540269.228478 5079584.08428 1431852016.0
540255.510444 5079592.88384 1431852028.0
540235.073543 5079608.41743 1431852048.0
540227.656119 5079615.14691 1431852056.0
540204.10396 5079632.32701 1431852079.0
540183.398445 5079653.41447 1431852100.0
540168.721942 5079666.43015 1431852115.0
540138.258898 5079684.12124 1431852143.0
540093.050814 5079713.49457 1431852184.0
540068.351002 5079716.22361 1431852205.0
540029.106614 5079723.63643 1431852239.0
540008.818519 5079716.28331 1431852256.0
539970.268028 5079700.36813 1431852288.0
539946.1982 5079689.65756 1431852309.0
539925.878824 5079675.08243 1431852329.0
539887.450193 5079664.27957 1431852368.0
539852.199761 5079666.16379 1431852396.0
539817.593612 5079676.49662 1431852425.0
539807.621178 5079682.3213 1431852710.0
539807.856161 5079681.98948 1431852894.0
539797.046407 5079685.2533 1431852938.0
539771.550974 5079715.20005 1431852981.0
539753.40846 5079736.30539 1431853007.0
539734.303416 5079750.18253 1431853031.0
539706.295044 5079760.55829 1431853069.0
539683.987377 5079765.52637 1431853095.0
539657.962864 5079769.13742 1431853122.0
539635.957902 5079775.3298 1431853142.0
539605.936855 5079784.91537 1431853172.0
539574.548684 5079789.82579 1431853202.0
539555.994303 5079790.48505 1431853219.0
539536.548281 5079784.9166 1431853237.0
539513.559675 5079774.99236 1431853263.0
539482.651646 5079765.46218 1431853288.0
539441.64817 5079756.75674 1431853320.0
539418.011544 5079751.05087 1431853338.0
539375.155762 5079740.66746 1431853371.0
539362.60148 5079737.58774 1431853381.0
539334.307911 5079731.85261 1431853404.0
539303.588541 5079729.21326 1431853431.0
539273.726415 5079726.02395 1431853454.0
539235.281536 5079717.66943 1431853485.0
539202.520627 5079706.46229 1431853513.0
539177.325704 5079701.63635 1431853535.0
539138.714092 5079695.05912 1431853566.0
539117.790643 5079689.81597 1431853585.0
539088.749244 5079679.52179 1431853611.0
539055.763439 5079666.98071 1431853643.0
539030.552228 5079652.37771 1431853667.0
539005.335303 5079638.66366 1431853691.0
538978.52261 5079619.49534 1431853718.0
538958.813998 5079606.14946 1431853763.0
538925.751891 5079580.94223 1431853801.0
538912.053778 5079574.52299 1431853827.0
538882.896934 5079570.11782 1431853853.0
538861.103058 5079567.42558 1431853869.0
538859.938828 5079567.41828 1431853870.0
538820.49666 5079556.94904 1431853900.0
538796.095092 5079549.24081 1431853919.0
538768.292279 5079539.28923 1431853940.0
538730.494995 5079526.38647 1431853969.0
538702.769594 5079516.43567 1431853991.0
538672.337943 5079504.80147 1431854040.0
538633.382963 5079503.22515 1431854138.0
538623.199319 5079505.71715 1431854162.0
538586.283925 5079513.15363 1431854194.0
538559.6644 5079512.54347 1431854217.0
538519.902643 5079503.40746 1431854251.0
538493.94887 5079495.57968 1431854278.0
538463.746826 5079484.39237 1431854306.0
538439.903714 5079474.13353 1431854329.0
538426.967945 5079469.83117 1431854340.0
538386.608886 5079456.80353 1431854376.0
538350.561821 5079449.35825 1431854409.0
538327.96301 5079438.66312 1431854437.0
538313.257703 5079431.79456 1431854459.0
538283.027526 5079412.49706 1431854487.0
538246.059528 5079390.71373 1431854522.0
538226.464109 5079383.81519 1431854537.0
538220.81927 5079380.33601 1431854542.0
538182.961214 5079351.76996 1431854582.0
538158.41964 5079328.73046 1431854615.0
538144.369032 5079316.31092 1431854632.0
538117.726 5079294.14751 1431854668.0
538121.688279 5079280.94999 1431854687.0
538115.102193 5079253.79904 1431854715.0
538101.799355 5079220.71806 1431854751.0
538098.341822 5079189.69758 1431854781.0
538096.107736 5079161.68455 1431854814.0
538097.960885 5079138.02988 1431854842.0
538082.018359 5079117.59906 1431854931.0
538075.575616 5079130.22581 1431854985.0
538048.798345 5079142.39435 1431855012.0
538021.31237 5079156.22528 1431855040.0
537986.869983 5079165.23603 1431855075.0
537959.423016 5079160.06796 1431855100.0
537923.469713 5079149.62585 1431855133.0
537899.901993 5079119.37132 1431855174.0
537899.743879 5079107.14845 1431855188.0
537886.450437 5079072.29028 1431856805.0
537880.030946 5079068.47335 1431856819.0
537858.589955 5079045.78735 1431856862.0
537845.47703 5079032.15204 1431856877.0
537815.424461 5079008.63585 1431856920.0
537802.794752 5079017.55856 1431856958.0
537782.732727 5079035.99127 1431856984.0
537763.500284 5079058.42901 1431857008.0
537762.871863 5079059.64737 1431857009.0
537749.909296 5079085.01217 1431857031.0
537725.560055 5079119.19632 1431857073.0
537702.830536 5079129.61326 1431857100.0
537671.134983 5079120.97626 1431857129.0
537647.155538 5079119.94166 1431857151.0
537626.039964 5079120.25785 1431857168.0
537595.966986 5079125.63072 1431857194.0
537558.96292 5079134.73941 1431857227.0
537540.492778 5079146.84938 1431857246.0
537510.663904 5079163.22386 1431857277.0
537495.261467 5079168.68605 1431857292.0
537462.804485 5079183.26712 1431857324.0
537432.418798 5079189.08333 1431857351.0
537395.061969 5079205.30178 1431857387.0
537376.81864 5079205.63614 1431857409.0
537360.098321 5079197.97995 1431857427.0
537319.789516 5079214.62548 1431857469.0
537287.583438 5079226.32017 1431857496.0
537259.851774 5079216.82026 1431857521.0
537241.65924 5079208.71111 1431857538.0
537218.728973 5079188.12944 1431857564.0
537205.296478 5079175.82688 1431857580.0
537168.547852 5079168.38431 1431857610.0
537154.488598 5079169.96662 1431857639.0
537121.122813 5079154.98927 1431857667.0
537107.937992 5079153.13256 1431857676.0
537062.421861 5079157.97113 1431857718.0
537046.558649 5079175.65356 1431857735.0
537034.321158 5079184.13573 1431857746.0
537007.661642 5079202.97593 1431857771.0
536988.380788 5079221.08254 1431857794.0
536973.429438 5079229.10419 1431857810.0
536947.312973 5079248.059 1431857839.0
536925.827679 5079245.37544 1431857872.0
536912.453041 5079275.40604 1431857903.0
536896.612601 5079302.42206 1431857930.0
536873.064434 5079307.28175 1431857955.0
536853.838786 5079329.27787 1431857983.0
536838.33728 5079338.51877 1431857998.0
536809.418474 5079345.90225 1431858027.0
536776.180175 5079348.7048 1431858055.0
536764.620376 5079347.74733 1431858069.0
536726.669899 5079333.63377 1431858107.0
536701.715071 5079313.93088 1431858131.0
536679.726701 5079304.46761 1431858151.0
536652.119493 5079300.08213 1431858176.0
536632.171528 5079299.96417 1431858196.0
536596.877404 5079295.97794 1431858227.0
536576.434202 5079300.85709 1431858239.0
536540.411343 5079301.97784 1431858281.0
536514.960033 5079313.71636 1431858304.0
536499.729818 5079316.51543 1431858331.0
536482.743605 5079327.52619 1431858342.0
536464.21125 5079363.86053 1431858368.0
536458.608686 5079392.60453 1431858395.0
536448.451604 5079417.09964 1431858420.0
536432.608326 5079445.00568 1431858447.0
536424.606511 5079459.40267 1431858493.0
536399.574768 5079479.1439 1431858531.0
536386.487602 5079487.17791 1431858555.0
536372.71823 5079505.6521 1431858604.0
536369.174002 5079540.85253 1431858649.0
536368.583743 5079562.0707 1431858679.0
536370.001693 5079584.96727 1431858707.0
536370.68914 5079613.30385 1431858748.0
536372.141637 5079630.31191 1431858774.0
536373.864791 5079654.09914 1431858800.0
536370.82349 5079669.74752 1431858828.0
536387.30623 5079704.62112 1431858855.0
536392.319728 5079723.20561 1431858895.0
536405.01876 5079754.7238 1431858936.0
536405.846223 5079785.61671 1431858957.0
536401.69091 5079805.92506 1431858999.0
536395.930575 5079822.00189 1431859024.0
536377.419756 5079841.78151 1431859049.0
536361.917635 5079851.46801 1431859074.0
536342.259787 5079868.3522 1431859113.0
536332.23177 5079897.5148 1431859155.0
536323.103725 5079905.57216 1431859182.0
536317.10444 5079935.9806 1431859223.0
536316.496685 5079946.97674 1431859237.0
536316.73904 5079998.31009 1431859266.0
536322.728847 5080022.45566 1431859315.0
536313.66102 5080033.51331 1431859359.0
536301.813097 5080055.44327 1431859384.0
536300.115212 5080093.54339 1431859417.0
536292.378084 5080115.94189 1431859443.0
536280.350577 5080102.31625 1431859498.0
536267.192508 5080069.68453 1431859537.0
536253.139866 5080057.26928 1431859562.0
536228.739807 5080049.12675 1431859599.0
536195.072376 5080046.37446 1431859624.0
536180.83447 5080039.06926 1431859663.0
536150.551497 5080028.22609 1431859698.0
536126.506842 5080025.64145 1431859726.0
536110.317669 5080006.88091 1431859748.0
536085.960536 5080004.62792 1431859785.0
536059.355292 5080001.91751 1431859832.0
536046.666736 5079995.06608 1431859870.0
536033.205991 5080000.87649 1431860034.0
536004.861009 5080003.7116 1431860080.0
535970.87313 5080002.62529 1431860113.0
535962.970275 5079986.91318 1431860143.0
535956.220343 5079959.76364 1431860180.0
535932.356714 5079939.29242 1431860204.0
535921.063934 5079919.22749 1431860224.0
535904.893179 5079897.13436 1431860252.0
535891.501509 5079877.61287 1431860277.0
535869.75193 5079867.26497 1431860331.0
535846.464193 5079854.46387 1431860357.0
535822.93569 5079856.43882 1431860375.0
535791.947571 5079846.48221 1431860406.0
535770.547299 5079829.35909 1431860430.0
535753.414931 5079812.37179 1431860449.0
535740.737831 5079803.41001 1431860483.0
535718.119275 5079795.61311 1431860505.0
535700.725022 5079783.6243 1431860526.0
535680.671583 5079788.61974 1431860540.0
535647.059939 5079802.87028 1431860582.0
535629.109802 5079806.54469 1431860611.0
535603.835067 5079801.73285 1431860647.0
535570.020607 5079783.76135 1431860677.0
535538.316011 5079776.80182 1431860703.0
535514.811527 5079774.55598 1431860726.0
535492.563509 5079756.20679 1431860753.0
535473.185132 5079738.20744 1431860786.0
535447.107115 5079724.50302 1431860808.0
535434.045778 5079714.76192 1431860823.0
535403.267285 5079681.47582 1431860865.0
535368.115267 5079680.05286 1431860894.0
535346.982511 5079670.15477 1431860912.0
535321.001181 5079653.0071 1431860942.0
535299.722525 5079641.44172 1431860957.0
535279.340999 5079635.88134 1431860977.0
535252.877072 5079635.28627 1431861011.0
535226.284444 5079630.02406 1431861041.0
535214.826576 5079624.84796 1431861052.0
535185.902281 5079606.46195 1431861082.0
535182.495416 5079577.66569 1431861107.0
535164.283539 5079545.34104 1431861135.0
535152.046075 5079527.04993 1431861150.0
535140.902091 5079507.54285 1431861166.0
535130.26027 5079481.5944 1431861184.0
535126.056258 5079470.12646 1431861194.0
535102.588052 5079447.5497 1431861219.0
535097.096784 5079444.07425 1431861224.0
535064.078977 5079421.88798 1431861254.0
535041.789072 5079396.76264 1431861282.0
535025.838762 5079362.34016 1431861312.0
535011.240196 5079335.92513 1431861335.0
534988.811466 5079307.7993 1431861364.0
534951.936587 5079294.92491 1431861394.0
534928.201029 5079278.23602 1431861419.0
534912.726126 5079255.70506 1431861441.0
534903.177694 5079214.54143 1431861474.0
534887.898438 5079184.78964 1431861503.0
534867.538083 5079161.34243 1431861535.0
534851.848055 5079149.36564 1431861561.0
534829.988299 5079130.24333 1431861588.0
534801.95643 5079118.19731 1431861616.0
534783.653253 5079101.5395 1431861638.0
534771.331166 5079084.13756 1431861654.0
534775.350959 5079045.60578 1431861681.0
534754.428375 5079053.04371 1431861745.0
