534832.457167 5079132.92379 1433239605.0
534840.245614 5079142.0784 1433239617.0
534849.526944 5079148.0193 1433239624.0
534860.299918 5079150.96869 1433239632.0
534870.205303 5079156.35759 1433239641.0
534880.183914 5079162.52468 1433239649.0
534885.873385 5079172.22307 1433239657.0
534891.798826 5079181.36726 1433239666.0
534897.100787 5079190.95238 1433239675.0
534903.643395 5079200.7667 1433239682.0
534905.060589 5079210.99659 1433239689.0
534906.633643 5079221.11625 1433239697.0
534908.663018 5079232.90509 1433239705.0
534910.691759 5079244.80504 1433239709.0
534918.416104 5079251.51503 1433239715.0
534923.642222 5079260.76642 1433239732.0
534930.336193 5079271.24827 1433239737.0
534936.414829 5079280.72669 1433239753.0
534945.234534 5079285.88738 1433239763.0
534955.539631 5079289.16763 1433239956.0
534966.577768 5079286.34111 1433239963.0
534976.58116 5079288.06419 1433239973.0
534984.45497 5079295.77507 1433239979.0
534990.302527 5079304.91892 1433240016.0
534995.840848 5079313.83881 1433240025.0
535003.096795 5079320.99069 1433240032.0
535009.800609 5079329.69497 1433240041.0
535014.171472 5079339.16382 1433240050.0
535021.185094 5079347.98097 1433240065.0
535027.193434 5079356.12579 1433240074.0
535031.40399 5079366.48261 1433240082.0
535037.095547 5079375.73673 1433240093.0
535041.542066 5079385.53936 1433240102.0
535046.924377 5079394.56953 1433240111.0
535055.03773 5079401.05967 1433240121.0
535063.308814 5079407.10629 1433240133.0
535067.444801 5079416.90718 1433240138.0
535075.864797 5079424.06573 1433240145.0
535086.561455 5079426.68177 1433240156.0
535092.488869 5079435.38175 1433240164.0
535099.663168 5079443.19993 1433240172.0
535108.161336 5079450.24786 1433240180.0
535115.2605 5079457.6212 1433240187.0
535123.53334 5079463.33459 1433240195.0
535130.625541 5079471.93009 1433240203.0
535138.966512 5079479.31051 1433240212.0
535140.999134 5079490.43281 1433240218.0
535146.762985 5079500.57631 1433240223.0
535152.224548 5079509.2737 1433240231.0
535153.642514 5079519.28144 1433240241.0
535161.520221 5079526.21483 1433240251.0
535167.446803 5079535.02598 1433240257.0
535175.465829 5079544.40455 1433240270.0
535184.674928 5079549.23447 1433240282.0
535187.018535 5079560.24745 1433240296.0
535185.709809 5079572.01745 1433240301.0
535186.038573 5079582.46344 1433240309.0
535187.767555 5079592.36186 1433240323.0
535186.538973 5079603.68787 1433240330.0
535188.734266 5079613.47783 1433240338.0
535197.933784 5079619.97434 1433240347.0
535207.063244 5079625.13717 1433240355.0
535217.760765 5079627.53123 1433240365.0
535227.921926 5079628.70008 1433240452.0
535237.989671 5079632.6461 1433240462.0
535248.909896 5079636.81921 1433240475.0
535259.226265 5079637.98899 1433240486.0
535269.146969 5079640.48983 1433240501.0
535279.32455 5079638.77005 1433240512.0
535289.082423 5079642.60329 1433240525.0
535300.318117 5079645.88942 1433240537.0
535311.870589 5079648.0663 1433240549.0
535321.637295 5079650.34413 1433240566.0
535332.419947 5079651.40559 1433240573.0
535341.294861 5079660.34483 1433240581.0
535346.756008 5079669.0424 1433240588.0
535354.625067 5079677.42039 1433240596.0
535363.128965 5079683.35763 1433240604.0
535373.669197 5079686.08439 1433240613.0
535384.535738 5079686.03534 1433240625.0
535394.297916 5079689.09101 1433240642.0
535404.680358 5079692.26136 1433240651.0
535413.728753 5079697.97957 1433240660.0
535421.369927 5079705.46748 1433240667.0
535429.249005 5079712.0679 1433240675.0
535437.902927 5079718.89497 1433240685.0
535446.789034 5079725.83449 1433240698.0
535457.085509 5079730.44884 1433240708.0
535462.07503 5079740.14378 1433240720.0
535473.53439 5079744.98702 1433240731.0
535479.932357 5079752.6901 1433240738.0
535489.842608 5079756.96896 1433240750.0
535499.3616 5079761.80114 1433240761.0
535508.021743 5079767.51727 1433240767.0
535517.22898 5079772.5699 1433240774.0
535526.03922 5079779.17578 1433240781.0
535535.487548 5079782.78542 1433240788.0
535545.8704 5079785.8449 1433240797.0
535556.970883 5079785.57527 1433240809.0
535567.113229 5079789.9667 1433240818.0
535576.555136 5079794.68745 1433240828.0
535587.324733 5079797.97143 1433240841.0
535596.763421 5079803.24773 1433240854.0
535607.379684 5079806.19754 1433240867.0
535617.860515 5079805.70225 1433240882.0
535626.434269 5079799.4184 1433240890.0
535635.311459 5079794.35849 1433240902.0
535646.646048 5079793.86816 1433240915.0
535658.441836 5079794.15826 1433240923.0
535666.78153 5079788.09533 1433240932.0
535677.115491 5079786.15489 1433240942.0
535687.460338 5079782.32569 1433240953.0
535697.854002 5079783.49665 1433240961.0
535707.848074 5079786.66527 1433240978.0
535717.05192 5079792.27372 1433240990.0
535726.419944 5079796.32762 1433240996.0
535736.535173 5079791.94165 1433241003.0
535744.40868 5079799.4313 1433241019.0
535752.518851 5079806.25568 1433241048.0
535758.916409 5079813.95905 1433241056.0
535763.593019 5079823.98576 1433241063.0
535770.83786 5079832.80512 1433241080.0
535780.904293 5079836.86314 1433241089.0
535791.433816 5079841.36828 1433241101.0
535797.206545 5079849.73473 1433241108.0
535807.336418 5079856.23753 1433241115.0
535818.586233 5079856.96921 1433241125.0
535828.507012 5079859.35984 1433241131.0
535838.69854 5079855.19669 1433241136.0
535848.852149 5079857.58871 1433241145.0
535857.119924 5079863.96971 1433241153.0
535859.771369 5079875.20696 1433241160.0
535864.059713 5079885.2315 1433241166.0
535874.306959 5079884.8464 1433241176.0
535884.878166 5079882.12993 1433241190.0
535893.609608 5079888.84699 1433241202.0
535898.135227 5079898.09517 1433241213.0
535906.640882 5079903.58876 1433241224.0
535912.102309 5079912.06462 1433241236.0
535921.14541 5079918.56131 1433241247.0
535929.022399 5079925.38458 1433241258.0
535931.605097 5079935.06595 1433241272.0
535937.29607 5079944.09871 1433241279.0
535945.636737 5079951.25801 1433241291.0
535952.10958 5079959.29535 1433241303.0
535960.064093 5079966.11911 1433241320.0
535964.201505 5079975.36509 1433241328.0
535962.668866 5079985.35591 1433241334.0
535966.336731 5079995.26582 1433241346.0
535977.49899 5079997.66391 1433241357.0
535987.758968 5079995.05691 1433241366.0
535998.479449 5079993.34147 1433241376.0
536007.448606 5079999.17121 1433241381.0
536015.795576 5080005.21957 1433241388.0
536023.989817 5079997.48965 1433241394.0
536032.867057 5079992.43031 1433241405.0
536043.172357 5079995.37907 1433241414.0
536053.955591 5079996.21958 1433241425.0
536063.389703 5080002.16321 1433241433.0
536073.550752 5080003.22235 1433241445.0
536084.417403 5080003.06342 1433241454.0
536095.187024 5080006.23719 1433241467.0
536106.66613 5080007.52627 1433241482.0
536112.042457 5080017.22401 1433241491.0
536119.592478 5080026.82332 1433241501.0
536130.215894 5080028.44078 1433241510.0
536140.927933 5080028.16994 1433241519.0
536151.643215 5080027.3436 1433241529.0
536160.150416 5080032.50422 1433241537.0
536168.105904 5080039.10604 1433241548.0
536174.81379 5080046.70056 1433241559.0
536185.671933 5080047.98616 1433241573.0
536196.691781 5080048.16165 1433241587.0
536206.522816 5080052.55232 1433241597.0
536217.005239 5080051.72473 1433241606.0
536226.279346 5080058.44544 1433241616.0
536237.133559 5080060.39776 1433241636.0
536247.057108 5080062.23355 1433241644.0
536257.288485 5080064.51559 1433241650.0
536265.950115 5080069.78837 1433241677.0
536274.131114 5080077.61383 1433241704.0
536278.888852 5080086.86367 1433241714.0
536285.508529 5080096.23552 1433241727.0
536287.700601 5080106.24809 1433241738.0
536288.256384 5080117.36215 1433241751.0
536281.301093 5080125.54341 1433241780.0
536291.452793 5080128.15836 1433241792.0
536287.630311 5080118.24735 1433241805.0
536284.193906 5080108.67192 1433241815.0
536294.293411 5080106.95336 1433241822.0
536293.112865 5080096.50228 1433241835.0
536288.899067 5080087.14452 1433241842.0
536297.094197 5080079.30385 1433241854.0
536292.886252 5080068.94615 1433241860.0
536290.852646 5080058.37896 1433241876.0
536301.16553 5080059.9949 1433241884.0
536303.864139 5080049.78877 1433241896.0
536307.724942 5080039.92278 1433241907.0
536305.14483 5080029.90793 1433241917.0
536315.374938 5080032.41227 1433241929.0
536323.40844 5080025.68178 1433241954.0
536323.390114 5080015.57084 1433242018.0
536316.615185 5080006.19804 1433242028.0
536310.221122 5079998.04966 1433242037.0
536309.898194 5079986.93696 1433242059.0
536310.735509 5079976.49771 1433242094.0
536314.518105 5079966.74237 1433242098.0
536317.913964 5079956.76255 1433242108.0
536319.216958 5079946.32603 1433242122.0
536317.803586 5079935.87359 1433242126.0
536322.981906 5079926.34866 1433242145.0
536332.347315 5079917.51493 1433242150.0
536341.4734 5079909.79089 1433242154.0
536346.886566 5079899.93403 1433242160.0
536343.380336 5079889.02487 1433242171.0
536348.869179 5079879.50178 1433242209.0
536351.797514 5079869.85256 1433242227.0
536362.151782 5079864.46903 1433242233.0
536371.497119 5079859.0796 1433242240.0
536376.061867 5079848.32891 1433242256.0
536382.171037 5079838.9206 1433242264.0
536392.599079 5079834.20421 1433242276.0
536396.155578 5079823.33651 1433242286.0
536396.529994 5079812.45012 1433242300.0
536401.39874 5079802.81232 1433242311.0
536406.032705 5079793.50647 1433242326.0
536414.606633 5079787.33481 1433242334.0
536413.275565 5079776.10507 1433242352.0
536409.375437 5079766.19353 1433242359.0
536405.170069 5079755.39134 1433242369.0
536401.038381 5079745.25623 1433242375.0
536394.411966 5079736.9953 1433242381.0
536388.951688 5079728.40791 1433242391.0
536391.497961 5079717.75649 1433242402.0
536389.616362 5079707.74572 1433242412.0
536381.985482 5079698.70115 1433242420.0
536374.262615 5079692.10043 1433242428.0
536369.969736 5079682.96437 1433242435.0
536373.216475 5079671.98373 1433242441.0
536370.016045 5079661.85411 1433242450.0
536370.546953 5079650.74643 1433242459.0
536369.054021 5079640.62683 1433242467.0
536364.532818 5079630.71168 1433242475.0
536368.54724 5079621.17995 1433242486.0
536371.170481 5079610.64009 1433242505.0
536372.082945 5079600.64572 1433242513.0
536373.150641 5079590.65227 1433242522.0
536372.437108 5079579.98171 1433242531.0
536369.548392 5079569.63171 1433242536.0
536374.032465 5079559.43609 1433242554.0
536377.043164 5079549.00962 1433242565.0
536378.509391 5079537.24077 1433242573.0
536384.302528 5079528.83058 1433242576.0
536381.728836 5079517.70467 1433242582.0
536379.928033 5079507.13883 1433242599.0
536371.427457 5079500.75577 1433242606.0
536379.07949 5079493.02313 1433242623.0
536385.798844 5079485.50725 1433242630.0
536390.901322 5079475.75971 1433242640.0
536401.24257 5079472.70943 1433242648.0
536411.510129 5079468.99209 1433242655.0
536419.315525 5079461.59373 1433242666.0
536428.039928 5079456.31183 1433242679.0
536437.695092 5079451.14653 1433242702.0
536446.818719 5079443.97817 1433242718.0
536453.086234 5079434.12643 1433242758.0
536466.063941 5079431.53621 1433242761.0
536475.661617 5079436.14813 1433242765.0
536474.666772 5079446.91975 1433242769.0
536464.480023 5079450.08192 1433242772.0
536454.559473 5079447.57917 1433242775.0
536448.171536 5079438.31962 1433242789.0
536444.969141 5079428.52328 1433242792.0
536451.616909 5079420.00707 1433242805.0
536459.883541 5079413.38923 1433242815.0
536460.564627 5079403.1713 1433242825.0
536462.254087 5079393.07041 1433242833.0
536464.646687 5079382.19591 1433242844.0
536470.294003 5079372.22943 1433242851.0
536469.510836 5079360.22515 1433242862.0
536472.369822 5079349.24229 1433242869.0
536476.235235 5079338.70978 1433242873.0
536485.204489 5079331.42946 1433242880.0
536495.99341 5079331.493 1433242893.0
536504.957461 5079325.10154 1433242899.0
536510.133946 5079316.02119 1433242923.0
536517.395013 5079308.84196 1433242932.0
536527.555821 5079310.12404 1433242941.0
536538.211819 5079306.40919 1433242948.0
536549.00406 5079305.9173 1433242957.0
536559.719341 5079305.31387 1433242964.0
536570.964183 5079307.04685 1433242983.0
536582.078052 5079304.66808 1433243028.0
536593.735259 5079302.29254 1433243038.0
536604.186191 5079307.0208 1433243049.0
536613.710938 5079310.85475 1433243058.0
536623.901277 5079307.1373 1433243067.0
536635.153982 5079307.53715 1433243076.0
536645.402245 5079307.15332 1433243088.0
536654.815767 5079303.54243 1433243095.0
536663.553129 5079309.26064 1433243107.0
536669.423167 5079301.07338 1433243132.0
536677.073846 5079293.67442 1433243212.0
536668.103652 5079301.06557 1433243264.0
536678.670295 5079299.35038 1433243297.0
536689.452037 5079300.6364 1433243306.0
536698.190688 5079306.13245 1433243314.0
536704.973726 5079314.1724 1433243324.0
536711.829098 5079323.10166 1433243345.0
536720.876194 5079328.93289 1433243397.0
536729.609509 5079335.31781 1433243417.0
536740.927917 5079337.71818 1433243427.0
536751.767428 5079342.3379 1433243438.0
536762.623403 5079344.18003 1433243445.0
536772.860407 5079345.68518 1433243452.0
536783.108618 5079345.30158 1433243459.0
536793.295707 5079342.13993 1433243466.0
536803.396609 5079340.42219 1433243470.0
536813.953983 5079340.26269 1433243478.0
536823.673407 5079337.43163 1433243488.0
536833.866474 5079333.27011 1433243497.0
536844.687107 5079328.00126 1433243507.0
536850.717892 5079318.92626 1433243518.0
536861.780013 5079312.21447 1433243526.0
536872.593434 5079308.16781 1433243533.0
536882.681188 5079308.67228 1433243541.0
536890.331453 5079301.38469 1433243551.0
536898.371815 5079293.76611 1433243563.0
536900.837543 5079283.78107 1433243581.0
536900.823444 5079273.11461 1433243593.0
536908.795501 5079263.94012 1433243602.0
536918.06129 5079259.10656 1433243607.0
536929.168101 5079257.95056 1433243613.0
536939.663899 5079255.12431 1433243619.0
536946.697982 5079247.05536 1433243629.0
536955.729643 5079242.44268 1433243643.0
536965.298687 5079238.83319 1433243650.0
536974.950667 5079234.33535 1433243657.0
536982.907632 5079227.71635 1433243664.0
536992.019621 5079222.65977 1433243671.0
537000.750162 5079216.48985 1433243678.0
537006.080715 5079207.74414 1433243687.0
537014.190996 5079201.45942 1433243695.0
537024.600015 5079200.18831 1433243704.0
537031.938774 5079193.12125 1433243709.0
537040.974563 5079187.84207 1433243718.0
537049.321751 5079180.89216 1433243727.0
537056.428365 5079173.71263 1433243734.0
537060.290229 5079163.95822 1433243742.0
537069.932424 5079161.12708 1433243753.0
537080.41582 5079160.41205 1433243761.0
537087.988216 5079153.23534 1433243798.0
537098.457659 5079154.85353 1433243836.0
537107.647471 5079149.79758 1433243843.0
537119.90285 5079151.31539 1433243853.0
537129.430192 5079154.70571 1433243862.0
537139.518179 5079155.2106 1433243869.0
537151.187217 5079150.94734 1433243877.0
537163.77239 5079149.24508 1433243885.0
537173.808092 5079145.5276 1433243893.0
537183.171506 5079150.36143 1433243915.0
537182.877976 5079160.4705 1433243962.0
537177.308272 5079170.2146 1433243978.0
537184.285809 5079158.70122 1433244111.0
537195.643723 5079154.54728 1433244124.0
537206.224114 5079150.61091 1433244137.0
537215.987609 5079153.44724 1433244147.0
537222.92606 5079161.37759 1433244154.0
537228.542279 5079169.74444 1433244157.0
537230.344417 5079179.86611 1433244161.0
537237.593967 5079187.68724 1433244169.0
537247.894718 5079191.52683 1433244177.0
537256.458426 5079200.24475 1433244185.0
537266.70224 5079200.63967 1433244191.0
537274.885162 5079208.13314 1433244200.0
537284.158081 5079215.07763 1433244206.0
537295.008783 5079217.80953 1433244214.0
537305.412487 5079217.42772 1433244225.0
537315.061407 5079213.48593 1433244237.0
537325.936193 5079212.21813 1433244245.0
537336.407487 5079213.5034 1433244252.0
537344.212978 5079206.32841 1433244258.0
537345.51583 5079196.22542 1433244378.0
537341.459556 5079186.64567 1433244393.0
537337.640817 5079176.2896 1433244433.0
537336.073053 5079165.9471 1433244442.0
537333.808038 5079155.37818 1433244451.0
537332.555429 5079144.25982 1433244460.0
537329.205049 5079133.46214 1433244466.0
537326.235399 5079123.88896 1433244475.0
537331.494226 5079114.25423 1433244482.0
537328.762787 5079103.79361 1433244491.0
537325.798475 5079093.33159 1433244501.0
537329.895015 5079083.35653 1433244513.0
537339.87205 5079076.52794 1433244521.0
537349.533934 5079070.47522 1433244526.0
537358.038882 5079063.19335 1433244535.0
537366.928608 5079056.46936 1433244543.0
537374.579086 5079049.29347 1433244550.0
537377.513416 5079038.97811 1433244559.0
537380.218239 5079028.10583 1433244567.0
537381.137763 5079017.22278 1433244575.0
537379.956127 5079007.21592 1433244586.0
537386.154646 5078996.25361 1433244599.0
537388.777857 5078986.04749 1433244603.0
537380.669045 5078979.10987 1433244611.0
537385.074896 5078969.35893 1433244621.0
537389.327526 5078959.27375 1433244629.0
537391.873805 5078948.95606 1433244638.0
537398.212226 5078940.55009 1433244648.0
537403.555645 5078929.80485 1433244655.0
537405.481643 5078919.37231 1433244664.0
537403.141707 5078908.35849 1433244672.0
537398.079572 5078898.2171 1433244683.0
537401.791586 5078887.68423 1433244694.0
537407.666351 5078878.94215 1433244699.0
537414.624514 5078870.76216 1433244708.0
537415.391551 5078859.43376 1433244714.0
537416.620312 5078848.7748 1433244722.0
537418.084633 5078837.67283 1433244730.0
537418.392642 5078825.23058 1433244735.0
537417.288648 5078815.22419 1433244738.0
537411.677717 5078805.96834 1433244745.0
537405.444429 5078796.93096 1433244755.0
537407.293513 5078786.38685 1433244764.0
537401.755472 5078777.90921 1433244771.0
537395.758369 5078768.31772 1433244778.0
537387.025591 5078761.82077 1433244785.0
537381.48951 5078753.00983 1433244806.0
537388.523391 5078745.16359 1433244817.0
537389.904025 5078735.06108 1433244893.0
537394.775812 5078725.31297 1433244904.0
537406.036246 5078724.60317 1433244920.0
537414.991385 5078719.99069 1433244933.0
537423.028445 5078713.15051 1433244944.0
537427.978599 5078703.29179 1433244951.0
537431.684064 5078693.86998 1433244956.0
537441.717308 5078690.70845 1433244963.0
537452.9069 5078688.88723 1433244970.0
537454.534629 5078676.45296 1433244982.0
537455.537995 5078664.57046 1433244992.0
537457.460797 5078654.69346 1433245000.0
537459.155425 5078644.03733 1433245009.0
537461.699254 5078634.16408 1433245015.0
537462.226802 5078623.94533 1433245025.0
537462.138036 5078612.94509 1433245035.0
537470.870572 5078606.66473 1433245048.0
537477.676551 5078598.03945 1433245062.0
537478.438354 5078587.5999 1433245073.0
537484.085325 5078578.07875 1433245085.0
537492.42845 5078572.01828 1433245095.0
537501.157041 5078566.40457 1433245104.0
537511.573286 5078564.13434 1433245111.0
537518.376678 5078555.95353 1433245119.0
537527.880922 5078550.45566 1433245128.0
537534.763997 5078541.94202 1433245141.0
537544.885937 5078537.00347 1433245152.0
537554.00344 5078531.28109 1433245161.0
537564.34483 5078528.56606 1433245171.0
537570.376761 5078519.60287 1433245180.0
537579.592151 5078510.54787 1433245187.0
537587.947589 5078502.48765 1433245194.0
537599.079483 5078497.4442 1433245199.0
537609.572163 5078495.39681 1433245207.0
537615.679122 5078486.87855 1433245227.0
537623.958359 5078478.5957 1433245236.0
537632.457688 5078472.42525 1433245243.0
537641.949341 5078469.03854 1433245254.0
537649.214734 5078461.52732 1433245261.0
537652.615558 5078451.21493 1433245269.0
537657.958477 5078440.69212 1433245277.0
537662.902465 5078431.94462 1433245286.0
537661.881815 5078421.04983 1433245296.0
537664.11891 5078410.61926 1433245310.0
537665.266493 5078400.62651 1433245318.0
537665.645207 5078389.40689 1433245331.0
537661.515971 5078379.04875 1433245340.0
537665.453519 5078369.85071 1433245345.0
537673.507514 5078360.34436 1433245352.0
537676.365017 5078350.02868 1433245357.0
537680.14937 5078340.49639 1433245367.0
537681.463058 5078328.72692 1433245375.0
537690.833478 5078319.78415 1433245384.0
537696.397302 5078311.26266 1433245389.0
537705.59223 5078305.65208 1433245394.0
537701.689138 5078296.40637 1433245403.0
537706.172919 5078286.76724 1433245409.0
537714.287813 5078280.03902 1433245418.0
537713.028921 5078270.03163 1433245426.0
537707.95999 5078261.00104 1433245437.0
537714.146971 5078252.15004 1433245448.0
537725.020149 5078251.43845 1433245455.0
537735.245218 5078255.16726 1433245463.0
537739.13814 5078266.07955 1433245480.0
537743.664278 5078274.99576 1433245488.0
537752.158398 5078282.49173 1433245498.0
537759.56566 5078289.98109 1433245506.0
537769.325536 5078293.59601 1433245514.0
537772.836311 5078303.50603 1433245522.0
537780.389981 5078312.44071 1433245532.0
537788.969087 5078318.71507 1433245541.0
537798.803821 5078322.77493 1433245551.0
537809.456871 5078319.95109 1433245562.0
537819.055308 5078324.56508 1433245570.0
537831.87796 5078322.42117 1433245578.0
537838.680681 5078314.46292 1433245585.0
537846.560757 5078308.06676 1433245592.0
537849.494847 5078297.97384 1433245601.0
537857.451907 5078291.68927 1433245608.0
537862.629866 5078282.83225 1433245620.0
537864.63513 5078272.28923 1433245629.0
537867.806232 5078261.53112 1433245638.0
537873.998874 5078251.79145 1433245645.0
537879.718954 5078243.15997 1433245654.0
537888.829728 5078238.66022 1433245663.0
537898.933427 5078236.83316 1433245673.0
537908.728642 5078234.67089 1433245684.0
537914.064024 5078225.48155 1433245692.0
537919.165165 5078216.513 1433245700.0
537928.056708 5078209.78981 1433245708.0
537938.165226 5078207.18508 1433245757.0
537949.422593 5078207.14289 1433245763.0
537959.22808 5078203.31414 1433245770.0
537969.811945 5078199.15686 1433245780.0
537970.889228 5078188.05265 1433245792.0
537975.229131 5078176.6351 1433245805.0
537971.598131 5078186.39037 1433245850.0
537965.49107 5078194.79718 1433245871.0
537967.260234 5078184.80828 1433245888.0
537959.84227 5078191.76266 1433245925.0
537968.196589 5078184.03626 1433245933.0
537968.741425 5078196.48371 1433245944.0
537960.93327 5078203.76902 1433245952.0
537950.580955 5078208.14995 1433245960.0
537955.878394 5078217.84879 1433245971.0
537968.127946 5078220.59041 1433245980.0
537977.160505 5078216.20142 1433245991.0
537987.781138 5078218.71088 1433246000.0
537997.848802 5078222.77248 1433246010.0
538008.098968 5078222.3909 1433246020.0
538016.605165 5078215.22104 1433246077.0
537971.481022 5078192.83392 1433250057.0
537962.674525 5078198.33539 1433250066.0
537953.238142 5078205.27741 1433250074.0
537943.270596 5078210.21625 1433250084.0
537933.512726 5078206.26774 1433250091.0
537925.169357 5078212.21652 1433250100.0
537915.74663 5078216.93652 1433250111.0
537915.216272 5078227.48855 1433250121.0
537909.498167 5078235.78668 1433250133.0
537899.226292 5078239.72376 1433250139.0
537889.339193 5078244.21874 1433250147.0
537879.160593 5078245.60093 1433250159.0
537869.581331 5078250.54227 1433250192.0
537866.254957 5078261.29943 1433250198.0
537859.371118 5078269.8127 1433250205.0
537855.427113 5078280.01056 1433250212.0
537849.7071 5078288.64206 1433250225.0
537842.59449 5078296.4873 1433250235.0
537833.317044 5078302.87493 1433250243.0
537828.522552 5078312.51207 1433250250.0
537820.792338 5078319.79803 1433250260.0
537813.893713 5078330.75564 1433250271.0
537806.628646 5078338.15557 1433250279.0
537796.63597 5078334.53916 1433250293.0
537788.066377 5078326.70934 1433250302.0
537781.671781 5078318.67058 1433250309.0
537774.184918 5078311.51403 1433250317.0
537765.22914 5078303.34857 1433250325.0
537758.29378 5078294.8621 1433250332.0
537754.936208 5078285.28635 1433250341.0
537746.911943 5078277.12659 1433250351.0
537738.025593 5078270.29488 1433250358.0
537732.567864 5078261.37301 1433250368.0
537723.984564 5078255.76536 1433250374.0
537714.221223 5078252.70603 1433250383.0
537703.343994 5078254.08426 1433250401.0
537700.025345 5078263.61937 1433250412.0
537693.607528 5078272.13566 1433250421.0
537689.050854 5078280.99659 1433250435.0
537685.805819 5078291.1988 1433250443.0
537680.155581 5078301.16418 1433250451.0
537675.205389 5078310.91159 1433250462.0
537667.783855 5078318.53294 1433250470.0
537665.229448 5078330.07266 1433250478.0
537659.659608 5078339.59411 1433250487.0
537656.246564 5078351.90637 1433250493.0
537655.251548 5078362.34448 1433250505.0
537655.643755 5078374.45764 1433250516.0
537658.534973 5078384.14161 1433250521.0
537657.843727 5078395.69265 1433250536.0
537656.693455 5078406.12982 1433250542.0
537655.153013 5078416.89794 1433250551.0
537654.233612 5078427.66984 1433250558.0
537653.547103 5078438.44316 1433250568.0
537650.919863 5078449.20468 1433250579.0
537653.028685 5078459.88387 1433250588.0
537645.917194 5078467.61823 1433250597.0
537636.803561 5078472.67385 1433250605.0
537626.162321 5078473.60922 1433250616.0
537616.662591 5078478.3292 1433250623.0
537607.010315 5078482.60384 1433250631.0
537598.355769 5078488.77338 1433250670.0
537588.00419 5078493.15492 1433250681.0
537577.205715 5078494.42273 1433250690.0
537568.782081 5078500.92704 1433250700.0
537562.060231 5078508.44165 1433250708.0
537553.484741 5078514.38952 1433250717.0
537543.975035 5078520.77617 1433250725.0
537535.764842 5078530.50395 1433250734.0
537530.743483 5078539.25108 1433250741.0
537527.4239 5078549.00849 1433250745.0
537518.000645 5078553.9513 1433250753.0
537508.501122 5078558.67145 1433250761.0
537499.762429 5078565.9517 1433250768.0
537489.963181 5078568.89234 1433250781.0
537481.389859 5078574.50699 1433250790.0
537471.728423 5078580.3373 1433250807.0
537473.290753 5078591.56866 1433250825.0
537470.588947 5078601.88538 1433250836.0
537465.257228 5078610.63068 1433250843.0
537458.217727 5078619.36567 1433250864.0
537457.61323 5078629.47285 1433250878.0
537453.518211 5078639.1145 1433250892.0
537448.72792 5078648.19642 1433250900.0
537451.689566 5078659.1029 1433250907.0
537449.76476 5078669.31322 1433250913.0
537446.908444 5078679.5179 1433250923.0
537443.974511 5078689.72212 1433250937.0
537433.318241 5078693.2132 1433250944.0
537424.579825 5078700.49356 1433250956.0
537415.919727 5078707.66329 1433250968.0
537407.562104 5078716.16816 1433250977.0
537400.522132 5078725.01432 1433250982.0
537392.245532 5078732.96416 1433250997.0
537384.664902 5078741.36264 1433251019.0
537384.678856 5078751.91799 1433251027.0
537382.36539 5078762.23709 1433251045.0
537390.397534 5078769.06313 1433251062.0
537398.819797 5078775.55822 1433251074.0
537408.174885 5078781.83674 1433251082.0
537407.492185 5078792.05456 1433251091.0
537409.445378 5078802.84384 1433251102.0
537417.304748 5078812.55769 1433251111.0
537418.47362 5078824.67553 1433251121.0
537415.15503 5078834.3219 1433251131.0
537416.258353 5078844.4394 1433251142.0
537415.566924 5078856.10157 1433251146.0
537414.10999 5078865.9814 1433251154.0
537405.906486 5078874.70942 1433251168.0
537401.498526 5078884.79365 1433251178.0
537400.882069 5078896.90071 1433251186.0
537398.333073 5078907.66282 1433251194.0
537396.09458 5078918.4268 1433251201.0
537393.93841 5078928.41351 1433251209.0
537390.773816 5078938.28304 1433251219.0
537383.576188 5078947.5727 1433251233.0
537380.483881 5078958.33153 1433251242.0
537378.638911 5078968.20902 1433251248.0
537379.424402 5078979.54679 1433251253.0
537377.806275 5078990.42563 1433251263.0
537376.339377 5079001.97202 1433251271.0
537374.333149 5079012.84852 1433251281.0
537374.888456 5079023.74046 1433251291.0
537373.275707 5079033.73047 1433251298.0
537369.879002 5079043.4875 1433251306.0
537364.625416 5079052.23336 1433251313.0
537358.441726 5079060.7514 1433251320.0
537349.012683 5079066.80551 1433251329.0
537340.814889 5079074.64478 1433251337.0
537332.153396 5079082.14795 1433251345.0
537324.731186 5079090.10302 1433251356.0
537322.958608 5079100.86984 1433251365.0
537325.383589 5079110.66196 1433251374.0
537327.263878 5079120.67302 1433251383.0
537330.377391 5079132.13591 1433251391.0
537328.599458 5079143.79155 1433251397.0
537329.077879 5079154.57193 1433251407.0
537330.406773 5079165.91296 1433251415.0
537330.884518 5079176.80444 1433251422.0
537335.235897 5079188.94144 1433251431.0
537339.450096 5079198.0777 1433251439.0
537340.084401 5079208.74791 1433251446.0
537332.58471 5079216.70251 1433251454.0
537323.094369 5079220.08969 1433251463.0
537312.445766 5079222.46994 1433251471.0
537301.864759 5079226.51723 1433251479.0
537292.056617 5079231.12474 1433251485.0
537281.881116 5079232.28569 1433251491.0
537271.235892 5079234.11049 1433251499.0
537259.683962 5079231.81885 1433251506.0
537249.929293 5079227.5381 1433251518.0
537240.639661 5079223.37126 1433251526.0
537230.967927 5079218.20216 1433251535.0
537222.230282 5079212.59426 1433251542.0
537213.886058 5079206.09987 1433251549.0
537205.302286 5079200.71513 1433251558.0
537195.244388 5079195.21045 1433251570.0
537185.959339 5079190.26597 1433251577.0
537173.69272 5079190.6368 1433251585.0
537164.167456 5079186.91309 1433251592.0
537152.980851 5079188.40152 1433251601.0
537142.87094 5079191.56305 1433251609.0
537132.621114 5079192.16827 1433251617.0
537122.405903 5079186.99609 1433251625.0
537114.214119 5079180.94718 1433251632.0
537107.273557 5079173.35026 1433251639.0
537098.297556 5079168.62997 1433251646.0
537089.250571 5079162.79819 1433251655.0
537079.214284 5079166.62691 1433251660.0
537068.187557 5079167.3387 1433251667.0
537057.929062 5079169.38839 1433251677.0
537048.341919 5079175.99755 1433251685.0
537039.208563 5079184.60938 1433251698.0
537030.710135 5079190.89174 1433251708.0
537023.283134 5079199.73601 1433251716.0
537015.17085 5079206.35403 1433251723.0
537003.440981 5079207.83948 1433251731.0
536996.875151 5079215.46673 1433251740.0
536988.457744 5079221.1941 1433251747.0
536981.348611 5079228.81813 1433251754.0
536972.316248 5079233.54187 1433251761.0
536961.899343 5079236.14632 1433251777.0
536952.861705 5079241.75893 1433251785.0
536943.753088 5079246.26005 1433251793.0
536935.021984 5079252.54116 1433251803.0
536926.363882 5079259.60047 1433251812.0
536916.552107 5079264.87519 1433251822.0
536909.755573 5079272.16783 1433251827.0
536899.182861 5079274.88257 1433251835.0
536892.452071 5079284.17557 1433251844.0
536895.8104 5079293.75086 1433251859.0
536895.740273 5079305.52789 1433251864.0
536894.668384 5079316.07678 1433251873.0
536884.997175 5079310.79712 1433251882.0
536874.959934 5079314.84838 1433251893.0
536864.466911 5079317.23032 1433251902.0
536854.060767 5079318.05728 1433251909.0
536844.775957 5079326.11295 1433251921.0
536839.137241 5079334.52364 1433251927.0
536831.795567 5079342.14645 1433251933.0
536821.682775 5079345.86402 1433251942.0
536812.192919 5079349.25198 1433251949.0
536802.855009 5079353.1964 1433251956.0
536792.614726 5079352.24672 1433251964.0
536783.26694 5079357.85773 1433251972.0
536773.23314 5079361.35363 1433251979.0
536760.732063 5079362.0572 1433251989.0
536749.873483 5079360.65949 1433251998.0
536739.165522 5079360.04045 1433252006.0
536729.153485 5079359.86999 1433252014.0
536718.932298 5079355.69841 1433252022.0
536710.427247 5079350.09261 1433252029.0
536703.421933 5079340.2736 1433252038.0
536697.417736 5079331.79383 1433252051.0
536691.412207 5079323.53627 1433252060.0
536681.651382 5079320.25634 1433252067.0
536670.709176 5079319.85825 1433252074.0
536659.307175 5079318.45748 1433252080.0
536648.512972 5079319.28249 1433252086.0
536638.198936 5079317.66598 1433252096.0
536627.490235 5079317.15824 1433252104.0
536617.015044 5079316.54079 1433252114.0
536605.778765 5079313.36337 1433252122.0
536595.385777 5079311.96868 1433252129.0
536584.143575 5079309.79124 1433252135.0
536572.964556 5079310.05857 1433252143.0
536564.393093 5079315.67449 1433252149.0
536553.069992 5079314.05217 1433252156.0
536542.905263 5079313.43668 1433252164.0
536532.032796 5079314.37254 1433252174.0
536522.296448 5079320.09275 1433252184.0
536511.911966 5079317.25385 1433252193.0
536501.367002 5079315.30289 1433252201.0
536493.096924 5079322.4762 1433252212.0
536483.371093 5079326.41881 1433252219.0
536472.929706 5079333.24603 1433252228.0
536463.661112 5079338.63577 1433252232.0
536454.093829 5079342.02383 1433252234.0
536456.355691 5079353.37015 1433252249.0
536454.506419 5079364.24785 1433252259.0
536455.758589 5079375.69934 1433252266.0
536455.777373 5079385.69917 1433252270.0
536450.137935 5079394.33242 1433252279.0
536447.050078 5079404.6473 1433252288.0
536440.012908 5079413.38344 1433252296.0
536434.829418 5079423.686 1433252305.0
536428.10602 5079431.86846 1433252314.0
536424.401856 5079441.40197 1433252328.0
536420.387236 5079450.93366 1433252340.0
536414.980755 5079459.56831 1433252352.0
536407.79107 5079467.85916 1433252371.0
536397.74657 5079473.24443 1433252383.0
536386.873103 5079474.40276 1433252396.0
536378.453355 5079480.68647 1433252421.0
536369.569884 5079486.63415 1433252430.0
536362.228971 5079494.25752 1433252442.0
536359.370244 5079505.24043 1433252457.0
536363.583042 5079514.82044 1433252464.0
536363.287595 5079525.48508 1433252473.0
536368.581774 5079535.9603 1433252487.0
536363.789841 5079545.70968 1433252497.0
536363.564184 5079557.70802 1433252511.0
536362.645209 5079568.81343 1433252523.0
536364.294053 5079578.82283 1433252532.0
536366.63686 5079589.61406 1433252546.0
536365.719187 5079600.49726 1433252554.0
536361.471261 5079610.13872 1433252562.0
536364.442149 5079619.71145 1433252569.0
536366.085758 5079630.60968 1433252586.0
536364.936552 5079641.26931 1433252600.0
536369.073589 5079650.51556 1433252607.0
536367.770457 5079660.95207 1433252617.0
536359.20162 5079666.23496 1433252630.0
536356.26601 5079677.10632 1433252644.0
536364.612433 5079683.26624 1433252726.0
536372.247271 5079691.64416 1433252737.0
536380.041882 5079699.24528 1433252743.0
536382.387875 5079709.48099 1433252750.0
536383.252683 5079720.81909 1433252764.0
536386.301095 5079730.39229 1433252775.0
536389.192967 5079740.18678 1433252782.0
536390.997596 5079750.086 1433252791.0
536389.460302 5079760.74334 1433252800.0
536390.08703 5079772.96891 1433252806.0
536390.338745 5079782.97011 1433252813.0
536393.305586 5079793.20948 1433252826.0
536390.761297 5079803.52758 1433252843.0
536388.993136 5079813.85025 1433252860.0
536390.719478 5079823.86011 1433252871.0
536383.376321 5079831.92787 1433252881.0
536375.110323 5079838.54582 1433252889.0
536368.383531 5079847.39497 1433252896.0
536359.036876 5079853.00662 1433252905.0
536349.607411 5079859.50666 1433252918.0
536343.503525 5079868.02617 1433252925.0
536335.07653 5079875.64319 1433252939.0
536325.886473 5079881.0336 1433252946.0
536322.489259 5079891.23562 1433252954.0
536321.179736 5079902.78318 1433252961.0
536319.956948 5079912.77574 1433252969.0
536320.515301 5079923.44538 1433252983.0
536312.708642 5079931.17718 1433252991.0
536309.468 5079941.15792 1433252998.0
536309.408741 5079951.2684 1433253016.0
536307.094878 5079962.03232 1433253037.0
536308.348482 5079973.26159 1433253046.0
536309.764465 5079983.26961 1433253051.0
536310.633917 5079993.82998 1433253101.0
536316.163205 5080003.86212 1433253111.0
536319.047887 5080014.87873 1433253117.0
536324.424529 5080024.46555 1433253127.0
536322.726328 5080036.12194 1433253134.0
536327.56359 5080045.03895 1433253142.0
536324.058715 5080033.90759 1433253166.0
536326.368674 5080023.8103 1433253209.0
536317.336015 5080028.86831 1433253258.0
536315.797606 5080039.74788 1433253280.0
536305.779502 5080040.80024 1433253307.0
536301.841093 5080050.66578 1433253323.0
536295.893977 5080058.96404 1433253331.0
536295.599308 5080069.51758 1433253399.0
536296.080726 5080080.07567 1433253408.0
536296.63845 5080090.85643 1433253418.0
536299.837463 5080101.20822 1433253425.0
536302.41625 5080111.44528 1433253441.0
536297.003333 5080121.30218 1433253452.0
536287.888676 5080127.13751 1433253462.0
536281.345343 5080117.98832 1433253469.0
536285.530169 5080105.79094 1433253477.0
536286.602208 5080095.01974 1433253482.0
536276.541073 5080090.18316 1433253492.0
536268.822494 5080082.91594 1433253516.0
536262.348239 5080075.21158 1433253527.0
536256.49809 5080066.95534 1433253539.0
536247.67993 5080061.90387 1433253551.0
536237.690471 5080058.06775 1433253565.0
536226.307935 5080053.55685 1433253578.0
536215.756348 5080052.93962 1433253582.0
536205.287564 5080051.43402 1433253591.0
536194.895086 5080050.1511 1433253602.0
536186.788043 5080056.21468 1433253611.0
536176.393622 5080055.2651 1433253624.0
536165.779345 5080052.0921 1433253637.0
536156.970818 5080045.3742 1433253648.0
536146.110721 5080044.42196 1433253656.0
536136.031897 5080042.58543 1433253666.0
536125.726719 5080039.63651 1433253675.0
536118.240081 5080032.48194 1433253685.0
536109.108733 5080027.87328 1433253693.0
536099.129495 5080022.25972 1433253702.0
536096.707495 5080011.69034 1433253708.0
536086.182362 5080006.51805 1433253723.0
536075.856397 5080007.12456 1433253732.0
536065.386857 5080005.7303 1433253742.0
536053.902567 5080005.33012 1433253749.0
536045.007193 5080000.16739 1433253758.0
536035.591211 5080004.44582 1433253766.0
536026.563289 5080008.72653 1433253786.0
536015.993524 5080011.22055 1433253795.0
536005.436683 5080011.49251 1433253800.0
535994.643786 5080012.31865 1433253818.0
535984.490485 5080009.9264 1433253825.0
535973.709848 5080008.64159 1433253832.0
535964.896538 5080002.7017 1433253841.0
535960.765596 5079992.34467 1433253850.0
535960.907056 5079981.3458 1433253857.0
535955.924961 5079970.5394 1433253864.0
535954.280732 5079959.64128 1433253874.0
535947.657829 5079950.7142 1433253885.0
535939.234397 5079944.44328 1433253902.0
535929.249717 5079939.71883 1433253909.0
535922.541415 5079932.12458 1433253921.0
535920.899049 5079920.89315 1433253929.0
535910.681485 5079916.16738 1433253942.0
535904.220133 5079906.13021 1433253952.0
535897.516914 5079897.64716 1433253958.0
535890.894506 5079888.60904 1433253968.0
535885.767287 5079876.02414 1433253977.0
535885.768836 5079862.35787 1433253983.0
535875.508041 5079865.07614 1433253994.0
535864.783516 5079867.45842 1433254048.0
535854.542029 5079866.8436 1433254073.0
535844.949074 5079861.4549 1433254082.0
535834.393274 5079861.50494 1433254090.0
535824.353127 5079866.33562 1433254098.0
535812.486292 5079864.93372 1433254105.0
535803.039532 5079861.10145 1433254114.0
535795.63056 5079853.83661 1433254124.0
535787.995796 5079845.3483 1433254136.0
535781.365472 5079837.64355 1433254141.0
535775.43877 5079829.05401 1433254152.0
535765.934205 5079821.77712 1433254162.0
535758.451378 5079813.84526 1433254168.0
535750.500295 5079806.35514 1433254176.0
535745.662015 5079797.43859 1433254185.0
535737.786004 5079803.83741 1433254201.0
535727.906833 5079807.66921 1433254210.0
535717.065478 5079803.38459 1433254217.0
535709.576162 5079796.56384 1433254222.0
535699.122836 5079792.28149 1433254234.0
535688.421298 5079790.66432 1433254242.0
535676.085416 5079789.81552 1433254250.0
535670.371098 5079798.22681 1433254257.0
535662.333548 5079805.73588 1433254265.0
535653.222236 5079811.01662 1433254279.0
535643.304511 5079808.07074 1433254286.0
535631.960363 5079810.22765 1433254297.0
535620.84842 5079812.49701 1433254313.0
535609.842836 5079809.76715 1433254321.0
535601.184122 5079803.82867 1433254331.0
535591.421586 5079800.88377 1433254341.0
535580.709189 5079801.15556 1433254356.0
535571.185217 5079797.21209 1433254361.0
535561.7516 5079791.047 1433254368.0
535553.403264 5079785.11037 1433254373.0
535543.148867 5079786.71815 1433254381.0
535532.218905 5079784.32218 1433254394.0
535522.934085 5079779.26908 1433254402.0
535513.563358 5079775.65991 1433254409.0
535502.887214 5079769.59889 1433254418.0
535495.177517 5079760.55498 1433254424.0
535488.701965 5079752.85144 1433254430.0
535478.646661 5079746.79402 1433254442.0
535470.616906 5079739.41492 1433254446.0
535460.469959 5079735.80138 1433254458.0
535451.496096 5079730.63906 1433254471.0
535442.214309 5079725.03057 1433254479.0
535434.266544 5079716.87423 1433254485.0
535426.77745 5079709.94271 1433254492.0
535428.857026 5079699.17714 1433254501.0
535422.617344 5079690.91949 1433254507.0
535411.603839 5079689.52323 1433254515.0
535399.898156 5079687.01196 1433254524.0
535390.144862 5079682.40082 1433254531.0
535379.034054 5079684.44841 1433254541.0
535367.945451 5079682.60737 1433254550.0
535355.842793 5079681.64943 1433254730.0
535345.889861 5079684.81477 1433254811.0
535337.782889 5079677.3243 1433254818.0
535335.359448 5079666.75523 1433254826.0
535326.639764 5079657.81688 1433254840.0
535317.589331 5079652.43211 1433254847.0
535308.928852 5079646.71624 1433254853.0
535298.858641 5079643.21452 1433254860.0
535289.409333 5079639.71635 1433254868.0
535277.232762 5079638.09149 1433254880.0
535266.839414 5079636.81014 1433254894.0
535255.507737 5079636.74564 1433254905.0
535245.421048 5079636.13271 1433254919.0
535234.953236 5079634.29545 1433254929.0
535224.420438 5079630.23568 1433254948.0
535214.902296 5079625.18172 1433254956.0
535204.654674 5079625.56791 1433254964.0
535195.057001 5079620.84685 1433254971.0
535187.566893 5079614.02674 1433254979.0
535178.60777 5079606.19831 1433254989.0
535178.282151 5079595.19679 1433254996.0
535180.205468 5079584.54137 1433255002.0
535176.305774 5079574.1862 1433255012.0
535171.626762 5079564.38215 1433255020.0
535165.854815 5079555.68298 1433255028.0
535161.796064 5079545.99357 1433255036.0
535158.594223 5079535.75349 1433255044.0
535155.545081 5079525.9587 1433255051.0
535151.250925 5079516.71239 1433255059.0
535147.971435 5079506.47188 1433255067.0
535143.763693 5079495.67055 1433255075.0
535138.85424 5079485.4208 1433255081.0
535133.94351 5079475.39325 1433255087.0
535129.339451 5079466.03409 1433255094.0
535121.072288 5079459.32076 1433255172.0
535114.7663 5079448.952 1433255184.0
535109.153804 5079439.47603 1433255194.0
535103.928745 5079430.11338 1433255201.0
535096.681224 5079421.51702 1433255207.0
535090.443964 5079412.70419 1433255215.0
535088.249068 5079402.80317 1433255224.0
535081.306301 5079395.20853 1433255230.0
535076.233881 5079386.29119 1433255236.0
535073.496888 5079376.1649 1433255270.0
535069.360253 5079366.47511 1433255278.0
535065.547281 5079354.4539 1433255289.0
535065.685261 5079343.78834 1433255296.0
535060.846886 5079334.65012 1433255305.0
535056.325256 5079324.40263 1433255315.0
535050.790173 5079314.92716 1433255324.0
535048.675309 5079304.58218 1433255331.0
535044.236909 5079293.3352 1433255339.0
535040.259179 5079282.97969 1433255345.0
535034.803537 5079273.17136 1433255355.0
535033.852915 5079262.83297 1433255364.0
535036.392004 5079253.06985 1433255381.0
535041.795469 5079244.65622 1433255389.0
535049.364117 5079237.69924 1433255397.0
535059.549207 5079234.75696 1433255406.0
535050.891046 5079228.48594 1433255416.0
535042.545564 5079235.54963 1433255424.0
535033.199847 5079241.05217 1433255433.0
535022.638616 5079241.88133 1433255440.0
535014.293813 5079248.83395 1433255447.0
535007.493876 5079257.12861 1433255457.0
535000.542484 5079264.75577 1433255464.0
534992.122 5079271.37467 1433255473.0
534986.486397 5079279.67592 1433255478.0
534978.753853 5079288.18756 1433255486.0
534968.715348 5079292.68631 1433255493.0
534956.695761 5079290.61855 1433255500.0
534946.692368 5079288.89551 1433255557.0
534936.203839 5079290.61409 1433255582.0
534929.888598 5079281.80098 1433255590.0
534926.452122 5079271.78191 1433255599.0
534917.874005 5079265.06711 1433255611.0
534911.714575 5079256.14379 1433255622.0
534907.655851 5079246.34345 1433255630.0
534905.152627 5079235.99633 1433255638.0
534903.73982 5079224.98871 1433255648.0
534901.316078 5079214.30873 1433255658.0
534898.347112 5079203.95899 1433255667.0
534895.692369 5079192.94438 1433255677.0
534887.590461 5079184.34347 1433255686.0
534880.883814 5079176.08375 1433255694.0
534875.043476 5079165.60676 1433255699.0
534872.156438 5079154.47974 1433255711.0
534864.358052 5079147.10276 1433255720.0
534856.478902 5079140.28086 1433255729.0
534846.875838 5079136.33808 1433255749.0
534838.296196 5079129.8456 1433255756.0
534830.191627 5079121.68918 1433255764.0
534822.234162 5079114.978 1433255775.0
534814.513912 5079107.49041 1433255784.0
534804.225912 5079101.09948 1433255793.0
534794.950083 5079094.15872 1433255802.0
534785.510259 5079088.77255 1433255813.0
534776.935475 5079081.39132 1433255824.0
534768.662428 5079075.5673 1433255834.0
534765.927282 5079064.99673 1433255847.0
534770.098568 5079054.79824 1433255855.0
534773.963746 5079043.82027 1433255864.0
534776.432992 5079032.61226 1433255876.0
534775.725984 5079020.27535 1433255890.0
534779.207447 5079008.51748 1433255899.0
534781.359991 5078998.41877 1433255913.0
534771.328025 5079001.6957 1433255932.0
534761.330972 5078998.75082 1433255946.0
534788.301079 5079006.45748 1433256107.0
534781.202876 5078998.75121 1433256117.0
534783.287782 5078986.8744 1433256127.0
534785.4472 5078975.55355 1433256352.0
