534743.828867 5079060.6507 1470897367.0
534743.836096 5079073.2059 1470897372.0
534742.417978 5079063.08716 1470897393.0
534750.99496 5079056.24658 1470897419.0
534753.308917 5079045.03769 1470897436.0
534758.252673 5079035.51016 1470897448.0
534764.126037 5079026.32118 1470897461.0
534772.943754 5079031.92603 1470897469.0
534768.771201 5079042.34674 1470897481.0
534764.835267 5079052.10212 1470897489.0
534762.369788 5079062.64351 1470897498.0
534760.052082 5079074.51903 1470897506.0
534767.538952 5079082.11635 1470897517.0
534776.345362 5079089.72108 1470897524.0
534783.60245 5079096.76159 1470897529.0
534793.278868 5079101.48244 1470897537.0
534804.524538 5079103.2122 1470897548.0
534814.665408 5079108.15791 1470897560.0
534823.555588 5079114.6521 1470897568.0
534830.264876 5079122.46735 1470897577.0
534840.73929 5079123.30399 1470897585.0
534847.67891 5079131.56497 1470897594.0
534855.088609 5079139.05086 1470897605.0
534860.311794 5079148.85771 1470897614.0
534867.647587 5079155.67655 1470897621.0
534873.575572 5079164.37631 1470897629.0
534884.420497 5079168.32612 1470897637.0
534893.311768 5079174.59821 1470897647.0
534896.902342 5079184.84034 1470897654.0
534901.198365 5079193.86425 1470897663.0
534903.152644 5079205.20824 1470897671.0
534904.338857 5079215.10351 1470897678.0
534907.619537 5079225.23278 1470897686.0
534910.047646 5079235.13505 1470897693.0
534909.680833 5079245.13267 1470897700.0
534910.009462 5079255.68975 1470897709.0
534914.77238 5079264.49409 1470897717.0
534923.358643 5079269.76454 1470897728.0
534929.911146 5079277.80123 1470897737.0
534939.106423 5079285.18618 1470897748.0
534947.064168 5079291.78641 1470897761.0
534955.483323 5079285.38965 1470897777.0
534966.425666 5079285.78472 1470897785.0
534975.635939 5079290.50322 1470897791.0
534984.292206 5079297.10744 1470897801.0
534990.688737 5079305.25442 1470897809.0
534995.213 5079315.05745 1470897818.0
535002.857664 5079322.10042 1470897827.0
535008.469803 5079331.68738 1470897836.0
535013.539855 5079341.04908 1470897849.0
535020.791981 5079348.8676 1470897860.0
535025.706765 5079358.22843 1470897873.0
535028.130861 5079368.79737 1470897883.0
535030.94178 5079379.59071 1470897892.0
535038.033578 5079388.29721 1470897901.0
535042.714823 5079397.76784 1470897913.0
535049.105515 5079406.91482 1470897928.0
535056.200399 5079415.06582 1470897938.0
535066.187839 5079419.56665 1470897950.0
535073.755304 5079426.49816 1470897960.0
535085.303228 5079429.56345 1470897969.0
535091.232529 5079437.93011 1470897987.0
535096.069517 5079447.29055 1470897996.0
535106.441811 5079452.34916 1470898004.0
535115.023243 5079458.39761 1470898017.0
535123.753593 5079465.55799 1470898029.0
535127.34739 5079475.13363 1470898050.0
535125.499229 5079486.23393 1470898065.0
535132.754822 5079493.38596 1470898077.0
535139.224158 5079502.31127 1470898086.0
535138.624136 5079512.30757 1470898096.0
535140.268039 5079523.53877 1470898110.0
535143.159455 5079533.77709 1470898121.0
535149.860318 5079542.92594 1470898129.0
535157.80994 5079550.85969 1470898135.0
535162.723722 5079560.33174 1470898149.0
535170.678352 5079567.37668 1470898157.0
535173.883309 5079577.06125 1470898175.0
535176.929873 5079587.30046 1470898185.0
535175.939831 5079597.62787 1470898197.0
535181.942675 5079606.66168 1470898207.0
535187.717074 5079614.91645 1470898215.0
535197.78108 5079619.52904 1470898228.0
535207.606545 5079625.14025 1470898239.0
535216.818025 5079629.52581 1470898250.0
535227.666972 5079632.5874 1470898265.0
535237.667207 5079634.75532 1470898277.0
535247.829618 5079635.70199 1470898290.0
535258.698773 5079635.20829 1470898309.0
535268.381579 5079638.59664 1470898323.0
535275.948113 5079631.97325 1470898334.0
535285.389847 5079636.80465 1470898351.0
535294.913611 5079640.85878 1470898364.0
535303.574744 5079646.46352 1470898375.0
535311.765112 5079652.95445 1470898389.0
535320.732868 5079659.2276 1470898406.0
535329.706942 5079664.38973 1470898416.0
535339.066535 5079669.9985 1470898427.0
535346.791152 5079676.48682 1470898436.0
535356.317352 5079680.09663 1470898447.0
535366.419182 5079678.04324 1470898456.0
535376.758301 5079675.21346 1470898465.0
535385.337892 5079681.4845 1470898479.0
535394.072692 5079687.75643 1470898505.0
535402.813189 5079693.02844 1470898517.0
535409.909183 5079700.84654 1470898530.0
535418.648377 5079706.34078 1470898550.0
535426.834733 5079713.49849 1470898560.0
535436.983008 5079716.88977 1470898572.0
535446.587343 5079720.38905 1470898584.0
535455.945475 5079726.22021 1470898594.0
535465.460724 5079731.71896 1470898603.0
535475.366565 5079736.77553 1470898616.0
535483.011435 5079743.59689 1470898629.0
535488.701329 5079752.96254 1470898637.0
535496.813749 5079759.45327 1470898647.0
535505.001856 5079766.27777 1470898661.0
535516.008198 5079768.89634 1470898671.0
535526.557776 5079769.9568 1470898683.0
535535.21406 5079776.33959 1470898692.0
535545.83231 5079778.95599 1470898710.0
535557.314491 5079779.79964 1470898726.0
535567.157878 5079782.1894 1470898733.0
535573.398551 5079790.225 1470898739.0
535581.670526 5079795.93901 1470898746.0
535591.193217 5079800.1047 1470898761.0
535601.03209 5079803.27226 1470898772.0
535610.712535 5079806.99445 1470898781.0
535619.66412 5079802.49049 1470898790.0
535628.854304 5079796.98794 1470898804.0
535636.882877 5079791.03429 1470898815.0
535646.168228 5079795.97646 1470898828.0
535657.283407 5079793.15162 1470898839.0
535667.863626 5079788.87931 1470898847.0
535678.205264 5079785.60562 1470898856.0
535688.905533 5079787.44498 1470898875.0
535699.145244 5079788.39284 1470898912.0
535708.423505 5079794.55725 1470898927.0
535717.779361 5079800.72212 1470898939.0
535728.547594 5079804.22856 1470898951.0
535736.809732 5079798.16527 1470898959.0
535746.887142 5079800.33446 1470898989.0
535752.266138 5079809.69857 1470899007.0
535761.61808 5079816.53013 1470899021.0
535767.080424 5079824.89476 1470899033.0
535777.22256 5079829.28653 1470899046.0
535785.48082 5079837.334 1470899054.0
535792.812854 5079844.48727 1470899067.0
535798.65741 5079853.8541 1470899078.0
535806.923315 5079860.56835 1470899089.0
535816.688228 5079863.06917 1470899099.0
535826.262062 5079858.34689 1470899106.0
535835.52932 5079852.9562 1470899114.0
535846.067135 5079856.01708 1470899127.0
535855.195072 5079861.29198 1470899139.0
535856.519412 5079873.85484 1470899149.0
535865.411482 5079866.23986 1470899158.0
535875.669054 5079864.0771 1470899174.0
535883.700742 5079871.01231 1470899188.0
535891.885703 5079878.28174 1470899204.0
535893.302382 5079888.28967 1470899220.0
535901.648326 5079894.56008 1470899230.0
535908.348323 5079903.59865 1470899244.0
535913.730848 5079912.29628 1470899257.0
535918.413574 5079921.21206 1470899271.0
535923.797358 5079929.68749 1470899284.0
535933.628127 5079934.18882 1470899295.0
535938.929112 5079943.55265 1470899304.0
535944.308336 5079952.80582 1470899318.0
535949.456003 5079961.83544 1470899333.0
535956.31688 5079969.87503 1470899352.0
535957.417188 5079980.88111 1470899369.0
535958.5951 5079991.88764 1470899378.0
535968.735539 5079996.50194 1470899391.0
535978.419337 5079999.55809 1470899405.0
535990.535492 5079998.07296 1470899419.0
536000.957797 5079994.24473 1470899429.0
536011.147932 5079990.30407 1470899438.0
536021.861967 5079989.69972 1470899449.0
536031.776642 5079993.09062 1470899461.0
536037.963403 5079983.57131 1470899472.0
536047.890363 5079984.85126 1470899480.0
536050.153358 5079996.08634 1470899484.0
536059.983931 5080000.58788 1470899492.0
536071.010981 5079999.54099 1470899503.0
536081.496061 5079998.26876 1470899516.0
536092.126655 5079998.66401 1470899526.0
536103.219022 5079999.72862 1470899539.0
536110.550498 5080006.88226 1470899550.0
536111.887238 5080017.2231 1470899560.0
536118.511777 5080025.81704 1470899574.0
536129.20438 5080028.87931 1470899582.0
536133.496716 5080038.12632 1470899586.0
536143.535536 5080033.51834 1470899597.0
536153.05814 5080037.5738 1470899606.0
536163.454538 5080038.19002 1470899617.0
536173.522981 5080041.80427 1470899630.0
536180.074342 5080049.62009 1470899645.0
536191.252651 5080049.24095 1470899660.0
536201.490562 5080050.41185 1470899672.0
536211.681386 5080046.36042 1470899682.0
536222.374559 5080049.31175 1470899698.0
536233.065123 5080052.70751 1470899712.0
536243.855385 5080052.3262 1470899727.0
536254.711554 5080053.94524 1470899739.0
536259.858685 5080062.97512 1470899758.0
536262.592772 5080073.21306 1470899769.0
536266.488379 5080083.90225 1470899787.0
536273.65329 5080092.94395 1470899801.0
536279.813174 5080101.31313 1470899814.0
536278.587232 5080111.86122 1470899825.0
536276.191966 5080123.29133 1470899838.0
536271.168444 5080132.92832 1470899850.0
536273.276411 5080144.05147 1470899860.0
536265.248765 5080136.56022 1470899881.0
536275.810614 5080135.39988 1470900056.0
536285.920487 5080131.90363 1470900086.0
536293.644698 5080124.94907 1470900099.0
536300.144122 5080115.09853 1470900115.0
536301.679232 5080104.77447 1470900127.0
536302.361303 5080094.33431 1470900138.0
536302.653379 5080084.22519 1470900149.0
536301.473492 5080073.663 1470900160.0
536304.100347 5080062.45648 1470900198.0
536310.363117 5080053.27121 1470900214.0
536315.075676 5080043.74354 1470900228.0
536318.314974 5080033.98502 1470900240.0
536327.668488 5080027.15116 1470900276.0
536325.555363 5080016.91683 1470900328.0
536323.290268 5080006.12606 1470900338.0
536319.312539 5079996.21412 1470900349.0
536319.451379 5079985.77078 1470900362.0
536320.447838 5079974.66581 1470900373.0
536319.342963 5079964.5485 1470900385.0
536319.870506 5079953.99632 1470900398.0
536322.724409 5079943.79111 1470900408.0
536323.330873 5079933.01719 1470900422.0
536328.891393 5079924.49447 1470900431.0
536337.464413 5079918.43381 1470900440.0
536339.230505 5079908.44444 1470900462.0
536341.619446 5079898.1254 1470900473.0
536339.19911 5079887.33372 1470900483.0
536345.231227 5079877.81382 1470900495.0
536354.418698 5079872.86786 1470900506.0
536362.992465 5079866.69613 1470900517.0
536370.329032 5079859.73939 1470900533.0
536379.067844 5079851.90202 1470900542.0
536386.718156 5079844.3916 1470900548.0
536387.793018 5079833.176 1470900562.0
536397.892349 5079831.56871 1470900570.0
536398.341116 5079821.23829 1470900580.0
536403.517695 5079812.04674 1470900590.0
536400.93633 5079802.25406 1470900616.0
536405.724214 5079793.17134 1470900639.0
536406.250608 5079782.84138 1470900651.0
536408.249031 5079772.96451 1470900659.0
536408.701735 5079761.96747 1470900669.0
536413.027901 5079752.21539 1470900678.0
536408.429893 5079742.18864 1470900689.0
536400.094038 5079734.25098 1470900702.0
536397.201528 5079724.56759 1470900712.0
536398.2699 5079714.46303 1470900720.0
536393.667923 5079705.10292 1470900728.0
536383.201852 5079703.04151 1470900737.0
536372.746863 5079699.09134 1470900747.0
536366.740617 5079690.94519 1470900759.0
536366.335586 5079680.60976 1470900768.0
536372.281847 5079672.53378 1470900776.0
536371.418967 5079660.86238 1470900788.0
536370.160186 5079650.52194 1470900797.0
536365.563988 5079640.16191 1470900808.0
536367.951764 5079630.0651 1470900819.0
536369.877774 5079619.29892 1470900829.0
536371.179612 5079609.08463 1470900843.0
536377.208128 5079600.23138 1470900854.0
536376.880721 5079589.89641 1470900864.0
536373.755911 5079580.10056 1470900877.0
536367.831728 5079571.17714 1470900889.0
536370.453031 5079560.97059 1470900900.0
536373.074342 5079550.76404 1470900911.0
536375.851545 5079540.4473 1470900924.0
536375.917428 5079529.22578 1470900939.0
536376.522707 5079518.67407 1470900949.0
536378.602038 5079508.24213 1470900957.0
536377.968729 5079497.12761 1470900973.0
536388.011215 5079492.07561 1470900989.0
536396.196151 5079486.12386 1470900996.0
536404.308709 5079479.28282 1470901018.0
536413.421156 5079474.00318 1470901028.0
536420.610841 5079465.71234 1470901035.0
536429.029346 5079459.65089 1470901043.0
536437.297861 5079452.69971 1470901064.0
536435.499745 5079441.68944 1470901089.0
536438.820416 5079431.37592 1470901110.0
536447.938845 5079425.0964 1470901122.0
536455.594989 5079416.69723 1470901138.0
536459.693185 5079406.16609 1470901154.0
536464.023594 5079395.74742 1470901165.0
536463.937014 5079384.08057 1470901177.0
536465.859991 5079373.86995 1470901184.0
536471.269886 5079364.67983 1470901193.0
536476.37979 5079353.71022 1470901211.0
536483.57166 5079345.08613 1470901218.0
536493.374427 5079341.25508 1470901241.0
536502.099716 5079335.86218 1470901251.0
536509.89884 5079329.57498 1470901260.0
536515.077293 5079320.16131 1470901269.0
536525.877368 5079318.33613 1470901282.0
536536.595901 5079317.17714 1470901289.0
536548.318888 5079316.80185 1470901295.0
536559.025628 5079317.64277 1470901302.0
536569.433039 5079316.5931 1470901309.0
536579.387863 5079313.31862 1470901325.0
536589.463161 5079315.93359 1470901337.0
536599.778524 5079317.32781 1470901350.0
536608.670496 5079323.15796 1470901360.0
536618.904943 5079325.10727 1470901369.0
536628.659881 5079329.38704 1470901382.0
536640.135544 5079331.45483 1470901392.0
536651.792725 5079329.0794 1470901403.0
536662.356028 5079327.9197 1470901417.0
536672.933803 5079324.31573 1470901464.0
536682.846573 5079328.15209 1470901492.0
536690.403813 5079336.52993 1470901508.0
536699.834393 5079343.14116 1470901519.0
536710.468718 5079343.09305 1470901528.0
536721.725304 5079342.82643 1470901538.0
536732.143243 5079339.99937 1470901553.0
536740.486463 5079346.71532 1470901563.0
536751.049755 5079345.55578 1470901576.0
536760.695478 5079342.05754 1470901590.0
536765.483576 5079333.08619 1470901600.0
536775.280606 5079330.25552 1470901614.0
536784.849408 5079326.64576 1470901627.0
536789.413274 5079316.2287 1470901634.0
536799.211662 5079313.17586 1470901647.0
536806.632927 5079305.22015 1470901659.0
536813.354324 5079297.48252 1470901670.0
536818.610225 5079288.18067 1470901678.0
536822.859078 5079278.53952 1470901689.0
536828.652399 5079270.24085 1470901702.0
536833.292677 5079260.04649 1470901717.0
536837.077838 5079250.06926 1470901731.0
536836.83011 5079239.51253 1470901743.0
536832.928322 5079229.93404 1470901757.0
536833.379822 5079219.27035 1470901772.0
536843.879604 5079215.77732 1470901779.0
536848.908045 5079205.58528 1470901798.0
536856.326197 5079198.18516 1470901807.0
536866.429335 5079196.13421 1470901817.0
536875.999719 5079192.30237 1470901827.0
536882.189226 5079182.67281 1470901834.0
536885.507467 5079172.91505 1470901843.0
536888.286346 5079162.48744 1470901851.0
536886.488936 5079151.47704 1470901866.0
536891.589165 5079142.28544 1470901875.0
536895.998762 5079131.75643 1470901885.0
536902.873712 5079124.35313 1470901965.0
536911.063601 5079117.73542 1470901980.0
536915.233104 5079108.42718 1470901994.0
536917.856156 5079098.10976 1470902007.0
536923.574796 5079089.3663 1470902017.0
536933.31188 5079083.64671 1470902030.0
536937.173603 5079073.89222 1470902041.0
536942.817983 5079064.59279 1470902058.0
536950.546238 5079057.30574 1470902080.0
536954.7981 5079047.22026 1470902096.0
536957.26401 5079037.23524 1470902106.0
536960.4272 5079027.4766 1470902120.0
536966.993841 5079019.73821 1470902130.0
536972.404122 5079010.65963 1470902141.0
536978.979415 5079001.4769 1470902151.0
536982.609718 5078991.49884 1470902160.0
536988.10231 5078981.643 1470902168.0
536992.118762 5078972.00058 1470902179.0
536999.538688 5078964.37842 1470902195.0
537005.486452 5078956.30305 1470902204.0
537007.180892 5078945.53569 1470902213.0
537010.50476 5078934.88917 1470902226.0
537014.674532 5078925.581 1470902242.0
537016.911695 5078914.92799 1470902259.0
537013.093568 5078904.34992 1470902270.0
537002.768312 5078904.51048 1470902278.0
536992.892881 5078907.34032 1470902288.0
536989.308905 5078896.54145 1470902315.0
536979.872637 5078890.81863 1470902328.0
536975.190625 5078881.90205 1470902340.0
536975.02073 5078871.34577 1470902412.0
536970.505212 5078860.54135 1470902418.0
536963.488473 5078852.61083 1470902425.0
536953.106048 5078849.32678 1470902433.0
536945.701815 5078841.28285 1470902442.0
536935.623237 5078839.11172 1470902450.0
536924.913727 5078838.60347 1470902470.0
536915.109896 5078842.43384 1470902482.0
536906.841151 5078836.16255 1470902493.0
536896.120388 5078837.54311 1470902502.0
536887.225332 5078832.15697 1470902510.0
536877.944121 5078826.43523 1470902523.0
536867.715534 5078823.37445 1470902530.0
536863.193185 5078813.68116 1470902536.0
536852.021182 5078812.61474 1470902555.0
536841.911482 5078815.66565 1470902575.0
536831.444044 5078813.60349 1470902584.0
536820.50689 5078812.2052 1470902609.0
536812.791943 5078804.15959 1470902622.0
536807.56427 5078795.57323 1470902635.0
536797.344836 5078790.95711 1470902656.0
536801.517017 5078781.20439 1470902669.0
536806.777284 5078771.23591 1470902688.0
536804.434248 5078760.55563 1470902708.0
536795.623223 5078754.05905 1470902731.0
536790.553373 5078745.0292 1470902750.0
536783.693503 5078736.76649 1470902773.0
536773.306175 5078734.26047 1470902791.0
536762.737885 5078736.08661 1470902813.0
536751.729543 5078733.57694 1470902829.0
536755.008141 5078743.5961 1470902855.0
536745.664752 5078748.31833 1470902944.0
536735.828711 5078744.48235 1470902969.0
536725.032181 5078745.52944 1470903078.0
536713.93766 5078744.46373 1470903099.0
536706.281663 5078752.64037 1470903109.0
536696.247592 5078756.02529 1470903123.0
536686.970711 5078762.63684 1470903147.0
536679.7871 5078769.70523 1470903158.0
536669.551751 5078767.75582 1470903206.0
536671.554181 5078757.32353 1470903216.0
536673.94343 5078747.11573 1470903231.0
536668.957598 5078736.97541 1470903247.0
536673.75259 5078726.89296 1470903263.0
536675.060351 5078715.78991 1470903278.0
536674.422865 5078705.4531 1470903292.0
536673.090686 5078694.44553 1470903313.0
536663.067713 5078695.94174 1470903330.0
536657.372012 5078687.68606 1470903355.0
536659.221164 5078676.91953 1470903377.0
536660.213802 5078666.59237 1470903405.0
536660.195326 5078656.59254 1470903414.0
536658.856537 5078646.69602 1470903443.0
536660.081402 5078636.48134 1470903462.0
536657.115071 5078626.13076 1470903482.0
536654.379639 5078616.11487 1470903502.0
536645.875476 5078610.17586 1470903521.0
536636.301061 5078614.56357 1470903562.0
536628.656031 5078607.7408 1470903579.0
536618.517063 5078602.56992 1470903593.0
536609.387891 5078597.29391 1470903612.0
536598.612781 5078594.67479 1470903649.0
536587.768562 5078590.61088 1470903669.0
536576.975071 5078591.10271 1470903692.0
536581.310158 5078580.01751 1470903705.0
536574.371542 5078571.86568 1470903726.0
536573.427291 5078560.86043 1470903906.0
536573.877717 5078550.30784 1470903919.0
536572.540077 5078540.18913 1470903931.0
536575.861433 5078529.87569 1470903955.0
536578.170354 5078520.11183 1470903969.0
536585.283063 5078511.93183 1470903985.0
536583.171769 5078501.36412 1470903999.0
536581.835443 5078491.0232 1470904008.0
536588.173214 5078482.61641 1470904028.0
536597.290551 5078476.78152 1470904055.0
536598.516655 5078466.34462 1470904100.0
536603.151226 5078457.15004 1470904127.0
536602.514242 5078446.70214 1470904135.0
536592.844043 5078440.97854 1470904152.0
536584.574676 5078447.81841 1470904171.0
536573.22311 5078450.75132 1470904187.0
536564.089086 5078446.25312 1470904219.0
536564.770422 5078436.03521 1470904238.0
536573.659506 5078429.42119 1470904260.0
536576.202658 5078419.43649 1470904306.0
536574.55316 5078409.53816 1470904347.0
536581.660086 5078402.35809 1470904357.0
536588.458477 5078394.84288 1470904369.0
536582.537373 5078385.25266 1470904396.0
536580.193793 5078374.57247 1470904413.0
536573.405612 5078367.1993 1470904478.0
536570.981756 5078356.96307 1470904499.0
536564.642573 5078365.59208 1470904670.0
536557.700413 5078357.9958 1470904689.0
536552.518496 5078367.85383 1470904709.0
536542.051518 5078365.56996 1470904730.0
536532.484662 5078368.62458 1470904744.0
536522.480842 5078366.7879 1470904772.0
536511.290309 5078368.72191 1470904787.0
536500.02477 5078370.21106 1470904800.0
536495.700811 5078379.40755 1470904808.0
536487.046592 5078385.68975 1470904817.0
536478.937109 5078391.75294 1470904825.0
536474.459243 5078400.72632 1470904832.0
536464.583264 5078403.55701 1470904841.0
536454.317839 5078406.60765 1470904853.0
536446.821612 5078414.00779 1470904869.0
536441.639917 5078423.86591 1470904883.0
536430.155975 5078422.90954 1470904897.0
536420.165924 5078418.73984 1470904917.0
536410.207801 5078422.34789 1470904961.0
536401.084712 5078415.96116 1470904999.0
536393.052982 5078422.02492 1470905203.0
536395.94549 5078431.81939 1470905305.0
536448.956815 5078407.35387 1470915919.0
536442.004002 5078414.75721 1470916054.0
536450.421978 5078409.02911 1470916088.0
536460.302517 5078405.42066 1470916115.0
536467.95403 5078398.02146 1470916132.0
536476.76151 5078392.07346 1470916146.0
536476.355233 5078381.96026 1470916165.0
536485.63748 5078387.68139 1470916335.0
536495.439135 5078384.29476 1470916344.0
536503.090062 5078377.00669 1470916352.0
536510.585092 5078369.82883 1470916361.0
536520.677016 5078369.88829 1470916368.0
536531.470886 5078369.39636 1470916398.0
536537.650828 5078361.43302 1470916415.0
536547.373613 5078358.26822 1470916460.0
536555.096019 5078365.20245 1470916480.0
536564.210874 5078359.81193 1470916514.0
536573.572017 5078365.31144 1470916547.0
536580.743761 5078373.46464 1470916569.0
536580.449887 5078383.79594 1470916586.0
536588.480777 5078391.06535 1470916617.0
536588.107293 5078401.7295 1470916638.0
536578.985265 5078408.34213 1470916654.0
536575.125024 5078417.87462 1470916774.0
536571.884519 5078427.63299 1470916792.0
536563.999372 5078435.1418 1470916813.0
536570.475005 5078442.84645 1470916828.0
536578.98275 5078448.22983 1470916844.0
536585.691238 5078455.93587 1470916860.0
536587.962393 5078465.72677 1470916886.0
536591.470355 5078476.41384 1470916905.0
536591.253438 5078486.85669 1470916924.0
536595.935652 5078495.88408 1470916936.0
536593.618822 5078506.98118 1470916953.0
536592.545366 5078517.86342 1470916964.0
536587.675347 5078527.50105 1470916977.0
536582.114559 5078535.80132 1470916992.0
536577.166286 5078545.54961 1470917008.0
536576.796105 5078555.65824 1470917026.0
536577.042356 5078566.54826 1470917050.0
536581.01801 5078576.90476 1470917072.0
536582.201685 5078586.80035 1470917096.0
536587.656171 5078596.49893 1470917122.0
536594.053975 5078604.20315 1470917139.0
536604.210678 5078606.37418 1470917155.0
536613.784425 5078602.09752 1470917185.0
536623.782587 5078604.82319 1470917206.0
536634.646461 5078605.55405 1470917241.0
536645.5965 5078604.84103 1470917267.0
536654.801944 5078610.33975 1470917289.0
536655.59473 5078620.67748 1470917326.0
536659.339965 5078630.58823 1470917354.0
536657.567113 5078641.57743 1470917405.0
536659.985448 5078652.70253 1470917437.0
536657.594217 5078663.24363 1470917454.0
536657.376533 5078673.7976 1470917485.0
536660.11259 5078683.70239 1470917510.0
536662.844037 5078694.3849 1470917531.0
536668.456839 5078703.52896 1470917547.0
536676.02145 5078710.79574 1470917574.0
536672.780931 5078720.55406 1470917588.0
536668.143816 5078730.19301 1470917612.0
536673.436213 5078741.0018 1470917642.0
536670.58384 5078750.76242 1470917656.0
536671.685106 5078761.43529 1470917675.0
536671.623964 5078771.76797 1470917688.0
536680.667308 5078778.37686 1470917713.0
536687.550934 5078769.52897 1470917733.0
536695.20228 5078762.13004 1470917745.0
536698.367162 5078752.03796 1470917758.0
536709.256437 5078748.43589 1470917785.0
536720.210184 5078747.05638 1470917809.0
536731.013295 5078744.89824 1470917827.0
536739.661342 5078739.61632 1470917843.0
536750.24082 5078735.90138 1470917861.0
536758.746824 5078728.39649 1470917885.0
536768.788226 5078723.78952 1470917897.0
536779.26243 5078724.74054 1470917915.0
536788.232062 5078730.6825 1470917931.0
536789.098935 5078741.57622 1470917948.0
536796.273252 5078749.17416 1470917961.0
536804.926393 5078756.11423 1470917999.0
536808.435789 5078766.46812 1470918032.0
536810.861721 5078776.26003 1470918037.0
536814.217165 5078786.39078 1470918077.0
536822.01834 5078792.9925 1470918094.0
536830.593105 5078800.04326 1470918114.0
536836.831844 5078808.30233 1470918144.0
536845.632502 5078803.4659 1470918168.0
536855.393401 5078806.85718 1470918176.0
536862.018902 5078815.34079 1470918191.0
536871.759942 5078822.06522 1470918205.0
536881.916855 5078824.1256 1470918224.0
536892.332431 5078821.85433 1470918241.0
536902.154361 5078828.02375 1470918256.0
536912.540819 5078830.64109 1470918277.0
536925.489536 5078833.16261 1470918284.0
536935.009526 5078837.88588 1470918296.0
536943.19863 5078844.49006 1470918307.0
536949.281263 5078852.85943 1470918324.0
536960.383507 5078852.59231 1470918337.0
536965.298435 5078861.51027 1470918351.0
536974.03018 5078868.22884 1470918365.0
536981.050202 5078875.60385 1470918402.0
536986.897893 5078884.30518 1470918417.0
536994.22904 5078891.57096 1470918429.0
536996.807884 5078901.69719 1470918452.0
537005.7054 5078906.63907 1470918485.0
537015.623289 5078909.69822 1470918491.0
537018.592862 5078919.38235 1470918533.0
537011.245837 5078927.78268 1470918564.0
537002.278698 5078934.50672 1470918580.0
537000.121842 5078944.71578 1470918588.0
536997.961014 5078955.59147 1470918596.0
536994.714801 5078966.23846 1470918604.0
536993.179612 5078976.34013 1470918613.0
536989.397355 5078985.76173 1470918631.0
536981.049976 5078992.71172 1470918641.0
536978.344514 5079003.80638 1470918658.0
536969.382822 5079009.64163 1470918675.0
536963.512115 5079017.8286 1470918691.0
536959.097686 5079029.13529 1470918701.0
536959.032083 5079040.1346 1470918714.0
536949.612681 5079044.63386 1470918741.0
536950.091771 5079055.41419 1470918753.0
536946.618124 5079065.17099 1470918762.0
536939.122085 5079072.57054 1470918778.0
536931.241931 5079079.30116 1470918791.0
536922.584257 5079086.24937 1470918813.0
536921.127495 5079096.24042 1470918827.0
536917.421054 5079105.99584 1470918845.0
536909.070607 5079113.50144 1470918856.0
536902.173141 5079124.68228 1470918902.0
536892.830867 5079129.29319 1470918925.0
536885.635532 5079138.36121 1470918940.0
536886.194327 5079148.80869 1470918954.0
536882.411011 5079158.45257 1470918966.0
536877.77653 5079167.64696 1470918971.0
536871.825165 5079176.38908 1470918977.0
536862.023881 5079179.88622 1470918993.0
536857.150638 5079190.07917 1470919001.0
536846.802081 5079194.23973 1470919016.0
536840.462686 5079202.97957 1470919028.0
536840.710411 5079213.53631 1470919039.0
536842.744705 5079223.88146 1470919056.0
536842.680625 5079234.65856 1470919072.0
536838.502726 5079245.4112 1470919084.0
536835.647668 5079255.61616 1470919092.0
536825.988562 5079261.33637 1470919101.0
536822.817774 5079272.42833 1470919111.0
536825.086913 5079282.44154 1470919122.0
536817.439343 5079289.2848 1470919134.0
536807.938183 5079294.56153 1470919149.0
536798.442978 5079298.83835 1470919166.0
536788.567609 5079301.77963 1470919182.0
536779.688101 5079306.94899 1470919194.0
536769.735136 5079309.88984 1470919205.0
536760.77474 5079315.61429 1470919214.0
536753.585742 5079323.68253 1470919224.0
536743.711094 5079326.51277 1470919233.0
536734.143634 5079329.9004 1470919244.0
536726.102865 5079337.63029 1470919257.0
536715.235017 5079337.7881 1470919269.0
536709.157165 5079328.64123 1470919276.0
536703.23848 5079318.82866 1470919286.0
536693.634207 5079315.32743 1470919299.0
536683.328726 5079312.26649 1470919311.0
536673.296226 5079315.54035 1470919322.0
536663.382114 5079311.92622 1470919407.0
536653.375257 5079310.86704 1470919418.0
536642.412007 5079314.02433 1470919429.0
536632.603848 5079318.74398 1470919439.0
536623.168563 5079312.91059 1470919449.0
536612.782144 5079310.40483 1470919461.0
536602.558172 5079306.67786 1470919476.0
536592.377032 5079308.83989 1470919492.0
536582.356384 5079310.11401 1470919504.0
536571.978469 5079306.16397 1470919513.0
536561.367685 5079302.21257 1470919520.0
536550.275448 5079300.92494 1470919530.0
536539.697707 5079304.52912 1470919546.0
536527.968803 5079305.90437 1470919559.0
536517.738227 5079303.28858 1470919571.0
536507.772292 5079308.45193 1470919584.0
536498.664104 5079312.9537 1470919596.0
536491.706994 5079321.24582 1470919611.0
536482.210745 5079325.74533 1470919628.0
536480.212071 5079335.62217 1470919642.0
536476.349919 5079345.59916 1470919656.0
536471.326782 5079355.01377 1470919666.0
536466.380623 5079364.53994 1470919675.0
536463.759738 5079374.63535 1470919685.0
536459.514125 5079383.83233 1470919695.0
536454.958055 5079393.02748 1470919703.0
536451.171634 5079403.33825 1470919712.0
536445.138905 5079412.85805 1470919727.0
536438.795725 5079422.37603 1470919744.0
536432.683456 5079432.2287 1470919757.0
536431.305174 5079442.22032 1470919767.0
536424.887694 5079451.18233 1470919780.0
536414.620751 5079454.78855 1470919792.0
536406.430533 5079461.62911 1470919808.0
536396.709544 5079464.79413 1470919819.0
536386.973557 5079470.51457 1470919836.0
536380.557475 5079479.25442 1470919851.0
536376.154866 5079488.78386 1470919872.0
536375.935056 5079499.78226 1470919886.0
536374.314247 5079511.43909 1470919898.0
536374.478606 5079523.10639 1470919911.0
536371.00351 5079533.30793 1470919929.0
536369.005076 5079543.18481 1470919939.0
536372.126652 5079553.53618 1470919952.0
536370.668267 5079563.97177 1470919963.0
536368.046313 5079574.28943 1470919976.0
536367.597586 5079584.61984 1470919986.0
536367.766518 5079595.50941 1470919997.0
536368.865521 5079606.62667 1470920014.0
536364.6926 5079616.713 1470920028.0
536362.535711 5079627.1445 1470920038.0
536360.299259 5079637.90885 1470920050.0
536364.975039 5079647.93602 1470920064.0
536366.542981 5079658.50048 1470920079.0
536368.499639 5079668.95612 1470920088.0
536370.760223 5079680.52463 1470920098.0
536376.921049 5079688.7828 1470920108.0
536386.908413 5079693.06355 1470920117.0
536392.44634 5079701.6514 1470920127.0
536396.343926 5079712.00734 1470920142.0
536394.266585 5079722.10597 1470920153.0
536389.785203 5079731.85715 1470920164.0
536394.308899 5079741.32791 1470920173.0
536397.743389 5079751.23671 1470920186.0
536403.514738 5079759.71483 1470920196.0
536403.297493 5079770.26882 1470920209.0
536401.137976 5079781.14472 1470920219.0
536399.445447 5079791.80115 1470920235.0
536394.657572 5079800.88388 1470920246.0
536388.937712 5079810.07225 1470920260.0
536393.539615 5079819.43236 1470920272.0
536387.972388 5079829.06606 1470920288.0
536380.468797 5079838.02174 1470920305.0
536370.357741 5079841.62894 1470920315.0
536362.318735 5079849.24821 1470920325.0
536354.052783 5079855.86618 1470920339.0
536348.252162 5079865.60965 1470920354.0
536344.393146 5079875.1423 1470920368.0
536339.834338 5079884.89307 1470920383.0
536335.273588 5079894.97715 1470920395.0
536329.553251 5079904.27668 1470920405.0
536326.544748 5079914.36988 1470920418.0
536320.362034 5079923.11116 1470920430.0
536317.504868 5079933.87189 1470920443.0
536319.459559 5079944.66084 1470920458.0
536319.00637 5079955.76899 1470920470.0
536320.186253 5079966.33117 1470920484.0
536320.123067 5079977.10828 1470920494.0
536320.297271 5079987.10903 1470920507.0
536323.575214 5079997.23909 1470920518.0
536326.536844 5080008.36726 1470920537.0
536322.677947 5080017.89993 1470920624.0
536322.768021 5080029.01127 1470920635.0
536312.500136 5080032.95096 1470920655.0
536313.676756 5080044.06867 1470920672.0
536307.804622 5080052.81179 1470920690.0
536306.58123 5080062.91545 1470920702.0
536302.412612 5080072.33521 1470920717.0
536297.621183 5080082.08464 1470920737.0
536300.900412 5080091.99248 1470920754.0
536297.350085 5080101.8603 1470920764.0
536293.876076 5080111.95078 1470920776.0
536289.089247 5080120.92249 1470920792.0
536280.056109 5080126.09166 1470920806.0
536277.558804 5080115.18844 1470920822.0
536279.561478 5080104.53379 1470920839.0
536275.425275 5080095.17649 1470920853.0
536269.429052 5080085.36387 1470920867.0
536263.816302 5080076.33125 1470920884.0
536264.730488 5080066.00355 1470920897.0
536255.848379 5080058.61843 1470920919.0
536245.922227 5080057.22705 1470920928.0
536236.28116 5080060.17056 1470920940.0
536226.053666 5080057.22193 1470920952.0
536215.67809 5080053.05027 1470920960.0
536205.277175 5080053.21169 1470920971.0
536193.948847 5080052.70106 1470920983.0
536182.781575 5080051.19141 1470920996.0
536173.897403 5080044.13972 1470921011.0
536166.259499 5080036.31756 1470921031.0
536156.116676 5080032.14735 1470921051.0
536146.026166 5080032.31069 1470921060.0
536136.500309 5080028.81076 1470921069.0
536126.503602 5080026.19697 1470921080.0
536118.938692 5080019.15305 1470921090.0
536111.379593 5080011.1092 1470921104.0
536101.290345 5080011.0504 1470921124.0
536091.773494 5080005.99508 1470921135.0
536080.146928 5080003.37187 1470921146.0
536069.433557 5080003.86502 1470921158.0
536059.358526 5080001.36199 1470921170.0
536049.300944 5079995.85916 1470921179.0
536038.184001 5079999.01661 1470921241.0
536027.624553 5079999.73295 1470921254.0
536017.660792 5080004.78598 1470921269.0
536007.041183 5080002.50208 1470921279.0
535996.337501 5080001.3288 1470921288.0
535986.770208 5080004.93978 1470921297.0
535976.216584 5080004.65626 1470921309.0
535967.325661 5079998.71591 1470921317.0
535959.765052 5079990.89446 1470921326.0
535956.406968 5079981.09746 1470921338.0
535957.629803 5079970.99373 1470921347.0
535953.026072 5079961.85615 1470921366.0
535948.737927 5079951.83155 1470921377.0
535940.62365 5079945.78464 1470921387.0
535932.437547 5079938.73735 1470921400.0
535924.634968 5079932.47005 1470921409.0
535920.730299 5079923.22544 1470921422.0
535912.787281 5079914.40186 1470921435.0
535907.567061 5079904.48299 1470921457.0
535901.097966 5079895.77907 1470921467.0
535895.174061 5079886.745 1470921485.0
535890.110943 5079876.49373 1470921496.0
535883.019615 5079868.00845 1470921502.0
535874.206018 5079862.06868 1470921515.0
535864.200573 5079860.89967 1470921527.0
535853.966792 5079858.9516 1470921539.0
535846.16789 5079852.01778 1470921551.0
535835.238797 5079849.51017 1470921564.0
535825.745767 5079853.67737 1470921573.0
535814.733919 5079852.05819 1470921587.0
535803.72335 5079850.21682 1470921598.0
535794.60049 5079844.05316 1470921612.0
535784.294824 5079841.10482 1470921623.0
535776.890939 5079832.95118 1470921637.0
535768.630737 5079825.23703 1470921646.0
535759.503316 5079819.85116 1470921658.0
535750.455414 5079814.13244 1470921669.0
535746.78581 5079804.44487 1470921683.0
535736.100968 5079799.93891 1470921703.0
535724.471308 5079797.76079 1470921722.0
535715.81909 5079790.7111 1470921730.0
535708.485623 5079783.78014 1470921740.0
535698.18942 5079779.16538 1470921757.0
535687.231981 5079781.54662 1470921771.0
535677.661337 5079785.7136 1470921782.0
535667.694329 5079791.32271 1470921791.0
535659.278304 5079797.16298 1470921801.0
535647.948835 5079796.76446 1470921814.0
535637.473098 5079796.37087 1470921828.0
535628.981414 5079801.87742 1470921850.0
535618.879694 5079803.93038 1470921864.0
535607.867708 5079802.31157 1470921878.0
535597.720941 5079798.6978 1470921894.0
535589.451538 5079792.53936 1470921910.0
535578.90137 5079791.5899 1470921921.0
535569.768633 5079787.09314 1470921928.0
535561.340135 5079781.60047 1470921937.0
535551.048922 5079776.09712 1470921949.0
535540.328199 5079777.81333 1470921961.0
535529.775451 5079777.30837 1470921978.0
535519.859526 5079774.02938 1470921992.0
535509.550433 5079771.63702 1470922001.0
535500.030191 5079767.02704 1470922008.0
535493.714334 5079758.54665 1470922017.0
535487.170711 5079749.17611 1470922030.0
535476.627454 5079747.00467 1470922041.0
535468.042958 5079741.62234 1470922054.0
535458.844537 5079735.01433 1470922069.0
535449.719261 5079729.1845 1470922079.0
535441.061552 5079723.02403 1470922089.0
535431.863076 5079716.41605 1470922101.0
535424.374614 5079709.37344 1470922114.0
535417.679418 5079699.33545 1470922131.0
535409.957444 5079692.40262 1470922145.0
535399.584527 5079687.56571 1470922159.0
535387.867412 5079687.05434 1470922176.0
535377.699395 5079687.10738 1470922188.0
535366.760951 5079686.15606 1470922197.0
535355.435703 5079684.98034 1470922209.0
535345.765693 5079679.36978 1470922225.0
535337.88902 5079672.32505 1470922236.0
535331.571576 5079664.06704 1470922248.0
535323.61852 5079656.79968 1470922259.0
535315.903355 5079648.64483 1470922270.0
535305.284787 5079646.02883 1470922278.0
535295.611506 5079640.97386 1470922289.0
535286.475181 5079637.03305 1470922303.0
535275.447635 5079638.08133 1470922319.0
535264.736874 5079638.02035 1470922332.0
535254.262116 5079637.4052 1470922347.0
535244.020832 5079636.68029 1470922364.0
535234.17583 5079634.51324 1470922376.0
535225.437004 5079628.90816 1470922386.0
535215.995212 5079624.07685 1470922397.0
535205.993058 5079622.24228 1470922408.0
535195.73912 5079623.73953 1470922422.0
535191.758077 5079614.05054 1470922437.0
535182.007671 5079608.88421 1470922453.0
535179.197125 5079598.09079 1470922465.0
535179.099304 5079587.97943 1470922494.0
535182.184326 5079577.77503 1470922505.0
535185.111604 5079568.01417 1470922654.0
535178.876511 5079558.86793 1470922706.0
535171.395771 5079550.38126 1470922714.0
535163.281476 5079544.11317 1470922724.0
535157.195883 5079535.96777 1470922732.0
535153.063903 5079525.50019 1470922742.0
535147.758217 5079516.69258 1470922751.0
535143.857794 5079506.44854 1470922760.0
535141.045243 5079495.98846 1470922769.0
535138.618241 5079485.975 1470922777.0
535137.587693 5079476.08056 1470922784.0
535132.366489 5079466.05126 1470922792.0
535123.632371 5079459.55749 1470922801.0
535114.024933 5079456.50312 1470922809.0
535106.306723 5079448.79295 1470922820.0
535097.251388 5079444.18623 1470922829.0
535088.27806 5079438.80224 1470922838.0
535081.568814 5079431.09781 1470922846.0
535071.727204 5079428.2644 1470922854.0
535062.515322 5079423.87907 1470922863.0
535056.048936 5079414.39832 1470922874.0
535052.147667 5079404.26544 1470922883.0
535047.1566 5079394.68195 1470922892.0
535039.122733 5079387.85894 1470922903.0
535032.341407 5079379.15419 1470922913.0
535026.344401 5079369.00949 1470922924.0
535023.221742 5079358.4366 1470922933.0
535019.009283 5079348.4131 1470922943.0
535013.000924 5079340.26828 1470922951.0
535010.494777 5079330.47664 1470922960.0
535005.112984 5079321.3354 1470922969.0
534998.407899 5079312.85334 1470922978.0
534988.815858 5079307.02157 1470922988.0
534980.312965 5079300.75153 1470922997.0
534973.137096 5079293.1557 1470923007.0
534963.451709 5079290.10113 1470923034.0
534952.961923 5079292.04189 1470923046.0
534943.516273 5079287.76652 1470923060.0
534934.401129 5079279.93759 1470923070.0
534926.677464 5079273.11648 1470923080.0
534921.997197 5079263.42373 1470923088.0
534919.883352 5079252.85659 1470923097.0
534914.968323 5079243.49585 1470923106.0
534910.753731 5079233.80573 1470923116.0
534907.626422 5079224.01064 1470923125.0
534904.887826 5079214.10663 1470923135.0
534903.708498 5079202.98922 1470923147.0
534900.814021 5079193.19544 1470923156.0
534895.196582 5079184.49741 1470923165.0
534889.189776 5079176.0194 1470923174.0
534884.199521 5079166.21383 1470923184.0
534878.893139 5079157.40646 1470923195.0
534871.408372 5079149.47569 1470923204.0
534860.716147 5079145.97119 1470923212.0
534853.86043 5079136.59958 1470923224.0
534846.919575 5079128.5608 1470923232.0
534838.726151 5079122.40381 1470923240.0
534831.626271 5079115.03079 1470923248.0
534821.397191 5079111.97339 1470923256.0
534811.004122 5079110.4706 1470923265.0
534799.614456 5079106.74007 1470923278.0
534790.559642 5079101.9116 1470923292.0
534783.380813 5079094.76041 1470923302.0
534776.050466 5079086.94173 1470923312.0
534768.24627 5079080.56481 1470923320.0
534768.770596 5079070.12363 1470923331.0
534771.778186 5079059.8075 1470923346.0
534773.543217 5079049.59551 1470923368.0
534779.729571 5079039.96386 1470923385.0
534771.62169 5079032.36305 1470923397.0
534760.832887 5079032.19141 1470923427.0
534753.261828 5079039.59315 1470923437.0
534747.851107 5079049.34028 1470923451.0
534742.830379 5079058.75627 1470923476.0
534740.909535 5079069.07851 1470923489.0
534741.081355 5079079.96802 1470923500.0
534746.304148 5079089.88588 1470923514.0
534756.216584 5079094.05245 1470923530.0
534753.982129 5079104.92846 1470923559.0
