534761.843695 5079128.74959 1327484522.0
534800.052727 5079111.63127 1327484737.0
534847.892402 5079135.01051 1327484791.0
534887.843912 5079166.901 1327484834.0
534912.477009 5079217.2604 1327484876.0
534934.850611 5079269.05157 1327484920.0
534966.382658 5079265.8962 1327484972.0
534991.787156 5079220.70768 1327485013.0
534999.131664 5079170.97292 1327485058.0
535042.787094 5079151.6647 1327485094.0
535082.673989 5079126.22452 1327485134.0
535136.239141 5079125.30584 1327485169.0
535178.568165 5079093.65809 1327485213.0
535221.745143 5079063.12653 1327485255.0
535246.212642 5079019.37811 1327485295.0
535276.803633 5078990.8864 1327485348.0
535330.119055 5078979.52383 1327485387.0
535366.417677 5078943.9542 1327485446.0
535410.854172 5078937.87483 1327485508.0
535402.72941 5078906.16271 1327485551.0
535427.860704 5078882.41817 1327485627.0
535416.634004 5078836.57763 1327485676.0
535431.990399 5078784.66701 1327485733.0
535457.699286 5078741.48205 1327485783.0
535487.870755 5078705.32254 1327485839.0
535522.39156 5078668.85477 1327485898.0
535538.708055 5078625.72743 1327485980.0
535568.942239 5078592.34636 1327486052.0
535589.244861 5078558.13063 1327486155.0
535621.895696 5078523.09708 1327486225.0
535645.564979 5078484.01215 1327486287.0
535660.647125 5078439.76695 1327486390.0
535682.453443 5078414.22658 1327486500.0
535714.423381 5078416.74398 1327486581.0
535756.170127 5078420.0957 1327486677.0
535782.011803 5078448.68841 1327486787.0
535832.264195 5078444.42331 1327486853.0
535877.266622 5078448.57242 1327486937.0
535893.101264 5078435.5534 1327487082.0
535883.222163 5078412.16357 1327487510.0
535885.987862 5078376.95844 1327487566.0
535850.656297 5078338.1996 1327487689.0
535861.475682 5078293.04136 1327488135.0
535895.12019 5078288.01405 1327488209.0
535929.498511 5078263.54733 1327488295.0
535964.076477 5078244.85956 1327488520.0
535983.721998 5078217.41887 1327488613.0
536002.581495 5078178.30737 1327488710.0
536027.693339 5078145.45429 1327488828.0
536046.706655 5078106.67714 1327488923.0
536047.22966 5078056.79283 1327488978.0
536023.899444 5078010.10309 1327489031.0
536016.755088 5077956.95211 1327489096.0
536033.278599 5077905.8275 1327489154.0
536054.745916 5077859.0649 1327489218.0
536094.752014 5077828.632 1327489294.0
536136.40613 5077835.20781 1327489398.0
536135.120953 5077882.53219 1327489476.0
536144.818697 5077923.69856 1327489559.0
536164.811124 5077930.25941 1327489707.0
536189.02831 5077971.17727 1327489821.0
536211.508505 5077990.41908 1327489965.0
536225.379639 5078034.72099 1327490076.0
536254.212491 5078056.22224 1327490180.0
536284.198183 5078092.95214 1327490327.0
536297.881852 5078129.36449 1327490430.0
536315.773968 5078176.24565 1327490569.0
536356.901811 5078205.93031 1327490618.0
536362.527452 5078252.73969 1327490724.0
536385.778497 5078285.87515 1327490782.0
536403.971588 5078294.53728 1327490845.0
536430.769183 5078318.5829 1327491050.0
536421.921041 5078357.86307 1327491176.0
536426.022823 5078399.66371 1327491346.0
536446.069721 5078383.44871 1327491799.0
536444.049045 5078423.43565 1327492809.0
536409.225991 5078430.89742 1327492890.0
536406.584014 5078418.1045 1327493511.0
536445.651288 5078415.00087 1327493620.0
536420.350033 5078387.40852 1327493690.0
536394.783699 5078352.03716 1327493854.0
536408.787261 5078320.56479 1327494024.0
536403.293789 5078290.97785 1327494197.0
536364.7364 5078259.97465 1327494320.0
536345.022126 5078206.19397 1327494407.0
536309.210343 5078170.20738 1327494456.0
536289.970423 5078128.09598 1327494570.0
536282.295712 5078086.38565 1327494661.0
536246.404253 5078063.84301 1327494812.0
536222.880683 5078023.92894 1327495052.0
536203.148592 5077986.14815 1327495134.0
536175.006992 5077952.54044 1327495263.0
536147.869056 5077933.1605 1327495374.0
536137.088328 5077891.32116 1327495476.0
536133.775466 5077846.96989 1327495855.0
536099.279542 5077824.43627 1327496012.0
536056.34259 5077851.51886 1327496103.0
536034.57438 5077896.6131 1327496182.0
536018.195777 5077949.51626 1327496277.0
536025.664229 5078000.33587 1327496328.0
536042.773398 5078048.76716 1327496375.0
536049.082827 5078098.5801 1327496427.0
536027.554218 5078142.67579 1327496512.0
536001.009485 5078181.63147 1327496614.0
535977.705636 5078224.05041 1327496700.0
535951.44923 5078253.56381 1327496913.0
535908.2262 5078263.64627 1327497007.0
535870.663158 5078288.428 1327497074.0
535863.667684 5078316.71998 1327497158.0
535877.618155 5078361.02158 1327497244.0
535885.184132 5078408.50838 1327497311.0
535882.076615 5078435.71177 1327497405.0
535840.161814 5078448.02443 1327497512.0
535793.19105 5078435.19782 1327497582.0
535753.417203 5078426.30185 1327497660.0
535712.575637 5078414.06675 1327497722.0
535673.83784 5078413.95477 1327497787.0
535652.402104 5078456.05235 1327497854.0
535627.271782 5078492.68448 1327497907.0
535600.875452 5078533.53153 1327497982.0
535578.268547 5078576.95592 1327498046.0
535543.686484 5078610.42312 1327498110.0
535510.474063 5078648.78709 1327498219.0
535472.262775 5078679.01177 1327498287.0
535423.636212 5078670.84499 1327498368.0
535389.181721 5078641.42684 1327498460.0
535350.998903 5078612.32093 1327498546.0
535329.815499 5078583.42326 1327498610.0
535350.126327 5078547.5402 1327498669.0
535349.928616 5078500.54055 1327498727.0
535341.811168 5078467.38419 1327498845.0
535297.797258 5078439.57868 1327498904.0
535286.728429 5078392.96156 1327498972.0
535288.704496 5078345.8632 1327499028.0
535286.660052 5078309.51938 1327499102.0
535254.752706 5078282.22756 1327499163.0
535234.694749 5078300.89069 1327499319.0
535202.347295 5078337.37238 1327499375.0
535166.948064 5078378.17012 1327499413.0
535128.600005 5078418.84023 1327499503.0
535090.784901 5078447.7362 1327499553.0
535046.931442 5078473.70945 1327499664.0
535006.650516 5078499.48097 1327499715.0
534978.106064 5078467.76527 1327499767.0
534954.974757 5078425.96944 1327499816.0
534917.126019 5078392.09052 1327499860.0
534870.655656 5078372.7184 1327499899.0
534823.413298 5078366.34188 1327499949.0
534781.307836 5078343.77285 1327499983.0
534768.034756 5078288.03353 1327500492.0
534729.936318 5078256.82096 1327500529.0
534676.854346 5078267.19007 1327500581.0
534626.790819 5078265.35468 1327500619.0
534590.59699 5078240.48674 1327500675.0
534546.919238 5078221.13266 1327500767.0
534540.986299 5078185.21191 1327500848.0
534512.546568 5078175.83157 1327500940.0
534477.590559 5078165.52626 1327501031.0
534460.553163 5078129.98826 1327501085.0
534445.434797 5078098.34974 1327501157.0
534418.637885 5078072.64619 1327501220.0
534416.505132 5078023.30268 1327501273.0
534425.458496 5078004.79747 1327501333.0
534378.732311 5078016.75995 1327501380.0
534338.472283 5078052.75779 1327501433.0
534296.488623 5078077.63561 1327501478.0
534259.640417 5078114.54169 1327501533.0
534219.705127 5078148.20883 1327501581.0
534181.179906 5078179.66186 1327501626.0
534144.622097 5078220.45897 1327501679.0
534115.421403 5078264.63001 1327501722.0
534087.293898 5078311.36255 1327501772.0
534054.893492 5078358.73839 1327501818.0
534020.072854 5078394.54595 1327501864.0
533969.722819 5078416.82457 1327501907.0
533920.136266 5078427.33041 1327501957.0
533875.298523 5078449.63997 1327502010.0
533835.081222 5078478.86372 1327502053.0
533795.618168 5078512.20282 1327502125.0
533753.514984 5078545.75 1327502175.0
533706.597866 5078565.27177 1327502222.0
533661.902066 5078590.36131 1327502267.0
533621.99358 5078620.25476 1327502310.0
533584.393803 5078653.93862 1327502355.0
533587.472216 5078701.84255 1327502402.0
533591.77391 5078753.19745 1327502437.0
533575.4984 5078805.66302 1327502483.0
533563.567088 5078858.70769 1327502529.0
533519.907819 5078893.5813 1327502563.0
533474.304663 5078914.77852 1327502594.0
533438.088481 5078951.47063 1327502633.0
533397.349522 5078963.25052 1327502684.0
533349.986128 5078951.10696 1327502724.0
533329.129704 5078903.21861 1327502760.0
533304.01558 5078853.08531 1327502815.0
533256.139397 5078835.05103 1327502878.0
533243.160958 5078866.75808 1327502949.0
533222.26645 5078912.64444 1327502990.0
533191.179027 5078948.58773 1327503440.0
