534753.211979 5079048.48148 1338066422.0
534758.851835 5079039.40229 1338066462.0
534763.378824 5079034.98338 1338066502.0
534773.110219 5079029.92703 1338066542.0
534776.705444 5079039.39135 1338066582.0
534773.46996 5079048.81734 1338066622.0
534766.278908 5079057.6656 1338066662.0
534759.475361 5079066.62715 1338066702.0
534760.504098 5079076.96593 1338066742.0
534767.74314 5079087.22844 1338066782.0
534776.009937 5079094.1635 1338066822.0
534784.899553 5079100.76875 1338066862.0
534793.562527 5079106.26166 1338066902.0
534804.010762 5079111.76461 1338066942.0
534815.24892 5079114.82764 1338066982.0
534825.312766 5079119.66182 1338067022.0
534835.230724 5079122.82858 1338067062.0
534840.371336 5079133.52382 1338067102.0
534844.976085 5079142.88275 1338067142.0
534854.500894 5079146.9362 1338067182.0
534862.462034 5079152.98079 1338067222.0
534872.451913 5079157.14799 1338067262.0
534880.325395 5079164.96984 1338067302.0
534887.418279 5079173.56506 1338067342.0
534894.045423 5079182.15766 1338067382.0
534897.476372 5079193.17664 1338067422.0
534900.127983 5079204.74677 1338067462.0
534901.1502 5079216.19662 1338067502.0
534903.019342 5079228.87342 1338067542.0
534904.043427 5079239.98996 1338067582.0
534907.32159 5079250.56365 1338067622.0
534915.275031 5079257.94157 1338067662.0
534923.533919 5079266.21008 1338067702.0
534929.769061 5079275.46717 1338067742.0
534935.534088 5079285.49936 1338067782.0
534943.96068 5079291.54669 1338067822.0
534954.086188 5079285.38177 1338067862.0
534959.368641 5079284.63382 1338067902.0
534965.468035 5079276.66848 1338067942.0
534968.31874 5079266.68488 1338067982.0
534969.157631 5079255.57884 1338068022.0
534972.625541 5079246.26537 1338068062.0
534979.434851 5079236.30412 1338068102.0
534984.672977 5079229.66723 1338068142.0
534994.386685 5079227.72214 1338068182.0
534997.301272 5079220.18328 1338068222.0
535003.017072 5079211.43806 1338068262.0
535008.035568 5079202.46669 1338068302.0
535009.814135 5079189.92157 1338068342.0
535012.359491 5079179.0474 1338068382.0
535016.456003 5079168.40421 1338068422.0
535027.114447 5079164.13125 1338068462.0
535037.648797 5079168.07958 1338068502.0
535045.561647 5079168.90208 1338068542.0
535049.865944 5079162.70439 1338068582.0
535053.034229 5079151.50044 1338068622.0
535058.597444 5079142.30998 1338068662.0
535067.402504 5079136.35998 1338068702.0
535076.652549 5079134.07908 1338068742.0
535087.036082 5079137.24888 1338068782.0
535098.224758 5079135.31231 1338068822.0
535108.54073 5079136.70404 1338068862.0
535118.705235 5079137.42828 1338068902.0
535130.048532 5079135.60375 1338068942.0
535141.767337 5079136.00352 1338068982.0
535152.553434 5079136.62024 1338069022.0
535162.196027 5079133.56394 1338069062.0
535169.849502 5079125.3854 1338069102.0
535173.717241 5079114.07437 1338069142.0
535180.77502 5079101.44816 1338069182.0
535187.03075 5079093.37282 1338069222.0
535197.61624 5079088.32198 1338069262.0
535194.175666 5079079.0805 1338069302.0
535200.199202 5079070.89274 1338069342.0
535208.67192 5079068.82983 1338069382.0
535215.208528 5079065.97818 1338069422.0
535217.736567 5079071.88125 1338069462.0
535225.041812 5079070.36727 1338069502.0
535232.305445 5079062.51991 1338069542.0
535235.77512 5079052.98438 1338069582.0
535246.368934 5079046.48928 1338069622.0
535256.486294 5079041.88031 1338069662.0
535257.994611 5079036.00018 1338069702.0
535261.547018 5079025.57627 1338069742.0
535268.121005 5079016.16953 1338069782.0
535275.144933 5079009.54305 1338069822.0
535283.489718 5079002.70188 1338069862.0
535294.152432 5078997.76275 1338069902.0
535303.106206 5078993.03612 1338069942.0
535312.830519 5078989.31387 1338069982.0
535323.394757 5078988.04079 1338070022.0
535333.89975 5078983.54526 1338070062.0
535342.78419 5078977.37389 1338070102.0
535351.815654 5078972.64778 1338070142.0
535362.703734 5078969.04335 1338070182.0
535365.867608 5078958.72839 1338070222.0
535375.372464 5078952.67172 1338070262.0
535384.788297 5078948.61449 1338070302.0
535394.992428 5078942.45073 1338070342.0
535402.805686 5078947.16189 1338070382.0
535399.853478 5078947.58945 1338070422.0
535404.963257 5078949.95191 1338070462.0
535408.804867 5078943.30739 1338070502.0
535410.699561 5078937.76284 1338070542.0
535409.129153 5078927.30974 1338070582.0
535408.726264 5078916.30777 1338070622.0
535412.205812 5078905.10578 1338070662.0
535420.083878 5078898.48434 1338070702.0
535425.608483 5078896.18266 1338070742.0
535423.619487 5078891.06033 1338070782.0
535423.289797 5078880.83654 1338070822.0
535423.582367 5078870.39409 1338070862.0
535422.482787 5078859.05481 1338070902.0
535426.650211 5078849.74559 1338070942.0
535427.095495 5078839.74844 1338070982.0
535428.62498 5078830.20192 1338071022.0
535432.255413 5078819.77856 1338071062.0
535431.849378 5078809.33211 1338071102.0
535430.275794 5078799.43453 1338071142.0
535433.42398 5078791.89721 1338071182.0
535438.059755 5078782.14624 1338071222.0
535444.472659 5078773.84984 1338071262.0
535443.907577 5078764.06913 1338071302.0
535447.191348 5078759.97693 1338071342.0
535496.754461 5078712.92874 1338071382.0
535493.226302 5078719.01945 1338071422.0
535494.943614 5078717.36268 1338071462.0
535495.368651 5078710.92086 1338071502.0
535499.777431 5078700.16867 1338071542.0
535500.152851 5078688.83784 1338071582.0
535504.478937 5078678.97404 1338071622.0
535513.368438 5078672.02519 1338071662.0
535522.406844 5078666.18828 1338071702.0
535522.54879 5078654.96721 1338071742.0
535525.561013 5078644.09593 1338071782.0
535524.688084 5078633.86902 1338071822.0
535522.311583 5078628.63333 1338071862.0
535532.046155 5078623.24486 1338071902.0
535541.391334 5078618.07639 1338071942.0
535546.867921 5078610.66358 1338071982.0
535552.490852 5078604.80713 1338072022.0
535554.801317 5078594.48737 1338072062.0
535556.460812 5078589.38594 1338072102.0
535560.306627 5078582.07489 1338072142.0
535560.956334 5078577.07878 1338072182.0
535565.478496 5078573.66039 1338072222.0
535569.944715 5078566.46402 1338072262.0
535579.129015 5078562.29465 1338072302.0
535584.888138 5078559.77223 1338072342.0
535590.376949 5078550.24849 1338072382.0
535591.367821 5078539.92117 1338072422.0
535597.631665 5078530.6241 1338072462.0
535599.531116 5078524.30187 1338072502.0
535599.262722 5078516.96722 1338072542.0
535605.182258 5078513.55689 1338072582.0
535611.267271 5078508.36979 1338072622.0
535619.505458 5078506.75051 1338072662.0
535617.600504 5078500.51754 1338072702.0
535620.498938 5078495.97878 1338072742.0
535631.003702 5078491.70596 1338072782.0
535637.963117 5078482.96847 1338072822.0
535644.438249 5078477.45032 1338072862.0
535641.609431 5078469.87873 1338072902.0
535642.030161 5078464.21466 1338072942.0
535637.25358 5078457.85405 1338072982.0
535648.432159 5078457.91834 1338073022.0
535656.704939 5078450.2995 1338073062.0
535660.939103 5078442.99075 1338073102.0
535667.143685 5078444.02643 1338073142.0
535675.090642 5078439.07232 1338073182.0
535678.236745 5078431.97954 1338073222.0
535680.12991 5078426.76837 1338073262.0
535676.584539 5078422.30366 1338073302.0
535676.614597 5078417.08177 1338073342.0
535682.720233 5078408.33941 1338073382.0
535685.465417 5078403.46648 1338073422.0
535686.367547 5078408.58263 1338073462.0
535691.685604 5078415.27971 1338073502.0
535701.751846 5078419.78199 1338073542.0
535705.44734 5078425.13645 1338073582.0
535705.632041 5078420.02656 1338073622.0
535710.638098 5078413.50005 1338073662.0
535715.927794 5078411.6417 1338073702.0
535726.944153 5078412.92738 1338073742.0
535733.849343 5078413.63383 1338073782.0
535743.524848 5078418.57836 1338073822.0
535749.139254 5078427.72157 1338073862.0
535756.610906 5078424.43144 1338073902.0
535761.987271 5078434.46215 1338073942.0
535764.508006 5078441.58759 1338073982.0
535764.702427 5078448.25517 1338074022.0
535770.278901 5078450.50951 1338074062.0
535775.522379 5078443.20667 1338074102.0
535784.557517 5078438.03676 1338074142.0
535791.829005 5078442.52306 1338074182.0
535780.944878 5078445.23791 1338074222.0
535786.134487 5078447.26781 1338074262.0
535795.870216 5078441.76864 1338074302.0
535805.953031 5078443.38239 1338074342.0
535814.853425 5078448.10034 1338074382.0
535825.117813 5078445.15976 1338074422.0
535835.341098 5078449.32984 1338074462.0
535840.130333 5078453.46852 1338074502.0
535845.041528 5078449.94148 1338074542.0
535855.74085 5078452.33663 1338074582.0
535865.525332 5078451.8377 1338074622.0
535868.52972 5078455.85497 1338074662.0
535871.433504 5078450.42749 1338074702.0
535876.331856 5078449.12255 1338074742.0
535881.621573 5078447.26434 1338074782.0
535887.281426 5078448.5193 1338074822.0
535891.216064 5078452.76417 1338074862.0
535895.887323 5078450.45797 1338074902.0
535897.862801 5078444.46959 1338074942.0
535900.413222 5078433.04027 1338074982.0
535903.414626 5078424.16904 1338075022.0
535898.471437 5078419.8072 1338075062.0
535900.318697 5078409.15156 1338075102.0
535899.521402 5078399.36946 1338075142.0
535899.640861 5078392.14815 1338075182.0
535896.993312 5078380.13319 1338075222.0
535900.235992 5078369.81895 1338075262.0
535897.341798 5078373.57985 1338075302.0
535893.466727 5078372.44633 1338075342.0
535889.603879 5078369.20184 1338075382.0
535884.781161 5078370.84053 1338075422.0
535887.528451 5078365.63437 1338075462.0
535886.036109 5078368.62564 1338075502.0
535884.437395 5078363.17211 1338075542.0
535880.058781 5078355.147 1338075582.0
535872.488305 5078348.65894 1338075622.0
535870.695263 5078336.53782 1338075662.0
535870.807616 5078330.53865 1338075702.0
535862.773888 5078323.60349 1338075742.0
535865.827845 5078319.06574 1338075782.0
535865.158098 5078314.06202 1338075822.0
535864.41522 5078308.28012 1338075862.0
535869.173209 5078304.41889 1338075902.0
535868.058252 5078295.85714 1338075942.0
535862.427826 5078289.49143 1338075982.0
535866.098349 5078285.735 1338076022.0
535871.674935 5078287.98943 1338076062.0
535876.80438 5078287.01915 1338076102.0
535876.80438 5078287.01915 1338076142.0
535878.541849 5078281.91825 1338076182.0
535877.847027 5078281.24758 1338076222.0
535877.847027 5078281.24758 1338076262.0
535882.060144 5078291.04945 1338076302.0
535892.367713 5078294.10904 1338076342.0
535891.700558 5078288.6609 1338076382.0
535899.690776 5078289.70714 1338076422.0
535905.064702 5078286.73836 1338076462.0
535908.98102 5078280.76123 1338076502.0
535907.957904 5078269.75564 1338076542.0
535912.475331 5078267.22634 1338076582.0
535923.103753 5078268.51011 1338076622.0
535923.369488 5078262.84516 1338076662.0
535922.67982 5078261.28566 1338076702.0
535922.369294 5078261.28386 1338076742.0
535911.891616 5078260.77871 1338076782.0
535903.038406 5078261.28296 1338076822.0
535897.610636 5078260.14045 1338076862.0
535890.48076 5078257.98811 1338076902.0
535887.060469 5078258.74606 1338076942.0
535887.245967 5078253.52507 1338076982.0
535889.479913 5078256.53792 1338077022.0
535889.479913 5078256.53792 1338077062.0
535890.998447 5078262.43542 1338077102.0
535891.572748 5078257.10557 1338077142.0
535893.254907 5078261.55962 1338077182.0
535900.315512 5078262.26716 1338077222.0
535909.055686 5078267.87317 1338077262.0
535917.714351 5078274.14537 1338077302.0
535925.3512 5078269.18979 1338077342.0
535930.178517 5078266.7734 1338077382.0
535935.687772 5078267.24977 1338077422.0
535934.971363 5078256.9126 1338077462.0
535944.197276 5078259.07714 1338077502.0
535950.490585 5078258.22478 1338077542.0
535955.447403 5078260.25347 1338077582.0
535959.046169 5078255.49671 1338077622.0
535963.27373 5078249.41032 1338077662.0
535969.244275 5078250.66715 1338077702.0
535975.157177 5078248.47931 1338077742.0
535980.911594 5078246.8461 1338077782.0
535979.799359 5078237.83992 1338077822.0
535980.296752 5078232.39853 1338077862.0
535983.271918 5078228.0826 1338077902.0
535988.281002 5078221.11189 1338077942.0
535986.979319 5078217.99332 1338077982.0
535986.979319 5078217.99332 1338078022.0
535986.979319 5078217.99332 1338078062.0
535986.979319 5078217.99332 1338078102.0
535986.71417 5078223.54717 1338078142.0
535994.064691 5078227.81194 1338078182.0
536000.40192 5078219.40456 1338078222.0
536002.70294 5078210.86263 1338078262.0
536007.765165 5078208.11434 1338078302.0
536006.401993 5078202.21772 1338078342.0
536006.388256 5078191.21797 1338078382.0
536006.945236 5078188.88795 1338078422.0
536012.897587 5078179.92281 1338078462.0
536016.955783 5078176.27983 1338078502.0
536017.868491 5078166.17433 1338078542.0
536014.821928 5078156.04583 1338078582.0
536020.463789 5078147.07889 1338078622.0
536025.681985 5078144.22042 1338078662.0
536029.148346 5078148.90709 1338078702.0
536034.823945 5078147.49568 1338078742.0
536039.219838 5078139.18816 1338078782.0
536043.67141 5078134.65863 1338078822.0
536048.781625 5078137.02161 1338078862.0
536052.87412 5078127.49015 1338078902.0
536057.126418 5078117.18187 1338078942.0
536059.754245 5078105.86417 1338078982.0
536057.264726 5078093.40563 1338079022.0
536057.559672 5078082.741 1338079062.0
536057.463217 5078072.62964 1338079102.0
536058.840516 5078062.74907 1338079142.0
536052.521055 5078054.71256 1338079182.0
536046.754062 5078045.12376 1338079222.0
536044.719314 5078034.5567 1338079262.0
536044.546494 5078024.22268 1338079302.0
536039.08806 5078014.969 1338079342.0
536031.75669 5078007.37106 1338079382.0
536023.419277 5077999.21174 1338079422.0
536021.229849 5077988.53268 1338079462.0
536023.772923 5077978.43667 1338079502.0
536025.15406 5077967.88946 1338079542.0
536023.278392 5077956.65669 1338079582.0
536026.830743 5077946.56654 1338079622.0
536030.22977 5077936.14217 1338079662.0
536035.95336 5077926.50908 1338079702.0
536034.302855 5077916.6109 1338079742.0
536034.11774 5077908.38786 1338079782.0
536037.206902 5077897.85059 1338079822.0
536041.922558 5077887.98942 1338079862.0
536046.247463 5077878.57042 1338079902.0
536049.264191 5077867.14388 1338079942.0
536055.134744 5077858.95605 1338079982.0
536058.4265 5077853.64203 1338080022.0
536063.487747 5077851.116 1338080062.0
536072.759481 5077845.50345 1338080102.0
536078.115121 5077845.75684 1338080142.0
536084.121604 5077840.90306 1338080182.0
536087.335758 5077835.5886 1338080222.0
536096.667059 5077833.08746 1338080262.0
536100.753997 5077824.55597 1338080302.0
536110.384219 5077824.05652 1338080342.0
536115.031435 5077825.97242 1338080382.0
536118.783256 5077821.66108 1338080422.0
536128.958239 5077820.94262 1338080462.0
536135.099983 5077819.53402 1338080502.0
536137.212939 5077829.99045 1338080542.0
536124.203547 5077837.46995 1338080582.0
536129.04934 5077845.27573 1338080622.0
536131.582211 5077850.29033 1338080662.0
536134.107954 5077856.52709 1338080702.0
536134.231493 5077861.97208 1338080742.0
536134.031534 5077869.63735 1338080782.0
536134.836961 5077877.97512 1338080822.0
536136.263476 5077886.31651 1338080862.0
536139.65356 5077890.78058 1338080902.0
536133.570739 5077895.41164 1338080942.0
536135.082094 5077889.19842 1338080982.0
536136.291889 5077894.76085 1338081022.0
536134.002879 5077901.19176 1338081062.0
536129.065186 5077909.16273 1338081102.0
536135.692653 5077917.64554 1338081142.0
536137.35595 5077925.32167 1338081182.0
536139.183582 5077931.44325 1338081222.0
536133.604177 5077929.633 1338081262.0
536139.644862 5077932.22369 1338081302.0
536140.522078 5077941.56185 1338081342.0
536145.616221 5077946.7025 1338081382.0
536151.609054 5077944.18197 1338081422.0
536162.314974 5077945.57771 1338081462.0
536161.72889 5077939.57448 1338081502.0
536159.674856 5077932.3405 1338081542.0
536159.757677 5077931.45212 1338081582.0
536161.979944 5077936.46493 1338081622.0
536164.437059 5077941.14579 1338081662.0
536159.984613 5077945.78633 1338081702.0
536162.131184 5077950.46538 1338081742.0
536167.245398 5077952.16183 1338081782.0
536170.400572 5077956.95787 1338081822.0
536178.508836 5077964.4494 1338081862.0
536184.3929 5077967.26144 1338081902.0
536187.058441 5077962.83269 1338081942.0
536187.20528 5077964.27795 1338081982.0
536187.948553 5077969.94878 1338082022.0
536189.62604 5077975.18064 1338082062.0
536195.445429 5077975.77015 1338082102.0
536195.561774 5077982.43729 1338082142.0
536193.887974 5077989.87174 1338082182.0
536197.983161 5077993.22888 1338082222.0
536203.429932 5077991.14964 1338082262.0
536203.208058 5077989.25952 1338082302.0
536207.378928 5077992.95043 1338082342.0
536204.7348 5077993.71274 1338082382.0
536205.63462 5077999.16228 1338082422.0
536204.828422 5078004.26852 1338082462.0
536207.101245 5078000.61524 1338082502.0
536208.030267 5078001.0651 1338082542.0
536207.171092 5078001.94894 1338082582.0
536213.194151 5078007.53951 1338082622.0
536213.194151 5078007.53951 1338082662.0
536213.686965 5078016.20879 1338082702.0
536218.454218 5078024.12529 1338082742.0
536222.976221 5078034.15141 1338082782.0
536225.744436 5078038.723 1338082822.0
536227.191567 5078043.50909 1338082862.0
536229.930553 5078053.08036 1338082902.0
536234.398911 5078058.99519 1338082942.0
536239.837842 5078058.24923 1338082982.0
536245.699051 5078064.94997 1338083022.0
536251.436818 5078066.20571 1338083062.0
536254.036734 5078072.99848 1338083102.0
536260.742786 5078081.25968 1338083142.0
536258.829237 5078076.58196 1338083182.0
536256.693832 5078070.01412 1338083222.0
536256.596402 5078060.12496 1338083262.0
536261.420112 5078058.37545 1338083302.0
536269.783138 5078062.09094 1338083342.0
536274.857569 5078070.56482 1338083382.0
536276.691522 5078075.5754 1338083422.0
536268.880031 5078083.75166 1338083462.0
536276.629101 5078086.24137 1338083502.0
536285.673873 5078092.84967 1338083542.0
536294.199261 5078095.34395 1338083582.0
536302.325412 5078099.72474 1338083622.0
536306.158283 5078108.08027 1338083662.0
536302.892472 5078108.95001 1338083702.0
536300.322761 5078110.26825 1338083742.0
536301.058754 5078117.16124 1338083782.0
536295.826743 5078122.35267 1338083822.0
536290.910478 5078126.65708 1338083862.0
536293.464568 5078128.00533 1338083902.0
536297.593 5078138.91806 1338083942.0
536301.25562 5078149.82807 1338083982.0
536298.506587 5078155.25625 1338084022.0
536300.321422 5078150.26703 1338084062.0
536294.48269 5078153.01053 1338084102.0
536290.735495 5078156.54404 1338084142.0
536299.176654 5078160.14892 1338084182.0
536303.581551 5078163.61905 1338084222.0
536311.39382 5078168.55356 1338084262.0
536317.252894 5078175.58767 1338084302.0
536322.246276 5078184.61666 1338084342.0
536322.83348 5078190.3977 1338084382.0
536331.801069 5078196.89451 1338084422.0
536340.774501 5078202.3914 1338084462.0
536348.727623 5078209.77114 1338084502.0
536354.977381 5078216.36316 1338084542.0
536362.235691 5078223.0722 1338084582.0
536359.846118 5078233.3912 1338084622.0
536362.841823 5078238.85306 1338084662.0
536365.986919 5078245.31576 1338084702.0
536366.799148 5078252.43143 1338084742.0
536364.097748 5078262.97082 1338084782.0
536368.184838 5078267.66132 1338084822.0
536372.737058 5078272.46567 1338084862.0
536374.64459 5078278.14336 1338084902.0
536379.089821 5078287.94694 1338084942.0
536380.780073 5078277.73494 1338084982.0
536390.292849 5078283.90171 1338085022.0
536393.595113 5078290.03203 1338085062.0
536393.595113 5078290.03203 1338085102.0
536393.595113 5078290.03203 1338085142.0
536393.595113 5078290.03203 1338085182.0
536395.975583 5078294.49032 1338085222.0
536403.167218 5078299.31019 1338085262.0
536404.842473 5078304.87542 1338085302.0
536408.440256 5078300.34113 1338085342.0
536412.126731 5078307.14036 1338085382.0
536415.731651 5078314.60576 1338085422.0
536422.865856 5078315.98098 1338085462.0
536420.975296 5078320.6364 1338085502.0
536415.691832 5078321.38311 1338085542.0
536408.23993 5078321.22822 1338085582.0
536413.285278 5078321.36897 1338085622.0
536410.983115 5078316.80002 1338085662.0
536405.39761 5078316.10057 1338085702.0
536399.913861 5078324.51255 1338085742.0
536396.704904 5078328.93802 1338085782.0
536392.03532 5078330.91054 1338085822.0
536390.37507 5078336.01175 1338085862.0
536390.402472 5078344.56721 1338085902.0
536391.683049 5078351.2412 1338085942.0
536397.446609 5078361.27475 1338085982.0
536402.758726 5078368.86127 1338086022.0
536408.002988 5078374.78079 1338086062.0
536411.240609 5078378.68858 1338086102.0
536410.657384 5078385.46273 1338086142.0
536414.589097 5078390.15236 1338086182.0
536419.931199 5078392.62812 1338086222.0
536423.16619 5078396.98034 1338086262.0
536430.049124 5078401.4651 1338086302.0
536435.724589 5078400.05406 1338086342.0
536441.544864 5078400.4216 1338086382.0
536445.36963 5078396.88864 1338086422.0
536452.012471 5078402.59421 1338086462.0
536453.756134 5078409.71536 1338086502.0
536456.514344 5078402.73179 1338086542.0
536463.002715 5078395.10352 1338086582.0
536467.128865 5078393.12786 1338086622.0
536462.382984 5078394.87766 1338086662.0
536455.432102 5078401.94767 1338086702.0
536448.008271 5078410.2371 1338086742.0
536446.183588 5078416.89284 1338086782.0
536440.349611 5078418.85848 1338086822.0
536435.588082 5078423.27479 1338086862.0
536425.943086 5078426.44023 1338086902.0
536421.459511 5078423.19175 1338086942.0
536412.396441 5078419.80527 1338086982.0
536403.993524 5078422.97803 1338087022.0
536393.380463 5078419.13804 1338087062.0
536394.514895 5078424.25566 1338087102.0
536394.18611 5078427.36475 1338087142.0
536397.178426 5078433.38214 1338087182.0
536395.051125 5078425.48099 1338087222.0
536393.265647 5078425.47051 1338087262.0
536392.682446 5078432.24466 1338087302.0
536387.717426 5078431.65997 1338087342.0
536387.717426 5078431.65997 1338087382.0
536395.190073 5078428.25951 1338087422.0
536395.466674 5078420.81691 1338087462.0
536400.684819 5078417.95875 1338087502.0
536405.531105 5078425.54254 1338087542.0
536412.044148 5078426.9141 1338087582.0
536420.152214 5078421.07302 1338087622.0
