534743.593641 5079088.75961 1346909284.0
534733.941453 5079079.70578 1346909285.0
534733.941453 5079079.70578 1346909286.0
534739.725045 5079086.51576 1346909356.0
534737.821889 5079079.83864 1346909357.0
534729.454154 5079090.9025 1346909376.0
534739.471004 5079090.292 1346909410.0
534741.32107 5079078.74718 1346909488.0
534741.486279 5079076.97038 1346909489.0
534745.297444 5079061.77001 1346909500.0
534749.616465 5079052.90562 1346909510.0
534755.581131 5079041.27277 1346909523.0
534765.18033 5079032.10469 1346909539.0
534770.647836 5079039.9129 1346909555.0
534770.484488 5079041.35638 1346909556.0
534763.544705 5079060.76128 1346909578.0
534760.934585 5079069.41303 1346909588.0
534762.820891 5079079.08997 1346909595.0
534769.078284 5079084.45824 1346909601.0
534775.404557 5079091.38241 1346909607.0
534783.757692 5079096.76246 1346909617.0
534784.45628 5079096.76639 1346909618.0
534802.560928 5079107.31216 1346909635.0
534810.611025 5079111.35725 1346909642.0
534819.124338 5079115.84939 1346909649.0
534826.078982 5079121.44385 1346909659.0
534832.407027 5079128.03477 1346909666.0
534840.134102 5079134.30024 1346909674.0
534847.470559 5079141.00795 1346909681.0
534847.930034 5079142.12161 1346909682.0
534861.3741 5079153.19689 1346909694.0
534869.573713 5079158.24287 1346909702.0
534877.460955 5079163.62042 1346909709.0
534882.852459 5079171.09499 1346909730.0
534888.473055 5079179.23749 1346909740.0
534892.304001 5079188.14767 1346909745.0
534892.842335 5079189.03956 1346909746.0
534897.407542 5079205.3981 1346909757.0
534900.685735 5079215.97179 1346909766.0
534902.967382 5079224.31772 1346909774.0
534904.077223 5079233.99033 1346909780.0
534907.445527 5079242.34238 1346909791.0
534913.225645 5079249.70806 1346909799.0
534917.058389 5079258.28494 1346909804.0
534922.058535 5079266.31287 1346909809.0
534923.212799 5079268.0971 1346909810.0
534933.305698 5079281.48692 1346909824.0
534940.256919 5079287.63703 1346909831.0
534949.874102 5079289.02456 1346909843.0
534959.183942 5079289.85484 1346909851.0
534968.969523 5079288.91009 1346909860.0
534977.839991 5079285.07139 1346909869.0
534976.622403 5079294.50867 1346909882.0
534977.471816 5079295.29121 1346909883.0
534991.299645 5079307.0356 1346909900.0
534997.078975 5079314.51245 1346909909.0
535002.856409 5079322.32262 1346909919.0
535007.937776 5079329.68444 1346909928.0
535013.091727 5079337.93553 1346909938.0
535017.312993 5079346.40357 1346909948.0
535017.851923 5079347.18437 1346909949.0
535025.907586 5079363.89606 1346909978.0
535029.586123 5079372.24994 1346909987.0
535034.433308 5079379.83267 1346909996.0
535038.660171 5079387.30078 1346910054.0
535040.88594 5079391.75768 1346910055.0
535049.204501 5079403.13772 1346910071.0
535054.437837 5079411.05597 1346910081.0
535061.696116 5079417.7635 1346910091.0
535069.892699 5079423.25417 1346910101.0
535079.108351 5079426.9729 1346910111.0
535087.616632 5079432.24314 1346910122.0
535088.46727 5079432.80349 1346910123.0
535102.374715 5079444.10415 1346910142.0
535109.328733 5079449.69894 1346910150.0
535116.430415 5079456.62786 1346910159.0
535122.600684 5079463.55152 1346910175.0
535128.223846 5079471.13872 1346910184.0
535128.76212 5079472.03064 1346910185.0
535133.714566 5079488.39156 1346910199.0
535136.925295 5079497.07617 1346910206.0
535140.057768 5079505.87145 1346910216.0
535143.501326 5079514.55739 1346910223.0
535146.47792 5079523.46289 1346910231.0
535150.698245 5079532.04213 1346910239.0
535155.543263 5079539.95827 1346910247.0
535156.080897 5079540.96129 1346910248.0
535167.097289 5079555.57893 1346910265.0
535174.043554 5079562.50704 1346910275.0
535172.207947 5079571.38524 1346910290.0
535173.163329 5079580.83483 1346910304.0
535173.496528 5079590.5031 1346910315.0
535173.492744 5079591.16972 1346910316.0
535180.929899 5079607.32258 1346910335.0
535188.660438 5079612.81076 1346910344.0
535195.295524 5079619.84824 1346910355.0
535205.062317 5079622.12589 1346910366.0
535214.604468 5079622.95787 1346910379.0
535215.070154 5079622.96052 1346910380.0
535233.206018 5079627.61904 1346910409.0
535241.954951 5079631.44647 1346910427.0
535250.713987 5079633.49624 1346910452.0
535253.975683 5079633.18148 1346910453.0
535261.109241 5079634.44426 1346910490.0
535270.497403 5079635.05323 1346910491.0
535280.190327 5079636.66393 1346910510.0
535289.806264 5079638.1631 1346910527.0
535290.427178 5079638.16664 1346910528.0
535306.121448 5079649.03351 1346910554.0
535310.497958 5079657.39154 1346910565.0
535318.078793 5079661.87906 1346910581.0
535325.963104 5079667.59051 1346910591.0
535326.578313 5079668.59399 1346910592.0
535341.986706 5079675.12612 1346910606.0
535350.187138 5079679.83943 1346910615.0
535359.248917 5079683.22438 1346910625.0
535368.560652 5079683.61086 1346910637.0
535378.097614 5079685.33193 1346910665.0
535386.009762 5079686.15487 1346910666.0
535389.627139 5079691.50871 1346910693.0
535398.146855 5079694.6684 1346910696.0
535407.048915 5079698.83026 1346910710.0
535411.735707 5079707.19013 1346910720.0
535419.864148 5079710.90316 1346910732.0
535421.332449 5079712.02263 1346910733.0
535430.831229 5079720.41003 1346910748.0
535436.470301 5079725.10882 1346910773.0
535443.811767 5079730.70621 1346910774.0
535445.88825 5079734.05132 1346910789.0
535455.577161 5079736.32892 1346910791.0
535456.972923 5079736.55912 1346910806.0
535465.238716 5079743.38402 1346910807.0
535473.35499 5079749.20809 1346910823.0
535480.300059 5079756.24766 1346910839.0
535484.673712 5079765.05023 1346910851.0
535494.36829 5079766.32795 1346910861.0
535502.353476 5079767.92921 1346910868.0
535504.053949 5079769.16115 1346910869.0
535519.540158 5079775.58306 1346910888.0
535529.319333 5079775.63914 1346910900.0
535535.884532 5079781.23219 1346910926.0
535535.372335 5079789.34012 1346910952.0
535535.325176 5079797.56184 1346910953.0
535534.150426 5079772.33361 1346910981.0
535534.644645 5079780.89175 1346911021.0
535536.034658 5079782.12191 1346911022.0
535544.160377 5079786.27952 1346911038.0
535553.702236 5079787.11202 1346911087.0
535554.238509 5079788.33729 1346911088.0
535570.70062 5079786.98738 1346911104.0
535579.86526 5079785.92893 1346911117.0
535584.239389 5079794.62047 1346911129.0
535585.863503 5079795.62977 1346911148.0
535592.817967 5079801.0029 1346911149.0
535602.489482 5079806.28054 1346911162.0
535611.802298 5079806.44518 1346911172.0
535617.770767 5079807.81278 1346911202.0
535626.728105 5079802.30889 1346911203.0
535634.10254 5079802.12909 1346911242.0
535642.272913 5079798.50953 1346911243.0
535652.347797 5079801.12298 1346911259.0
535660.133318 5079796.94569 1346911266.0
535668.841882 5079794.21812 1346911275.0
535675.171982 5079786.69924 1346911285.0
535684.633653 5079787.97591 1346911296.0
535689.087167 5079796.33466 1346911301.0
535697.650763 5079791.82858 1346911317.0
535698.583391 5079791.61173 1346911318.0
535714.603025 5079799.70383 1346911340.0
535724.301348 5079800.31529 1346911349.0
535732.702692 5079797.0305 1346911431.0
535734.215845 5079803.81682 1346911432.0
535743.486356 5079811.31453 1346911488.0
535749.422736 5079818.23747 1346911500.0
535750.039785 5079818.90768 1346911501.0
535761.450038 5079832.19538 1346911520.0
535768.943102 5079838.34957 1346911530.0
535776.436151 5079844.50378 1346911537.0
535781.441765 5079851.31027 1346911556.0
535791.209911 5079853.25553 1346911567.0
535792.132905 5079854.70527 1346911568.0
535807.403112 5079858.12675 1346911581.0
535816.327149 5079858.40055 1346911590.0
535825.712999 5079859.34369 1346911599.0
535831.061765 5079860.4857 1346911618.0
535840.776696 5079858.20863 1346911629.0
535841.79143 5079857.21453 1346911630.0
535858.296957 5079861.75436 1346911684.0
535867.365275 5079863.91791 1346911706.0
535870.839776 5079867.04905 1346911707.0
535878.528848 5079879.53767 1346911728.0
535877.869351 5079886.20033 1346911752.0
535886.83942 5079891.91879 1346911753.0
535893.163617 5079898.84412 1346911764.0
535898.711691 5079905.76496 1346911774.0
535900.492879 5079906.44193 1346911775.0
535908.725116 5079918.93374 1346911807.0
535913.332165 5079927.51576 1346911822.0
535917.630047 5079935.87378 1346911833.0
535923.051187 5079937.90515 1346911846.0
535927.998929 5079941.26709 1346911847.0
535933.394282 5079947.74264 1346911872.0
535941.881144 5079956.4583 1346911876.0
535944.932693 5079965.58686 1346911895.0
535946.275521 5079974.92773 1346911915.0
535946.038823 5079975.593 1346911916.0
535953.160478 5079992.18942 1346911941.0
535961.120107 5079998.12435 1346911949.0
535969.247842 5080001.8381 1346911956.0
535978.147792 5080006.22299 1346911964.0
535987.229412 5080006.05353 1346911974.0
535996.308449 5080006.32849 1346911980.0
535997.854186 5080007.44855 1346911981.0
536015.549183 5080007.5514 1346911999.0
536022.404673 5080003.14694 1346912022.0
536031.864654 5080004.64636 1346912025.0
536040.261365 5080002.13972 1346912034.0
536050.271077 5080002.53129 1346912050.0
536051.123491 5080002.75847 1346912051.0
536069.260871 5080006.86393 1346912075.0
536078.194392 5080005.47155 1346912096.0
536087.350391 5080005.85821 1346912108.0
536096.897026 5080005.80272 1346912118.0
536097.437057 5080006.3614 1346912119.0
536105.677829 5080017.29802 1346912154.0
536113.873996 5080022.56787 1346912157.0
536123.72003 5080024.40301 1346912167.0
536132.394789 5080027.45352 1346912175.0
536142.105686 5080025.84354 1346912187.0
536142.572639 5080025.62405 1346912188.0
536157.818245 5080033.15726 1346912214.0
536162.971371 5080041.18712 1346912226.0
536165.710168 5080050.64729 1346912247.0
536178.910205 5080049.61329 1346912270.0
536179.45282 5080049.72757 1346912271.0
536196.507999 5080053.04933 1346912306.0
536206.213679 5080052.3283 1346912315.0
536216.062238 5080053.71916 1346912352.0
536221.103579 5080054.30418 1346912353.0
536222.324235 5080044.64491 1346912364.0
536221.483829 5080055.6397 1346912398.0
536226.590432 5080058.33615 1346912449.0
536233.206694 5080055.0416 1346912450.0
536243.991102 5080055.66023 1346912461.0
536250.62842 5080062.03223 1346912487.0
536255.23619 5080070.3923 1346912500.0
536260.155682 5080078.53199 1346912515.0
536260.772 5080079.31335 1346912516.0
536269.864781 5080090.47739 1346912548.0
536274.257893 5080095.72519 1346912571.0
536275.211502 5080105.17497 1346912583.0
536275.59564 5080105.84386 1346912584.0
536278.18115 5080128.19173 1346912624.0
536285.207534 5080121.12197 1346912650.0
536285.209486 5080120.78865 1346912651.0
536287.175566 5080103.13398 1346912696.0
536295.742441 5080098.0732 1346912706.0
536297.585377 5080088.19538 1346912722.0
536297.199287 5080087.85979 1346912723.0
536297.428068 5080075.30592 1346912765.0
536298.099067 5080066.75453 1346912767.0
536295.203959 5080057.51559 1346912774.0
536294.296736 5080053.39928 1346912796.0
536300.688025 5080048.77019 1346912797.0
536305.474274 5080039.90959 1346912822.0
536312.588925 5080044.28451 1346912823.0
536310.683862 5080038.2735 1346912878.0
536316.012096 5080029.63831 1346912879.0
536323.807562 5080023.79528 1346912912.0
536323.477495 5080013.90473 1346912934.0
536321.593278 5080004.33838 1346912956.0
536321.594581 5080004.11617 1346912957.0
536315.4822 5079987.63634 1346913001.0
536313.07955 5079987.06672 1346913100.0
536316.320175 5079977.08599 1346913101.0
536317.501912 5079974.093 1346913156.0
536313.597203 5079964.95925 1346913157.0
536310.911568 5079972.94329 1346913225.0
536314.759508 5079978.52124 1346913226.0
536310.293944 5079972.38412 1346913245.0
536303.181161 5079967.6759 1346913257.0
536309.899381 5079973.49289 1346913324.0
536315.058224 5079980.52294 1346913325.0
536322.476863 5079986.01073 1346913395.0
536314.324565 5079986.51848 1346913414.0
536320.183741 5079979.99745 1346913482.0
536319.733063 5079977.43932 1346913483.0
536319.672294 5079961.32829 1346913499.0
536317.239571 5079952.6476 1346913513.0
536319.235196 5079943.21512 1346913524.0
536325.410072 5079935.80708 1346913545.0
536325.287424 5079930.25096 1346913546.0
536333.891711 5079918.85728 1346913564.0
536336.660222 5079909.98488 1346913571.0
536340.821828 5079901.78729 1346913581.0
536342.198571 5079892.01786 1346913590.0
536345.584736 5079883.70462 1346913599.0
536345.250782 5079874.48069 1346913603.0
536354.487833 5079874.31267 1346913616.0
536355.73483 5079873.43112 1346913617.0
536366.67803 5079860.27349 1346913635.0
536369.818365 5079854.18098 1346913639.0
536374.058968 5079845.76167 1346913643.0
536383.079541 5079842.81472 1346913656.0
536388.856743 5079837.07103 1346913664.0
536391.082085 5079828.19546 1346913672.0
536390.751456 5079818.41601 1346913677.0
536391.690633 5079817.08823 1346913678.0
536410.413419 5079814.08721 1346913716.0
536409.222556 5079805.41378 1346913725.0
536407.411445 5079796.6256 1346913756.0
536407.421892 5079794.84793 1346913757.0
536409.201188 5079782.6365 1346913773.0
536404.439485 5079774.0532 1346913780.0
536410.456791 5079767.08875 1346913788.0
536409.116569 5079757.41448 1346913796.0
536409.636441 5079748.19556 1346913805.0
536404.159873 5079742.38576 1346913811.0
536401.882403 5079733.70595 1346913817.0
536401.502171 5079732.37042 1346913818.0
536394.224869 5079715.99478 1346913843.0
536391.642142 5079706.42432 1346913860.0
536390.146649 5079696.74914 1346913869.0
536386.30708 5079689.72678 1346913878.0
536385.309196 5079687.83208 1346913879.0
536376.315158 5079673.0019 1346913894.0
536374.582225 5079664.10308 1346913904.0
536370.203885 5079656.29981 1346913910.0
536372.199026 5079646.97845 1346913921.0
536371.788783 5079637.53186 1346913927.0
536370.12888 5079629.41123 1346913935.0
536373.125191 5079621.42904 1346913947.0
536373.292161 5079619.43008 1346913948.0
536378.189068 5079605.01479 1346913968.0
536378.867395 5079595.24126 1346913976.0
536380.625156 5079586.69627 1346913985.0
536380.371454 5079577.02838 1346913995.0
536376.853348 5079568.11908 1346914009.0
536376.082415 5079567.22569 1346914010.0
536378.117385 5079551.12697 1346914022.0
536373.742229 5079542.76819 1346914030.0
536373.627438 5079535.87882 1346914050.0
536375.227367 5079527.77732 1346914054.0
536375.668934 5079518.66906 1346914058.0
536373.551786 5079509.10134 1346914064.0
536375.004316 5079499.66569 1346914082.0
536375.16281 5079499.11108 1346914083.0
536388.636059 5079491.41263 1346914116.0
536397.953258 5079490.91182 1346914120.0
536405.504871 5079487.06741 1346914126.0
536409.277456 5079479.0898 1346914131.0
536415.686396 5079471.57212 1346914138.0
536417.51402 5079464.36084 1346914165.0
536422.122128 5079459.49918 1346914166.0
536434.623616 5079458.68381 1346914208.0
536437.937743 5079449.48134 1346914256.0
536438.340201 5079447.03933 1346914257.0
536445.795478 5079433.19468 1346914274.0
536450.727826 5079426.00167 1346914286.0
536449.379741 5079417.66064 1346914290.0
536450.754789 5079408.22455 1346914297.0
536449.725665 5079398.44099 1346914305.0
536455.744034 5079391.36549 1346914312.0
536461.765032 5079383.84557 1346914320.0
536461.4611 5079382.7327 1346914321.0
536466.515588 5079367.98508 1346914339.0
536469.283868 5079359.22385 1346914345.0
536473.290118 5079351.13654 1346914355.0
536473.342439 5079342.24821 1346914359.0
536480.284456 5079336.51146 1346914368.0
536484.987336 5079328.76159 1346914375.0
536494.534371 5079328.81782 1346914383.0
536495.547334 5079328.15714 1346914384.0
536503.368061 5079318.20349 1346914398.0
536510.004896 5079311.57611 1346914405.0
536516.327043 5079318.83538 1346914409.0
536524.872915 5079317.55246 1346914414.0
536533.571407 5079316.71488 1346914420.0
536541.355517 5079312.9831 1346914426.0
536551.055192 5079313.48475 1346914437.0
536560.35104 5079316.65061 1346914446.0
536561.361389 5079316.43436 1346914447.0
536577.641562 5079319.86368 1346914469.0
536586.386843 5079324.24853 1346914477.0
536594.109762 5079317.73876 1346914487.0
536603.252971 5079320.45936 1346914497.0
536612.346784 5079318.40204 1346914506.0
536622.055639 5079317.34833 1346914514.0
536623.294905 5079317.80009 1346914515.0
536637.989171 5079326.88671 1346914533.0
536646.027295 5079332.71186 1346914542.0
536653.468056 5079321.42285 1346914560.0
536659.091463 5079328.67814 1346914578.0
536659.240783 5079329.679 1346914579.0
536666.150152 5079342.60841 1346914609.0
536665.894249 5079333.38493 1346914613.0
536673.604748 5079328.98624 1346914623.0
536686.991907 5079335.95419 1346914638.0
536689.83746 5079340.41536 1346914642.0
536703.427156 5079352.49552 1346914660.0
536710.368061 5079346.98123 1346914671.0
536717.46619 5079341.13457 1346914678.0
536721.706948 5079332.82659 1346914693.0
536731.082277 5079335.65987 1346914703.0
536731.47366 5079335.10665 1346914704.0
536750.017798 5079336.32769 1346914745.0
536753.523134 5079334.23742 1346914762.0
536761.940828 5079328.39863 1346914763.0
536768.731191 5079322.10577 1346914775.0
536769.896125 5079322.00157 1346914776.0
536782.681374 5079325.74402 1346914822.0
536787.385962 5079317.77217 1346914838.0
536793.094983 5079310.58405 1346914839.0
536799.966975 5079303.62505 1346914851.0
536804.670282 5079295.87542 1346914863.0
536813.236052 5079291.25977 1346914876.0
536820.796754 5079285.9715 1346914888.0
536821.421005 5079285.41967 1346914901.0
536826.051355 5079276.89187 1346914902.0
536832.692546 5079269.59821 1346914921.0
536834.642266 5079268.05429 1346914935.0
536838.266241 5079259.07608 1346914937.0
536840.806201 5079249.647 1346914959.0
536841.431779 5079248.87296 1346914972.0
536843.821794 5079238.55412 1346914973.0
536845.735529 5079230.01018 1346914993.0
536844.70303 5079220.89318 1346914995.0
536840.066334 5079217.42126 1346915030.0
536841.676197 5079207.76444 1346915050.0
536849.246274 5079200.92075 1346915051.0
536855.731672 5079193.7373 1346915063.0
536861.211329 5079185.99233 1346915073.0
536870.471246 5079182.15864 1346915084.0
536875.564815 5079174.07806 1346915099.0
536876.058306 5079169.41446 1346915123.0
536883.239705 5079162.67961 1346915124.0
536885.235766 5079153.35842 1346915136.0
536885.443916 5079144.47101 1346915161.0
536889.369918 5079136.93904 1346915165.0
536896.473086 5079130.31484 1346915182.0
536905.579851 5079126.14697 1346915219.0
536906.12452 5079125.928 1346915220.0
536910.710573 5079111.84459 1346915256.0
536918.657694 5079106.89207 1346915264.0
536918.899162 5079105.44911 1346915299.0
536923.061403 5079097.36302 1346915300.0
536929.239819 5079089.62227 1346915326.0
536930.098287 5079088.84963 1346915355.0
536936.897691 5079081.1126 1346915356.0
536938.273548 5079071.67662 1346915363.0
536938.354481 5079071.12156 1346915364.0
536948.909559 5079058.40706 1346915406.0
536951.046418 5079051.5311 1346915432.0
536954.202966 5079042.8835 1346915433.0
536955.395122 5079038.22407 1346915470.0
536959.719324 5079029.02789 1346915471.0
536960.662054 5079027.14468 1346915490.0
536965.60526 5079018.28552 1346915491.0
536970.929963 5079010.53973 1346915503.0
536971.323377 5079009.65321 1346915504.0
536981.003563 5079000.489 1346915530.0
536984.931096 5078992.73488 1346915562.0
536988.947536 5078983.09245 1346915563.0
536990.272425 5078982.2115 1346915577.0
536995.367638 5078973.90881 1346915578.0
536994.997433 5078970.90668 1346915594.0
536998.320604 5078960.37126 1346915595.0
537005.808886 5078954.30503 1346915621.0
537006.122695 5078953.75136 1346915633.0
537006.805384 5078943.42239 1346915634.0
537006.687957 5078937.08853 1346915661.0
537008.834872 5078928.54604 1346915662.0
537017.256673 5078922.15207 1346915695.0
537020.009994 5078916.05758 1346915733.0
537019.443431 5078906.94334 1346915734.0
537017.273292 5078906.37483 1346915772.0
537008.363178 5078903.54391 1346915774.0
536999.827906 5078902.93741 1346915821.0
536997.58014 5078902.36845 1346915822.0
536994.944898 5078888.68643 1346915849.0
536991.091567 5078883.99689 1346915880.0
536984.847141 5078876.73759 1346915882.0
536984.078196 5078875.51082 1346915883.0
536984.780084 5078861.95983 1346916056.0
536985.889407 5078871.18841 1346916068.0
536992.306328 5078875.55993 1346916139.0
536995.177748 5078875.68818 1346916140.0
536982.002243 5078872.16519 1346916748.0
536978.097843 5078876.03067 1346916749.0
536976.229505 5078863.90875 1346916870.0
536961.28849 5078857.04203 1346916886.0
536955.353837 5078849.89572 1346916897.0
536947.771837 5078845.62841 1346916910.0
536941.039721 5078842.03282 1346916939.0
536930.958494 5078840.30611 1346916940.0
536924.136159 5078838.82105 1346916958.0
536914.68055 5078836.32035 1346916965.0
536908.632467 5078835.17324 1346916987.0
536899.722863 5078832.23138 1346916992.0
536891.839566 5078826.40683 1346917006.0
536891.219893 5078826.18092 1346917007.0
536878.463422 5078817.43857 1346917029.0
536873.13509 5078812.74033 1346917052.0
536864.548494 5078807.68939 1346917057.0
536864.163674 5078807.13156 1346917082.0
536854.076424 5078806.40491 1346917083.0
536844.439066 5078808.34755 1346917111.0
536840.906638 5078801.88229 1346917121.0
536834.975756 5078794.06948 1346917142.0
536828.524306 5078795.47554 1346917170.0
536824.137319 5078789.11631 1346917171.0
536814.704036 5078782.83822 1346917250.0
536809.471068 5078775.14069 1346917251.0
536811.238877 5078765.04036 1346917270.0
536810.747635 5078756.25992 1346917327.0
536803.554869 5078751.77288 1346917328.0
536801.459642 5078751.64933 1346917361.0
536794.751747 5078743.94305 1346917362.0
536788.883866 5078738.57503 1346917418.0
536783.952098 5078732.43482 1346917419.0
536773.767974 5078734.92986 1346917456.0
536771.660875 5078736.80619 1346917493.0
536761.962287 5078735.9709 1346917494.0
536752.030162 5078735.24534 1346917514.0
536750.471061 5078736.34718 1346917537.0
536745.065487 5078744.64822 1346917538.0
536736.671395 5078746.37618 1346917579.0
536731.848737 5078748.01421 1346917580.0
536721.933087 5078744.5111 1346917638.0
536713.215335 5078748.45934 1346917639.0
536711.185885 5078750.33615 1346917672.0
536704.024605 5078753.62697 1346917673.0
536697.388946 5078759.92083 1346917717.0
536692.064378 5078767.66686 1346917728.0
536689.681026 5078776.87471 1346917740.0
536689.289612 5078777.42793 1346917741.0
536683.666406 5078783.17225 1346917800.0
536680.197612 5078779.04073 1346917826.0
536678.458265 5078771.25288 1346917827.0
536669.964202 5078763.64727 1346917850.0
536672.035055 5078754.77089 1346917881.0
536670.531197 5078746.54 1346917898.0
536670.854847 5078744.31976 1346917899.0
536672.479678 5078732.1075 1346917924.0
536672.961868 5078729.33266 1346917946.0
536673.786121 5078721.22666 1346917965.0
536674.231451 5078711.5629 1346917966.0
536673.225602 5078711.00141 1346918015.0
536672.741391 5078700.99883 1346918016.0
536669.67908 5078693.7587 1346918136.0
536663.024923 5078690.05277 1346918137.0
536662.281524 5078684.49297 1346918184.0
536658.920517 5078675.25113 1346918206.0
536663.630682 5078666.39036 1346918207.0
536659.955216 5078657.81331 1346918263.0
536658.221065 5078649.13664 1346918275.0
536658.478261 5078645.02716 1346918276.0
536658.388726 5078633.91584 1346918326.0
536659.374797 5078624.69972 1346918328.0
536658.782697 5078619.80747 1346918367.0
536652.229077 5078612.21337 1346918368.0
536642.930241 5078609.38069 1346918573.0
536642.624987 5078608.49002 1346918574.0
536630.517771 5078607.97402 1346918639.0
536622.438632 5078608.92624 1346918640.0
536616.790883 5078605.67074 1346918674.0
536607.463146 5078607.72669 1346918679.0
536597.898597 5078610.4479 1346918736.0
536597.199952 5078610.44377 1346918737.0
536587.716745 5078599.3881 1346918783.0
536582.951726 5078591.24909 1346918805.0
536583.11354 5078590.13897 1346918806.0
536581.117934 5078573.12768 1346918882.0
536579.885073 5078571.5649 1346918883.0
536576.28575 5078563.21056 1346918951.0
536571.523966 5078554.51605 1346918952.0
536581.585835 5078546.46455 1346919004.0
536590.378786 5078542.96101 1346919054.0
536590.623477 5078540.96251 1346919055.0
536582.135788 5078545.35672 1346919174.0
536582.358835 5078547.02465 1346919175.0
536586.39132 5078534.60438 1346919299.0
536591.782426 5078528.74749 1346919318.0
536591.915812 5078519.3041 1346919327.0
536590.421624 5078509.40668 1346919344.0
536594.351591 5078501.2079 1346919385.0
536597.865214 5078497.7843 1346919386.0
536599.490612 5078485.46093 1346919454.0
536601.389133 5078479.47232 1346919455.0
536602.311945 5078467.81144 1346919490.0
536604.075557 5078458.37769 1346919520.0
536604.312382 5078457.71244 1346919521.0
536599.634087 5078448.01842 1346919573.0
536591.515818 5078442.4151 1346919592.0
536586.842976 5078444.94299 1346919593.0
536575.409184 5078448.65317 1346919627.0
536567.048173 5078444.71506 1346919685.0
536562.452973 5078447.24343 1346919686.0
536566.734754 5078432.04692 1346919746.0
536570.08003 5078430.84447 1346919747.0
536580.068399 5078422.12589 1346919787.0
536580.818213 5078413.46391 1346919816.0
536580.904368 5078412.02001 1346919817.0
536594.292525 5078392.87739 1346919894.0
536594.207679 5078394.09907 1346919897.0
536580.643433 5078390.46355 1346919970.0
536570.850917 5078392.29459 1346919971.0
536569.200746 5078382.50737 1346920002.0
536570.60792 5078380.84905 1346920033.0
536576.40303 5078372.32794 1346920034.0
536572.96212 5078363.41901 1346920060.0
536571.125217 5078358.96386 1346920089.0
536562.560975 5078363.13543 1346920124.0
536561.936656 5078363.68729 1346920125.0
536551.855206 5078361.8501 1346920198.0
536537.227964 5078367.31925 1346920261.0
536529.139361 5078369.82705 1346920262.0
536518.261316 5078371.42956 1346920298.0
536509.07936 5078375.04203 1346920308.0
536502.438268 5078382.22492 1346920317.0
536495.953105 5078389.29763 1346920332.0
536494.406394 5078388.28856 1346920333.0
536479.84578 5078395.64706 1346920345.0
536472.663297 5078402.49348 1346920354.0
536463.099802 5078404.99269 1346920365.0
536454.921232 5078409.61111 1346920377.0
536445.742637 5078412.66815 1346920517.0
536443.809735 5078411.32349 1346920518.0
536433.704727 5078426.70807 1346920554.0
536425.136102 5078431.65755 1346920574.0
536424.557509 5078424.43215 1346920620.0
536422.41 5078419.97521 1346920621.0
536413.122475 5078428.36483 1346920657.0
536404.375146 5078424.09135 1346920700.0
536402.301989 5078420.1904 1346920701.0
536392.506314 5078422.57725 1346920752.0
536401.884477 5078425.1878 1346921321.0
536402.194995 5078425.18963 1346921322.0
536415.863006 5078424.38105 1346921409.0
536421.300335 5078423.85746 1346921410.0
536430.980512 5078427.91424 1346921472.0
536431.679177 5078427.91835 1346921473.0
536437.290804 5078410.95184 1346921485.0
536443.700206 5078403.5453 1346921496.0
536447.528119 5078412.67865 1346921653.0
536447.754474 5078413.79106 1346921654.0
536450.123346 5078393.80558 1346921692.0
536440.42745 5078392.41527 1346921741.0
536435.812016 5078398.38796 1346921742.0
536441.29183 5078390.64263 1346921876.0
536444.028476 5078387.32548 1346921878.0
536438.050217 5078400.62327 1346921890.0
536438.050217 5078400.62327 1346921890.0
