534767.103493 5079118.22388 1413609939.0
534760.12511 5079116.85144 1413609942.0
534758.630032 5079106.62115 1413609949.0
534753.623935 5079099.59329 1413609954.0
534745.473738 5079099.54759 1413609959.0
534739.264064 5079099.51277 1413609966.0
534738.105979 5079098.3952 1413609973.0
534737.71912 5079098.17082 1413609979.0
534739.317008 5079090.06892 1413610008.0
534738.9806 5079080.8451 1413610014.0
534739.416667 5079072.29226 1413610019.0
534741.01581 5079063.96816 1413610024.0
534745.485082 5079055.99347 1413610029.0
534748.86704 5079048.12379 1413610034.0
534751.625542 5079040.69505 1413610039.0
534752.811675 5079036.81294 1413610046.0
534760.990001 5079031.85897 1413610051.0
534770.155604 5079030.79931 1413610056.0
534773.774524 5079036.04168 1413610063.0
534769.852917 5079043.24167 1413610068.0
534766.472799 5079050.77802 1413610073.0
534762.780957 5079058.53484 1413610078.0
534760.40557 5079066.85458 1413610082.0
534756.246772 5079074.831 1413610086.0
534755.032601 5079083.7128 1413610092.0
534760.26721 5079091.5197 1413610099.0
534768.396846 5079095.23186 1413610105.0
534774.575349 5079100.82191 1413610110.0
534781.533167 5079105.8608 1413610115.0
534786.181062 5079107.55351 1413610122.0
534787.505606 5079106.67208 1413610126.0
534787.727241 5079108.67326 1413610134.0
534787.727241 5079108.67326 1413610135.0
534796.793278 5079111.50186 1413610154.0
534804.376401 5079115.76653 1413610159.0
534809.774275 5079122.12999 1413610165.0
534817.66661 5079126.61864 1413610171.0
534823.923906 5079131.98696 1413610177.0
534831.426867 5079136.69566 1413610183.0
534837.2078 5079143.95015 1413610189.0
534843.768046 5079150.65349 1413610195.0
534851.121977 5079154.25029 1413610200.0
534858.47965 5079157.18048 1413610205.0
534863.24397 5079165.76257 1413610210.0
534869.031091 5079171.90606 1413610215.0
534875.209426 5079177.49621 1413610221.0
534880.451934 5079183.85885 1413610227.0
534883.930443 5079186.43391 1413610234.0
534884.470654 5079186.99249 1413610236.0
534887.398314 5079190.89774 1413610244.0
534890.998272 5079199.4733 1413610248.0
534893.905274 5079207.04499 1413610251.0
534897.115239 5079215.95168 1413610256.0
534899.855098 5079225.63348 1413610260.0
534903.448133 5079235.43119 1413610264.0
534904.952326 5079243.99495 1413610268.0
534911.356528 5079250.8086 1413610272.0
534913.019073 5079258.81772 1413610276.0
534916.856194 5079266.61688 1413610282.0
534921.466362 5079274.97594 1413610289.0
534926.474004 5079281.67062 1413610296.0
534927.628889 5079283.34375 1413610303.0
534925.694686 5079282.22177 1413610310.0
534926.474004 5079281.67062 1413610313.0
534926.858966 5079282.22833 1413610325.0
534926.858966 5079282.22833 1413610326.0
534934.234616 5079281.93659 1413610336.0
534937.326833 5079284.17617 1413610343.0
534937.858887 5079286.17911 1413610350.0
534938.479836 5079286.18261 1413610357.0
534938.467306 5079288.4047 1413610364.0
534945.459244 5079287.33305 1413610371.0
534947.405975 5079286.23295 1413610378.0
534947.405975 5079286.23295 1413610380.0
534952.870613 5079280.70839 1413610394.0
534953.252439 5079281.82162 1413610401.0
534953.252439 5079281.82162 1413610402.0
534958.487365 5079275.74023 1413610409.0
534963.035016 5079267.65503 1413610415.0
534965.405587 5079260.22419 1413610420.0
534970.879671 5079253.03309 1413610426.0
534975.192616 5079245.27989 1413610433.0
534979.893667 5079237.52889 1413610440.0
534982.252352 5079232.20904 1413610447.0
534984.212907 5079228.66466 1413610454.0
534986.696725 5079228.67868 1413610461.0
534987.963729 5079224.24153 1413610468.0
534991.611839 5079224.26213 1413610475.0
534993.555461 5079223.71757 1413610482.0
534993.555461 5079223.71757 1413610484.0
534999.035884 5079215.41545 1413610505.0
535004.123831 5079207.88886 1413610509.0
535007.661906 5079199.9091 1413610514.0
535013.142369 5079191.60699 1413610520.0
535018.21905 5079186.08029 1413610527.0
535022.125161 5079181.65806 1413610534.0
535028.344175 5079180.0266 1413610541.0
535031.458394 5079178.37759 1413610548.0
535031.852776 5079177.26874 1413610555.0
535035.516619 5079174.51177 1413610572.0
535041.22686 5079166.76652 1413610575.0
535045.706503 5079157.01438 1413610577.0
535051.022387 5079150.37798 1413610581.0
535053.135105 5079147.39003 1413610588.0
535055.31476 5079146.29128 1413610595.0
535063.100685 5079142.11324 1413610610.0
535068.958057 5079135.81325 1413610616.0
535076.728282 5079134.41283 1413610620.0
535085.418634 5079135.01757 1413610624.0
535090.070831 5079135.93277 1413610631.0
535092.249238 5079135.05625 1413610638.0
535098.462025 5079134.5359 1413610645.0
535107.397825 5079132.9199 1413610651.0
535116.325445 5079132.74827 1413610658.0
535121.336145 5079138.8876 1413610663.0
535124.78372 5079146.90689 1413610668.0
535132.930707 5079147.50862 1413610675.0
535141.265699 5079142.33382 1413610681.0
535149.670762 5079138.49272 1413610685.0
535157.066768 5079134.64591 1413610692.0
535163.306672 5079129.34815 1413610699.0
535170.716572 5079123.05706 1413610705.0
535177.344603 5079117.76151 1413610711.0
535178.538559 5079112.54623 1413610718.0
535179.709179 5079111.4418 1413610722.0
535180.101698 5079110.66627 1413610743.0
535180.101698 5079110.66627 1413610744.0
535187.116593 5079105.59515 1413610757.0
535194.130868 5079100.63514 1413610761.0
535199.603463 5079093.77755 1413610766.0
535203.13933 5079086.24231 1413610772.0
535207.035536 5079083.59786 1413610779.0
535211.100877 5079078.51 1413610786.0
535215.995434 5079077.76006 1413610793.0
535215.616799 5079076.0913 1413610800.0
535217.576273 5079072.7692 1413610807.0
535224.983137 5079067.0337 1413610814.0
535231.226326 5079061.18049 1413610818.0
535238.2489 5079054.77617 1413610823.0
535242.951687 5079046.80316 1413610829.0
535248.41996 5079040.72334 1413610836.0
535254.668885 5079033.87021 1413610843.0
535262.460146 5079028.80359 1413610849.0
535267.934777 5079021.61275 1413610854.0
535271.082024 5079014.18644 1413610859.0
535278.098367 5079008.89321 1413610865.0
535283.414626 5079002.25702 1413610870.0
535287.724971 5078995.05956 1413610876.0
535295.048042 5078990.43474 1413610883.0
535303.064029 5078986.81385 1413610890.0
535310.438155 5078986.85587 1413610897.0
535319.372326 5078985.57349 1413610904.0
535327.144066 5078983.95117 1413610908.0
535332.173686 5078986.75754 1413610915.0
535335.134739 5078984.77449 1413610922.0
535342.440116 5078983.26064 1413610929.0
535350.850591 5078978.53098 1413610935.0
535356.715384 5078971.00912 1413610938.0
535360.645329 5078962.47625 1413610941.0
535363.409676 5078954.15894 1413610945.0
535361.88892 5078948.59488 1413610952.0
535360.71697 5078949.92149 1413610959.0
535359.156271 5078951.35698 1413610966.0
535359.311517 5078951.35787 1413610968.0
535366.937576 5078948.06815 1413611067.0
535376.637263 5078948.67906 1413611071.0
535384.755941 5078954.2808 1413611075.0
535393.839711 5078953.99935 1413611080.0
535396.800166 5078952.12743 1413611087.0
535397.195895 5078950.7964 1413611094.0
535401.886905 5078944.93448 1413611149.0
535405.031813 5078937.95267 1413611156.0
535405.048951 5078934.95286 1413611163.0
535403.124244 5078932.16417 1413611170.0
535403.121071 5078932.71969 1413611177.0
535402.351187 5078931.60421 1413611184.0
535403.14646 5078928.27552 1413611191.0
535403.692996 5078927.72311 1413611195.0
535408.621342 5078921.0848 1413611205.0
535412.928713 5078914.44295 1413611210.0
535419.016351 5078908.70014 1413611215.0
535420.36008 5078904.48573 1413611222.0
535418.584266 5078902.80897 1413611229.0
535418.196149 5078902.80675 1413611235.0
535417.312292 5078894.46862 1413611245.0
535416.591934 5078884.68702 1413611249.0
535415.867764 5078875.57205 1413611254.0
535418.234577 5078868.91912 1413611261.0
535416.347953 5078859.46418 1413611268.0
535414.998342 5078851.12339 1413611272.0
535416.451452 5078841.35422 1413611278.0
535415.720926 5078833.35029 1413611283.0
535417.664708 5078832.80586 1413611290.0
535422.509169 5078827.27816 1413611297.0
535424.332636 5078820.62213 1413611304.0
535425.13746 5078815.62688 1413611311.0
535423.379405 5078810.8392 1413611318.0
535425.579568 5078806.18525 1413611325.0
535430.665188 5078799.21454 1413611331.0
535434.436915 5078791.23635 1413611338.0
535435.024758 5078783.46218 1413611344.0
535432.715068 5078780.11574 1413611351.0
535433.125426 5078776.22932 1413611358.0
535433.895324 5078777.3448 1413611365.0
535437.044796 5078769.58527 1413611416.0
535442.907981 5078762.3968 1413611421.0
535448.538304 5078755.207 1413611426.0
535451.142521 5078747.77768 1413611433.0
535454.278046 5078742.46245 1413611440.0
535462.181854 5078744.95204 1413611445.0
535465.183757 5078735.85839 1413611451.0
535467.140291 5078733.09189 1413611458.0
535466.760429 5078731.64532 1413611463.0
535465.204738 5078732.19196 1413611471.0
535465.204738 5078732.19196 1413611472.0
535465.983537 5078731.75198 1413611492.0
535466.373573 5078731.42089 1413611493.0
535471.232781 5078723.33784 1413611498.0
535477.472729 5078718.1515 1413611502.0
535482.013189 5078711.51103 1413611506.0
535488.410319 5078705.99228 1413611510.0
535494.498865 5078700.13844 1413611514.0
535499.818799 5078692.94691 1413611519.0
535507.766576 5078687.77038 1413611525.0
535505.873663 5078679.42646 1413611530.0
535510.155838 5078677.22884 1413611537.0
535515.217463 5078674.48015 1413611544.0
535515.257575 5078667.4806 1413611551.0
535514.760032 5078659.47799 1413611558.0
535515.739302 5078651.15053 1413611565.0
535518.11904 5078642.27555 1413611572.0
535520.88055 5078634.51384 1413611578.0
535517.807314 5078628.94084 1413611585.0
535524.011095 5078630.08748 1413611592.0
535524.787364 5078630.09193 1413611599.0
535533.342243 5078627.36328 1413611631.0
535541.673807 5078622.96674 1413611634.0
535551.62599 5078620.24613 1413611638.0
535555.545583 5078613.60216 1413611645.0
535555.182944 5078609.15577 1413611652.0
535556.122756 5078607.71676 1413611659.0
535556.122756 5078607.71676 1413611660.0
535556.356912 5078607.49589 1413611708.0
535556.356912 5078607.49589 1413611709.0
535561.829063 5078600.86083 1413611726.0
535566.531329 5078593.11027 1413611729.0
535572.002228 5078586.69743 1413611732.0
535575.538191 5078579.27351 1413611736.0
535577.913575 5078571.17628 1413611740.0
535584.398131 5078563.99151 1413611746.0
535590.025605 5078557.35736 1413611752.0
535589.297177 5078549.02011 1413611756.0
535586.775011 5078542.11695 1413611763.0
535590.930765 5078534.91881 1413611770.0
535599.308212 5078536.078 1413611773.0
535598.690379 5078535.51892 1413611780.0
535596.61548 5078531.84044 1413611787.0
535597.541912 5078532.73463 1413611794.0
535602.969495 5078533.87688 1413611801.0
535605.720307 5078528.00398 1413611808.0
535607.833501 5078525.01621 1413611815.0
535610.177029 5078522.4742 1413611822.0
535611.613917 5078515.59378 1413611829.0
535612.803879 5078511.15631 1413611836.0
535612.024403 5078511.70737 1413611843.0
535617.889947 5078504.18575 1413611881.0
535626.064563 5078500.12175 1413611884.0
535633.474403 5078494.05343 1413611887.0
535638.946735 5078487.41843 1413611894.0
535636.003235 5078486.29043 1413611901.0
535638.96143 5078484.86304 1413611908.0
535638.962707 5078484.64083 1413611912.0
535639.506108 5078484.64396 1413612004.0
535639.506108 5078484.64396 1413612005.0
535641.497939 5078475.7668 1413612028.0
535645.656995 5078468.01318 1413612033.0
535647.2575 5078459.68931 1413612040.0
535649.995604 5078456.0385 1413612047.0
535648.469863 5078451.36321 1413612054.0
535653.951835 5078443.06166 1413612060.0
535658.651137 5078435.8667 1413612064.0
535663.35045 5078428.67174 1413612068.0
535668.586786 5078422.59095 1413612072.0
535672.726726 5078418.17047 1413612079.0
535677.947091 5078414.86729 1413612086.0
535681.068264 5078412.10756 1413612093.0
535683.245091 5078411.56456 1413612100.0
535683.633239 5078411.56679 1413612101.0
535683.413143 5078409.34337 1413612110.0
535683.6697 5078405.23386 1413612117.0
535683.6697 5078405.23386 1413612120.0
535685.210139 5078407.35378 1413612210.0
535685.987715 5078407.13604 1413612213.0
535687.685972 5078408.81243 1413612220.0
535690.612226 5078412.94027 1413612227.0
535695.400945 5078417.18994 1413612234.0
535695.633833 5078417.19128 1413612239.0
535702.213144 5078420.56241 1413612247.0
535708.455508 5078415.04298 1413612254.0
535711.184066 5078413.05877 1413612261.0
535712.340187 5078414.50983 1413612268.0
535713.504631 5078414.51654 1413612275.0
535716.066407 5078414.5313 1413612285.0
535721.422847 5078414.56217 1413612292.0
535723.365507 5078414.24004 1413612299.0
535723.363586 5078414.57335 1413612301.0
535729.436626 5078411.49734 1413612309.0
535737.19318 5078412.65314 1413612316.0
535742.441238 5078418.01657 1413612323.0
535748.396283 5078421.93969 1413612330.0
535752.649881 5078424.74191 1413612337.0
535747.562315 5078431.93457 1413612342.0
535750.256912 5078435.83888 1413612349.0
535758.015355 5078436.66139 1413612356.0
535757.96087 5078446.10523 1413612363.0
535754.080693 5078445.86063 1413612370.0
535756.791304 5078446.98734 1413612377.0
535759.44935 5078457.22459 1413612383.0
535755.524313 5078464.75727 1413612386.0
535750.828123 5078471.39664 1413612392.0
535755.868871 5078472.31458 1413612399.0
535765.977291 5078469.4841 1413612402.0
535769.096553 5078467.05773 1413612409.0
535766.818979 5078458.15597 1413612415.0
535765.311278 5078450.36973 1413612422.0
535773.242274 5078448.19335 1413612426.0
535778.265721 5078452.11112 1413612433.0
535781.627505 5078448.01954 1413612440.0
535785.852845 5078455.71037 1413612445.0
535790.492624 5078458.84817 1413612452.0
535797.624868 5078460.55598 1413612459.0
535806.406573 5078458.94009 1413612465.0
535813.579258 5078453.64837 1413612472.0
535810.310492 5078455.07388 1413612479.0
535810.310492 5078455.07388 1413612484.0
535810.084024 5078453.96149 1413612493.0
535809.928766 5078453.9606 1413612494.0
535819.234624 5078455.68099 1413612502.0
535823.122498 5078454.59238 1413612509.0
535832.813286 5078456.87055 1413612514.0
535841.111884 5078458.25183 1413612518.0
535848.746519 5078453.62946 1413612523.0
535849.52281 5078453.63395 1413612530.0
535842.91984 5078454.37351 1413612537.0
535842.526554 5078455.2601 1413612543.0
535842.91984 5078454.37351 1413612552.0
535842.917912 5078454.70683 1413612553.0
535843.694203 5078454.71132 1413612606.0
535843.694203 5078454.71132 1413612607.0
535844.861852 5078454.16253 1413612669.0
535844.86378 5078453.82922 1413612670.0
535853.009692 5078454.7652 1413612682.0
535858.699113 5078450.90934 1413612689.0
535862.389468 5078443.70869 1413612695.0
535870.713799 5078440.64585 1413612698.0
535876.154278 5078439.56626 1413612705.0
535875.764202 5078439.89733 1413612709.0
535876.777884 5078439.12544 1413612739.0
535876.778527 5078439.01434 1413612740.0
535881.427922 5078440.48565 1413612747.0
535886.098543 5078438.29054 1413612754.0
535886.643878 5078437.96037 1413612759.0
535887.264912 5078437.96397 1413612824.0
535887.266199 5078437.74176 1413612825.0
535888.247931 5078429.08104 1413612854.0
535886.748094 5078419.96153 1413612860.0
535884.703559 5078411.06107 1413612865.0
535882.034763 5078402.71254 1413612870.0
535878.979741 5078394.02845 1413612877.0
535880.578647 5078386.03796 1413612884.0
535885.026068 5078382.17493 1413612891.0
535889.939275 5078378.31461 1413612898.0
535893.458363 5078373.89068 1413612905.0
535891.148762 5078370.54408 1413612912.0
535886.924135 5078362.74207 1413612918.0
535886.566862 5078357.40684 1413612925.0
535885.403694 5078357.17789 1413612932.0
535887.360534 5078354.41152 1413612939.0
535888.165787 5078349.41634 1413612946.0
535889.36241 5078343.86788 1413612953.0
535888.194736 5078344.41666 1413612960.0
535888.964608 5078345.5322 1413612965.0
535888.190233 5078345.19439 1413612981.0
535888.190233 5078345.19439 1413612982.0
535886.638911 5078344.96319 1413612991.0
535886.406019 5078344.96184 1413612992.0
535885.086302 5078344.9542 1413613019.0
535885.086302 5078344.9542 1413613020.0
535884.156666 5078344.6155 1413613033.0
535884.156666 5078344.6155 1413613034.0
535885.525916 5078336.06813 1413613041.0
535884.786919 5078329.61961 1413613048.0
535886.74827 5078326.07551 1413613055.0
535887.142856 5078324.96672 1413613061.0
535885.745504 5078324.95863 1413613074.0
535885.745504 5078324.95863 1413613075.0
535883.290266 5078319.94457 1413613118.0
535879.863128 5078308.48064 1413613121.0
535878.751402 5078299.36337 1413613123.0
535879.187793 5078291.03282 1413613129.0
535880.365123 5078288.81748 1413613136.0
535879.980183 5078288.25972 1413613139.0
535879.985328 5078287.37088 1413613149.0
535879.985328 5078287.37088 1413613150.0
535886.174594 5078291.07327 1413613159.0
535894.322645 5078291.67599 1413613165.0
535901.718839 5078288.05227 1413613172.0
535908.723023 5078285.09294 1413613179.0
535910.659297 5078285.88191 1413613186.0
535903.676995 5078285.06371 1413613193.0
535899.788999 5078286.15226 1413613200.0
535899.160228 5078287.48191 1413613206.0
535899.935896 5078287.59751 1413613226.0
535899.935896 5078287.59751 1413613227.0
535903.672489 5078285.84143 1413613269.0
535906.415327 5078281.41302 1413613276.0
535909.913239 5078280.65553 1413613283.0
535910.689551 5078280.66002 1413613290.0
535915.751678 5078277.91166 1413613311.0
535922.382534 5078272.3947 1413613317.0
535924.192525 5078268.1831 1413613324.0
535924.740453 5078267.40852 1413613330.0
535930.56925 5078266.33123 1413613357.0
535936.776544 5078266.92276 1413613364.0
535936.782986 5078265.81172 1413613371.0
535936.782986 5078265.81172 1413613373.0
535940.298949 5078261.94333 1413613383.0
535946.134198 5078259.75502 1413613390.0
535953.677345 5078257.57662 1413613396.0
535957.402371 5078257.82044 1413613403.0
535957.40366 5078257.59823 1413613409.0
535957.565368 5078256.48809 1413613417.0
535958.185132 5078256.7139 1413613418.0
535964.942301 5078256.19757 1413613425.0
535971.780327 5078255.12617 1413613432.0
535971.005301 5078254.89946 1413613439.0
535967.282208 5078254.32232 1413613446.0
535966.350629 5078254.31691 1413613453.0
535971.014973 5078253.2329 1413613460.0
535972.336644 5078252.90725 1413613467.0
535972.722868 5078253.24281 1413613474.0
535972.570829 5078252.68639 1413613477.0
535975.71801 5078245.48266 1413613522.0
535977.438805 5078243.27049 1413613529.0
535979.234009 5078241.6143 1413613536.0
535979.239168 5078240.72546 1413613540.0
535980.812442 5078237.17915 1413613547.0
535984.713383 5078233.86857 1413613554.0
535985.884311 5078232.76429 1413613561.0
535984.719833 5078232.75753 1413613569.0
535984.719833 5078232.75753 1413613570.0
535989.005714 5078230.00472 1413613578.0
535992.135505 5078225.8008 1413613585.0
535991.766055 5078222.57653 1413613592.0
535994.8894 5078219.48365 1413613599.0
535996.846332 5078216.71732 1413613606.0
535997.237719 5078216.16406 1413613608.0
535998.023718 5078214.50201 1413613616.0
535999.196588 5078213.06442 1413613623.0
536000.763427 5078210.62915 1413613633.0
536001.551365 5078208.63379 1413613640.0
536001.940816 5078208.41383 1413613641.0
536002.888536 5078205.64165 1413613648.0
536004.290433 5078204.87204 1413613654.0
536003.926796 5078200.64783 1413613667.0
536004.466995 5078201.20651 1413613673.0
536005.637933 5078200.10223 1413613682.0
536005.637933 5078200.10223 1413613683.0
536006.278353 5078196.77272 1413613692.0
536005.747835 5078194.54748 1413613699.0
536005.751062 5078193.99197 1413613704.0
536008.494012 5078189.56359 1413613711.0
536009.069711 5078184.01155 1413613718.0
536011.408368 5078182.35852 1413613725.0
536011.411595 5078181.803 1413613729.0
536014.950247 5078174.04602 1413613743.0
536020.037042 5078167.0758 1413613750.0
536022.799384 5078159.31431 1413613757.0
536028.105537 5078154.67863 1413613764.0
536030.220998 5078151.35769 1413613771.0
536028.678027 5078149.68211 1413613778.0
536029.221458 5078149.68527 1413613781.0
536032.173446 5078149.3691 1413613789.0
536036.221338 5078147.50381 1413613796.0
536038.815524 5078141.9635 1413613803.0
536039.976789 5078142.52579 1413613810.0
536040.364954 5078142.52805 1413613813.0
536044.262755 5078139.77302 1413613823.0
536047.385522 5078136.79127 1413613830.0
536048.733069 5078132.02148 1413613837.0
536048.991815 5078127.57868 1413613844.0
536050.560633 5078124.81011 1413613851.0
536052.304106 5078118.70933 1413613858.0
536054.13814 5078110.38692 1413613865.0
536056.130677 5078101.50989 1413613872.0
536056.952253 5078093.73713 1413613878.0
536057.52671 5078088.4073 1413613885.0
536055.807137 5078090.39724 1413613892.0
536056.586705 5078089.84624 1413613897.0
536057.641183 5078082.07483 1413613905.0
536057.854618 5078072.07638 1413613910.0
536057.282019 5078063.73997 1413613914.0
536057.718661 5078055.40944 1413613918.0
536056.447352 5078047.06897 1413613923.0
536050.660327 5078040.92438 1413613929.0
536046.822548 5078033.34674 1413613936.0
536044.685611 5078027.00118 1413613943.0
536042.641163 5078018.10068 1413613950.0
536036.08098 5078011.39608 1413613956.0
536029.517554 5078005.247 1413613962.0
536028.168561 5077996.90608 1413613967.0
536025.968808 5077988.00469 1413613974.0
536024.383672 5077980.21794 1413613979.0
536023.503706 5077971.32421 1413613985.0
536021.614478 5077962.42462 1413613991.0
536022.054305 5077953.53856 1413613998.0
536024.187909 5077947.10672 1413614005.0
536026.929041 5077943.01166 1413614012.0
536027.986733 5077934.68474 1413614019.0
536029.190013 5077928.02527 1413614026.0
536030.163617 5077920.80893 1413614033.0
536030.816992 5077915.25735 1413614040.0
536033.188046 5077908.04913 1413614047.0
536035.944056 5077901.39869 1413614054.0
536038.852115 5077895.30468 1413614061.0
536039.51196 5077888.64206 1413614068.0
536041.485163 5077883.09814 1413614075.0
536043.44545 5077879.77631 1413614082.0
536046.336082 5077876.68211 1413614089.0
536047.537453 5077870.35596 1413614096.0
536050.124007 5077866.14891 1413614103.0
536052.868423 5077861.49835 1413614110.0
536054.459925 5077854.84114 1413614117.0
536058.356619 5077852.30833 1413614124.0
536061.238223 5077850.76959 1413614131.0
536064.585002 5077849.34466 1413614138.0
536065.364601 5077848.79366 1413614145.0
536066.140967 5077848.79817 1413614147.0
536070.423914 5077846.60094 1413614154.0
536072.785342 5077841.0593 1413614161.0
536075.124144 5077839.40629 1413614168.0
536077.998645 5077839.0897 1413614175.0
536081.739438 5077836.6671 1413614182.0
536084.320856 5077833.3489 1413614189.0
536088.13153 5077832.26001 1413614196.0
536090.3183 5077830.05058 1413614203.0
536092.647407 5077830.06414 1413614208.0
536096.532488 5077829.53123 1413614216.0
536099.24978 5077829.54705 1413614223.0
536099.637965 5077829.54931 1413614224.0
536103.382655 5077826.4601 1413614232.0
536107.425601 5077825.48368 1413614239.0
536109.763124 5077824.0529 1413614246.0
536113.640442 5077824.85324 1413614253.0
536118.303193 5077824.10265 1413614260.0
536117.535238 5077822.65378 1413614267.0
536117.536532 5077822.43157 1413614270.0
536117.924718 5077822.43383 1413614283.0
536117.924718 5077822.43383 1413614284.0
536117.918244 5077823.54487 1413614295.0
536117.918244 5077823.54487 1413614296.0
536118.306429 5077823.54713 1413614305.0
536118.305135 5077823.76934 1413614306.0
536121.947599 5077824.90164 1413614346.0
536126.440832 5077826.59444 1413614353.0
536132.279794 5077823.85078 1413614360.0
536135.365844 5077827.202 1413614367.0
536134.586236 5077827.75299 1413614374.0
536135.946137 5077834.20516 1413614382.0
536133.733448 5077840.85872 1413614389.0
536132.158047 5077844.73831 1413614396.0
536130.743102 5077847.72997 1413614403.0
536128.644968 5077848.05106 1413614410.0
536129.029914 5077848.60884 1413614417.0
536128.62101 5077852.16191 1413614424.0
536132.091993 5077856.0709 1413614431.0
536131.456006 5077858.62267 1413614438.0
536131.061347 5077859.73145 1413614441.0
536129.094532 5077864.16429 1413614449.0
536129.712386 5077864.72343 1413614456.0
536128.905587 5077869.94079 1413614465.0
536129.413427 5077876.05467 1413614472.0
536130.003435 5077881.39128 1413614479.0
536132.474844 5077883.62784 1413614486.0
536136.602518 5077881.42975 1413614493.0
536139.701492 5077882.55889 1413614500.0
536138.273597 5077887.77262 1413614507.0
536137.860804 5077891.99231 1413614514.0
536134.589076 5077893.86207 1413614521.0
536136.903262 5077896.43103 1413614528.0
536136.508605 5077897.53981 1413614535.0
536134.149084 5077902.74812 1413614543.0
536134.539855 5077902.30596 1413614550.0
536136.447076 5077908.09468 1413614588.0
536135.638333 5077913.64535 1413614595.0
536136.780202 5077917.54077 1413614602.0
536138.154977 5077921.43756 1413614609.0
536138.135546 5077924.77068 1413614616.0
536139.584715 5077929.22343 1413614623.0
536142.120781 5077933.68252 1413614630.0
536144.02928 5077939.24904 1413614637.0
536146.487703 5077943.70768 1413614644.0
536147.09583 5077945.93338 1413614651.0
536146.707652 5077945.93111 1413614654.0
536149.835748 5077942.06059 1413614662.0
536150.071895 5077941.50643 1413614669.0
536151.783116 5077940.96087 1413614676.0
536151.158792 5077941.51276 1413614679.0
536150.220686 5077942.61837 1413614687.0
536149.98454 5077943.17253 1413614688.0
536151.381979 5077943.18068 1413614700.0
536151.383923 5077942.84737 1413614701.0
536150.783573 5077939.28842 1413614709.0
536152.572431 5077938.74332 1413614716.0
536156.475594 5077935.09953 1413614723.0
536159.197377 5077934.33765 1413614730.0
536159.225245 5077929.56018 1413614737.0
536162.354653 5077925.46745 1413614744.0
536162.739591 5077926.02524 1413614751.0
536162.938794 5077931.804 1413614758.0
536165.401744 5077935.48492 1413614765.0
536166.556554 5077937.15827 1413614772.0
536166.540349 5077939.93587 1413614780.0
536168.086577 5077941.05597 1413614787.0
536168.238607 5077941.6124 1413614788.0
536168.989031 5077946.06108 1413614796.0
536171.53998 5077947.9648 1413614803.0
536172.317631 5077947.74712 1413614805.0
536173.102414 5077946.3073 1413614812.0
536173.488647 5077946.64288 1413614816.0
536173.47568 5077948.86495 1413614825.0
536173.863857 5077948.86722 1413614826.0
536174.788998 5077949.9837 1413614835.0
536175.410082 5077949.98732 1413614836.0
536176.183194 5077950.54737 1413614846.0
536176.338465 5077950.54828 1413614847.0
536179.113886 5077953.8977 1413614856.0
536180.417475 5077956.68301 1413614863.0
536180.77647 5077961.68495 1413614870.0
536183.474249 5077965.03392 1413614877.0
536186.327295 5077968.38381 1413614884.0
536186.163593 5077969.82725 1413614891.0
536186.162295 5077970.04946 1413614894.0
536184.828229 5077972.48604 1413614904.0
536188.627162 5077973.39708 1413614911.0
536192.103228 5077976.41728 1413614918.0
536192.088308 5077978.97267 1413614925.0
536193.078103 5077982.31168 1413614932.0
536191.892171 5077985.97131 1413614939.0
536191.503996 5077985.96905 1413614945.0
536194.593825 5077988.65367 1413614954.0
536200.034759 5077987.57437 1413614961.0
536203.141454 5077987.3703 1413614968.0
536203.531576 5077987.03925 1413614972.0
536205.859976 5077987.16396 1413614981.0
536205.845699 5077989.60825 1413614988.0
536205.997724 5077990.16467 1413614989.0
536207.776837 5077991.28614 1413614997.0
536211.419187 5077992.41849 1413615004.0
536211.419187 5077992.41849 1413615009.0
536210.089659 5077994.07734 1413615016.0
536209.856754 5077994.07598 1413615018.0
536212.412215 5077995.20199 1413615030.0
536212.405724 5077996.31303 1413615032.0
536213.159355 5078000.2062 1413615039.0
536221.307762 5078000.80935 1413615043.0
536220.916342 5078001.3626 1413615050.0
536220.130256 5078003.02462 1413615057.0
536220.673699 5078003.0278 1413615060.0
536218.192633 5078002.45776 1413615068.0
536217.574801 5078001.89861 1413615072.0
536216.643183 5078001.89317 1413615084.0
536216.643183 5078001.89317 1413615085.0
536216.626955 5078004.67077 1413615113.0
536216.625657 5078004.89297 1413615116.0
536215.847362 5078005.22175 1413615126.0
536215.847362 5078005.22175 1413615127.0
536215.45789 5078005.44169 1413615142.0
536215.45789 5078005.44169 1413615143.0
536218.173158 5078005.79088 1413615169.0
536217.784985 5078005.78861 1413615171.0
536217.002146 5078006.89511 1413615188.0
536216.617218 5078006.33733 1413615189.0
536216.622411 5078005.44849 1413615199.0
536216.622411 5078005.44849 1413615200.0
536215.840871 5078006.33279 1413615261.0
536215.604721 5078006.88695 1413615262.0
536216.594498 5078010.22596 1413615270.0
536216.591253 5078010.78148 1413615274.0
536218.6387 5078019.12652 1413615293.0
536219.987432 5078027.46748 1413615300.0
536223.826952 5078034.71192 1413615307.0
536225.719113 5078043.05606 1413615314.0
536224.938226 5078043.82925 1413615321.0
536229.173693 5078049.74271 1413615328.0
536227.986453 5078053.62454 1413615335.0
536231.465701 5078056.08925 1413615342.0
536231.088571 5078054.19821 1413615349.0
536231.088571 5078054.19821 1413615350.0
536231.086622 5078054.53152 1413615359.0
536231.087272 5078054.42042 1413615360.0
536235.95354 5078058.67096 1413615388.0
536239.207675 5078059.80106 1413615395.0
536239.592598 5078060.35885 1413615397.0
536240.136036 5078060.36202 1413615408.0
536240.136036 5078060.36202 1413615409.0
536250.073193 5078060.42013 1413615430.0
536259.389278 5078060.47462 1413615436.0
536260.712306 5078059.92682 1413615443.0
536260.709057 5078060.48234 1413615444.0
536263.607151 5078069.38791 1413615495.0
536269.157788 5078076.08685 1413615502.0
536272.091621 5078078.88171 1413615509.0
536271.700201 5078079.43496 1413615515.0
536271.295779 5078082.21029 1413615522.0
536271.062878 5078082.20892 1413615524.0
536277.0858 5078087.79956 1413615533.0
536282.099474 5078093.38429 1413615540.0
536285.162544 5078100.62422 1413615547.0
536290.583882 5078102.87811 1413615554.0
536295.995458 5078106.79857 1413615561.0
536299.864118 5078109.04338 1413615568.0
536301.038379 5078107.38364 1413615575.0
536301.040331 5078107.05033 1413615576.0
536301.041633 5078106.82812 1413615589.0
536301.041633 5078106.82812 1413615590.0
536300.633945 5078110.15896 1413615608.0
536300.239272 5078111.26773 1413615615.0
536300.241224 5078110.93442 1413615621.0
536297.263178 5078115.69461 1413615634.0
536298.272412 5078115.70052 1413615640.0
536297.08514 5078119.58234 1413615650.0
536297.08514 5078119.58234 1413615652.0
536296.674203 5078123.46871 1413615660.0
536293.966797 5078121.78624 1413615667.0
536293.334672 5078123.67137 1413615673.0
536292.358838 5078131.22098 1413615683.0
536292.118132 5078132.55286 1413615690.0
536291.962866 5078132.55195 1413615691.0
536290.775602 5078136.43377 1413615714.0
536291.527213 5078140.66027 1413615721.0
536291.50965 5078143.66008 1413615728.0
536291.50965 5078143.66008 1413615732.0
536291.116281 5078144.54663 1413615768.0
536291.116281 5078144.54663 1413615769.0
536292.264512 5078147.33105 1413615776.0
536293.024579 5078150.11319 1413615783.0
536293.021326 5078150.66871 1413615787.0
536298.804756 5078157.36905 1413615793.0
536306.93668 5078160.7499 1413615798.0
536308.874245 5078161.31679 1413615805.0
536308.874245 5078161.31679 1413615806.0
536306.930172 5078161.86094 1413615827.0
536307.302066 5078164.64082 1413615834.0
536306.909347 5078165.41627 1413615837.0
536307.28905 5078166.8629 1413615860.0
536307.677213 5078166.86517 1413615861.0
536308.599044 5078168.53718 1413615869.0
536313.072449 5078173.56324 1413615876.0
536318.862346 5078179.15255 1413615883.0
536325.430511 5078184.4131 1413615890.0
536331.219735 5078190.11353 1413615897.0
536337.406229 5078194.26078 1413615904.0
536342.025086 5078200.95433 1413615911.0
536344.101614 5078204.29974 1413615918.0
536347.002776 5078212.64983 1413615924.0
536353.332771 5078218.79788 1413615931.0
536355.482357 5078222.92148 1413615938.0
536362.434693 5078228.85097 1413615945.0
536363.569841 5078233.85748 1413615952.0
536362.954 5078232.96501 1413615956.0
536362.402104 5078234.40617 1413615964.0
536362.402104 5078234.40617 1413615969.0
536363.517695 5078242.7458 1413615993.0
536363.879781 5078247.19223 1413616000.0
536365.184528 5078249.75537 1413616007.0
536365.183224 5078249.97757 1413616008.0
536363.823072 5078256.85828 1413616037.0
536363.956825 5078260.52562 1413616044.0
536364.176683 5078262.74906 1413616051.0
536364.176683 5078262.74906 1413616052.0
536365.294222 5078270.75538 1413616064.0
536368.353845 5078278.55088 1413616068.0
536373.797817 5078276.91621 1413616075.0
536374.174238 5078278.91836 1413616082.0
536374.170978 5078279.47388 1413616088.0
536376.454273 5078287.26482 1413616107.0
536382.234223 5078294.52075 1413616114.0
536387.399634 5078300.662 1413616119.0
536393.820177 5078304.58847 1413616126.0
536396.922154 5078305.16223 1413616133.0
536399.048857 5078299.95265 1413616140.0
536398.893595 5078299.95174 1413616146.0
536399.041027 5078301.2859 1413616183.0
536399.041027 5078301.2859 1413616184.0
536400.050231 5078301.29182 1413616195.0
536400.050231 5078301.29182 1413616196.0
536403.90568 5078305.75878 1413616224.0
536409.716908 5078307.68174 1413616231.0
536412.163242 5078314.14037 1413616238.0
536413.931128 5078317.15066 1413616245.0
536417.794392 5078320.28438 1413616252.0
536419.469627 5078325.84961 1413616259.0
536420.082839 5078327.18651 1413616266.0
536420.086103 5078326.63099 1413616270.0
536420.245934 5078325.85418 1413616282.0
536420.245934 5078325.85418 1413616283.0
536422.571592 5078326.42338 1413616301.0
536422.41633 5078326.42247 1413616307.0
536422.011855 5078329.19779 1413616314.0
536422.010549 5078329.42 1413616315.0
536422.38695 5078331.42215 1413616338.0
536422.388909 5078331.08884 1413616339.0
536422.393479 5078330.31111 1413616351.0
536422.393479 5078330.31111 1413616352.0
536416.579665 5078328.83254 1413616389.0
536414.019158 5078328.59529 1413616396.0
536412.699436 5078328.58753 1413616403.0
536411.534976 5078328.58069 1413616410.0
536405.101417 5078326.87628 1413616428.0
536399.893634 5078327.95677 1413616435.0
536398.34102 5078327.94766 1413616442.0
536397.153724 5078331.82946 1413616449.0
536397.383354 5078332.38634 1413616456.0
536396.744693 5078335.38251 1413616465.0
536394.798709 5078336.25994 1413616472.0
536394.034146 5078334.25551 1413616479.0
536394.035451 5078334.0333 1413616484.0
536393.259144 5078334.02874 1413616492.0
536391.486687 5078331.79618 1413616499.0
536394.612785 5078341.48092 1413616506.0
536393.203693 5078343.47258 1413616513.0
536394.358365 5078345.14598 1413616520.0
536393.193907 5078345.13914 1413616527.0
536394.10264 5078349.03325 1413616534.0
536398.204004 5078351.27949 1413616541.0
536396.664444 5078349.04829 1413616548.0
536393.944117 5078349.58786 1413616555.0
536392.737257 5078356.80278 1413616562.0
536393.497251 5078359.58494 1413616569.0
536393.503774 5078358.4739 1413616576.0
536396.584847 5078362.60298 1413616584.0
536396.589414 5078361.82525 1413616590.0
536396.695742 5078370.15896 1413616663.0
536401.152615 5078377.96268 1413616670.0
536406.937671 5078384.32981 1413616677.0
536410.024596 5078387.45896 1413616684.0
536410.800896 5078387.46352 1413616687.0
536410.768261 5078393.01872 1413616696.0
536413.857137 5078395.81456 1413616703.0
536418.120251 5078396.95069 1413616710.0
536418.670188 5078395.84284 1413616717.0
536417.903682 5078394.17172 1413616724.0
536417.741894 5078395.28185 1413616730.0
536418.125474 5078396.06185 1413616752.0
536418.125474 5078396.06185 1413616753.0
536425.119995 5078394.76966 1413616761.0
536427.435831 5078397.00543 1413616768.0
536435.175955 5078400.9397 1413616840.0
536443.314017 5078403.2097 1413616846.0
536449.108807 5078407.91031 1413616853.0
536447.28543 5078414.34384 1413616860.0
536452.171522 5078415.15033 1413616868.0
536457.231824 5078412.73572 1413616874.0
536457.616705 5078413.29352 1413616878.0
536458.003546 5078413.51801 1413616887.0
536458.001585 5078413.85132 1413616888.0
536459.329785 5078412.41474 1413616915.0
536459.175833 5078412.19161 1413616918.0
536458.939676 5078412.74576 1413616945.0
536451.933405 5078416.03779 1413616952.0
536445.693638 5078421.00095 1413616959.0
536439.070305 5078425.1841 1413616968.0
536433.220663 5078429.81624 1413616975.0
536429.554448 5078432.7946 1413616982.0
536424.498091 5078434.54261 1413616989.0
536425.065003 5078430.54606 1413616996.0
536424.547062 5078426.20981 1413617003.0
536426.344293 5078424.22043 1413617010.0
536424.348779 5078420.31993 1413617017.0
536420.298986 5078422.51829 1413617024.0
536417.955738 5078424.94889 1413617031.0
536416.397926 5078425.8286 1413617038.0
536415.621631 5078425.82404 1413617042.0
536414.055986 5078428.037 1413617050.0
536413.825056 5078427.70232 1413617051.0
536411.350704 5078426.02116 1413617058.0
536410.194095 5078424.68107 1413617065.0
536409.961206 5078424.6797 1413617071.0
536409.416494 5078424.89872 1413617078.0
536408.246831 5078425.78071 1413617083.0
536403.986998 5078424.08907 1413617097.0
536400.118574 5078421.8442 1413617104.0
536400.141412 5078417.95556 1413617111.0
536398.972401 5078418.72645 1413617115.0
536396.628508 5078421.26816 1413617123.0
536392.735941 5078423.13414 1413617130.0
536391.954427 5078424.01841 1413617137.0
536391.954427 5078424.01841 1413617139.0
536390.785418 5078424.7893 1413617165.0
536390.785418 5078424.7893 1413617166.0
536394.632314 5078430.7006 1413617189.0
536427.773543 5078432.00638 1413622372.0
536435.404084 5078428.16246 1413622379.0
536442.028718 5078423.75709 1413622386.0
536446.314674 5078421.0046 1413622393.0
536451.386731 5078416.59011 1413622400.0
536453.733916 5078413.4929 1413622407.0
536454.8964 5078413.83306 1413622414.0
536454.8964 5078413.83306 1413622416.0
536457.225289 5078413.84676 1413622424.0
536457.613437 5078413.84904 1413622426.0
536457.616705 5078413.29352 1413622436.0
536457.616705 5078413.29352 1413622437.0
536454.241382 5078419.60681 1413622448.0
536453.658767 5078426.26986 1413622455.0
536452.479295 5078428.8184 1413622462.0
536450.512423 5078433.25115 1413622469.0
536450.867898 5078438.80863 1413622476.0
536450.443814 5078444.91706 1413622483.0
536452.745246 5078449.59713 1413622490.0
536455.034911 5078456.27707 1413622497.0
536456.161443 5078462.72795 1413622504.0
536451.461229 5078469.92231 1413622511.0
536452.612593 5078472.15124 1413622518.0
536452.612593 5078472.15124 1413622519.0
536451.826503 5078473.81323 1413622529.0
536452.575346 5078478.48417 1413622536.0
536451.54134 5078482.70018 1413622543.0
536450.185713 5078488.80314 1413622550.0
536450.182446 5078489.35866 1413622555.0
536454.499729 5078481.27318 1413622566.0
536455.280591 5078480.50002 1413622573.0
536459.168567 5078479.41181 1413622580.0
536462.283524 5078477.76352 1413622587.0
536464.790525 5078473.88949 1413622594.0
536465.02668 5078473.33534 1413622600.0
536468.12399 5078474.68686 1413622608.0
536468.506905 5078475.57798 1413622613.0
536472.778453 5078475.26979 1413622620.0
536476.661204 5078475.07042 1413622627.0
536479.352057 5078479.53058 1413622634.0
536478.158198 5078484.5234 1413622641.0
536479.288624 5078490.30766 1413622648.0
536484.687967 5078496.22816 1413622655.0
536485.822963 5078501.2347 1413622662.0
536481.74704 5078507.87717 1413622669.0
536482.412996 5078513.43649 1413622676.0
536482.008504 5078516.2118 1413622683.0
536484.311193 5078520.66967 1413622690.0
536482.975161 5078523.4395 1413622697.0
536483.360032 5078523.99731 1413622702.0
536485.283079 5078527.00854 1413622715.0
536485.67122 5078527.01083 1413622719.0
536487.732514 5078532.91168 1413622727.0
536487.958858 5078534.02409 1413622734.0
536489.105618 5078537.03075 1413622746.0
536492.596919 5078537.38463 1413622753.0
536492.596919 5078537.38463 1413622757.0
536497.251333 5078537.96758 1413622775.0
536499.567089 5078540.20337 1413622782.0
536501.113106 5078541.32356 1413622789.0
536500.880222 5078541.32218 1413622791.0
536499.537645 5078545.20305 1413622813.0
536499.116789 5078550.75597 1413622820.0
536503.923176 5078551.89535 1413622827.0
536505.682441 5078556.35003 1413622834.0
536508.946083 5078555.81372 1413622841.0
536508.952627 5078554.70268 1413622846.0
536513.085232 5078551.616 1413622861.0
536514.257506 5078550.28961 1413622868.0
536514.645645 5078550.2919 1413622869.0
536517.762546 5078548.31032 1413622876.0
536520.8657 5078548.66193 1413622883.0
536522.831278 5078544.45142 1413622890.0
536525.93116 5078545.35855 1413622897.0
536526.081832 5078546.13719 1413622904.0
536528.254761 5078546.2611 1413622911.0
536528.635042 5078547.59664 1413622918.0
536529.383818 5078552.26758 1413622925.0
536531.083118 5078553.722 1413622932.0
536531.314692 5078553.94558 1413622936.0
536532.599656 5078559.84187 1413622944.0
536531.402494 5078565.39021 1413622951.0
536533.5335 5078572.62478 1413622958.0
536532.098873 5078578.94948 1413622965.0
536532.444441 5078586.17353 1413622972.0
536535.889864 5078594.30471 1413622979.0
536538.56752 5078600.98697 1413622986.0
536539.553748 5078604.88156 1413622993.0
536541.065678 5078611.77916 1413623000.0
536546.633213 5078615.47855 1413623007.0
536545.934569 5078615.47443 1413623013.0
536548.408808 5078617.15564 1413623021.0
536548.408808 5078617.15564 1413623022.0
536549.185079 5078617.16022 1413623036.0
536548.952198 5078617.15885 1413623037.0
536548.408808 5078617.15564 1413623046.0
536548.408808 5078617.15564 1413623047.0
536550.316723 5078622.72229 1413623130.0
536554.175138 5078626.63382 1413623137.0
536557.790836 5078632.21054 1413623144.0
536562.268945 5078636.34795 1413623151.0
536562.638726 5078639.46115 1413623158.0
536563.776908 5078643.91218 1413623165.0
536563.194192 5078650.57522 1413623172.0
536563.080514 5078656.68548 1413623179.0
536564.629768 5078657.25016 1413623186.0
536564.474515 5078657.24925 1413623187.0
536565.244226 5078658.36487 1413623225.0
536565.60286 5078663.36684 1413623232.0
536568.66203 5078671.16244 1413623239.0
536566.449157 5078677.81586 1413623246.0
536561.212144 5078683.89589 1413623253.0
536563.531099 5078685.57619 1413623260.0
536563.531099 5078685.57619 1413623263.0
536563.488492 5078692.79796 1413623275.0
536564.217556 5078700.80203 1413623282.0
536567.454905 5078704.7099 1413623289.0
536568.574715 5078712.27185 1413623296.0
536571.245727 5078720.06516 1413623302.0
536573.132606 5078729.18715 1413623309.0
536574.478724 5078737.86151 1413623316.0
536575.212358 5078745.08785 1413623323.0
536572.85081 5078750.62931 1413623330.0
536573.983718 5078755.96918 1413623337.0
536574.719317 5078762.86221 1413623344.0
536573.895854 5078770.85712 1413623351.0
536573.463142 5078778.4099 1413623358.0
536571.085216 5078786.72896 1413623365.0
536572.756903 5078792.84976 1413623372.0
536578.401879 5078796.54964 1413623379.0
536582.245737 5078802.90548 1413623386.0
536588.439319 5078805.71975 1413623393.0
536589.962294 5078810.72859 1413623400.0
536592.243799 5078818.74184 1413623406.0
536591.028262 5078827.40108 1413623413.0
536595.266114 5078832.75928 1413623420.0
536592.909828 5078837.4119 1413623427.0
536587.833416 5078842.604 1413623434.0
536582.934561 5078844.01948 1413623441.0
536578.495552 5078846.43765 1413623448.0
536574.790573 5078842.86033 1413623455.0
536570.136395 5078842.27733 1413623462.0
536569.208182 5078841.71631 1413623469.0
536568.823339 5078841.1585 1413623470.0
536568.431939 5078841.71173 1413623478.0
536566.716338 5078843.0349 1413623485.0
536566.717649 5078842.81269 1413623487.0
536562.61864 5078840.23302 1413623500.0
536558.897262 5078839.43331 1413623507.0
536554.459569 5078841.6293 1413623514.0
536553.298482 5078841.06691 1413623519.0
536553.291929 5078842.17795 1413623545.0
536551.972316 5078842.17016 1413623549.0
536546.684037 5078843.80559 1413623556.0
536546.643413 5078850.69405 1413623563.0
536546.230394 5078854.91371 1413623570.0
536547.535589 5078857.36578 1413623577.0
536547.765185 5078857.92268 1413623580.0
536544.501698 5078858.45897 1413623598.0
536543.87874 5078858.78862 1413623602.0
536542.863075 5078859.89371 1413623609.0
536542.319707 5078859.89051 1413623610.0
536538.417542 5078863.42295 1413623617.0
536532.215482 5078862.05309 1413623624.0
536530.659726 5078862.59946 1413623631.0
536527.574413 5078859.24803 1413623638.0
536523.460338 5078859.22379 1413623645.0
536522.302525 5078858.10588 1413623650.0
536520.614438 5078854.7627 1413623657.0
536517.529115 5078851.41128 1413623664.0
536514.838456 5078846.95111 1413623671.0
536512.51824 5078845.49303 1413623678.0
536512.283403 5078845.82497 1413623680.0
536512.910943 5078844.71759 1413623692.0
536512.910943 5078844.71759 1413623693.0
536512.532641 5078843.04874 1413623705.0
536512.380666 5078842.49231 1413623707.0
536511.779309 5078839.15553 1413623714.0
536511.168134 5078837.48531 1413623721.0
536511.016158 5078836.92887 1413623722.0
536510.256279 5078834.1467 1413623730.0
536505.068536 5078831.89398 1413623737.0
536501.505667 5078830.5397 1413623744.0
536500.212882 5078825.97666 1413623751.0
536500.402159 5078820.20016 1413623758.0
536492.898749 5078815.71166 1413623765.0
536491.754007 5078812.37168 1413623772.0
536489.443585 5078809.24705 1413623779.0
536487.129236 5078806.78905 1413623786.0
536482.876229 5078803.98631 1413623793.0
536478.44704 5078804.738 1413623800.0
536475.514957 5078801.72083 1413623807.0
536471.653334 5078798.36486 1413623814.0
536469.318052 5078799.4622 1413623821.0
536468.537227 5078800.23536 1413623824.0
536465.828205 5078798.88612 1413623850.0
536458.863542 5078795.17858 1413623856.0
536453.467055 5078788.81369 1413623862.0
536447.810236 5078787.1138 1413623869.0
536440.681807 5078784.84972 1413623876.0
536437.211547 5078780.94054 1413623883.0
536436.80709 5078783.71586 1413623890.0
536437.58334 5078783.72042 1413623897.0
536432.931066 5078782.8042 1413623904.0
536427.254645 5078784.43745 1413623911.0
536418.177092 5078783.60635 1413623918.0
536411.614871 5078777.45685 1413623923.0
536406.585559 5078774.64961 1413623930.0
536402.073514 5078776.28972 1413623937.0
536401.142012 5078776.28425 1413623944.0
536402.076777 5078775.7342 1413623952.0
536399.958059 5078779.61053 1413623959.0
536393.369717 5078777.90522 1413623966.0
536386.142758 5078779.19608 1413623973.0
536377.275242 5078782.25504 1413623980.0
536369.02091 5078786.65091 1413623986.0
536362.393453 5078791.61187 1413623992.0
536357.576147 5078792.36136 1413623999.0
536356.416337 5078791.57681 1413624006.0
536356.415033 5078791.79901 1413624009.0
536352.528575 5078792.66508 1413624040.0
536346.307507 5078794.51742 1413624047.0
536339.674865 5078800.36724 1413624054.0
536335.366417 5078807.00845 1413624061.0
536328.348932 5078812.30049 1413624068.0
536321.872226 5078818.04013 1413624074.0
536317.819471 5078820.79408 1413624081.0
536316.813608 5078820.23264 1413624088.0
536313.707324 5078820.43666 1413624095.0
536309.65132 5078823.74613 1413624102.0
536306.916237 5078826.84112 1413624109.0
536300.838752 5078830.6943 1413624116.0
536297.322878 5078834.56248 1413624123.0
536296.766493 5078836.78138 1413624130.0
536291.295703 5078843.08248 1413624135.0
536283.896681 5078847.26126 1413624141.0
536282.476679 5078851.14172 1413624148.0
536280.367818 5078853.35153 1413624155.0
536274.662237 5078859.9846 1413624162.0
536273.737252 5078858.86811 1413624169.0
536271.793399 5078859.41227 1413624177.0
536262.845831 5078862.91536 1413624182.0
536257.526447 5078869.88403 1413624187.0
536251.929076 5078871.29569 1413624194.0
536253.079135 5078873.74679 1413624201.0
536253.077835 5078873.96899 1413624208.0
536248.567204 5078875.38701 1413624219.0
536247.997842 5078879.82799 1413624226.0
536248.521712 5078883.1643 1413624233.0
536246.564872 5078885.93055 1413624240.0
536244.62103 5078886.47472 1413624247.0
536244.850652 5078887.0316 1413624249.0
536241.462802 5078895.56709 1413624257.0
536237.532246 5078903.9883 1413624262.0
536235.229843 5078912.75236 1413624269.0
536235.721233 5078921.64387 1413624276.0
536236.074917 5078927.53465 1413624283.0
536234.103804 5078932.7452 1413624290.0
536234.478927 5078934.96955 1413624297.0
536233.26391 5078943.62886 1413624303.0
536231.819925 5078951.62018 1413624310.0
536231.258376 5078954.72792 1413624317.0
536228.113191 5078961.59822 1413624324.0
536230.43213 5078963.27839 1413624331.0
536230.578931 5078964.72365 1413624338.0
536229.639664 5078966.05146 1413624346.0
536229.639664 5078966.05146 1413624347.0
536222.405816 5078968.56465 1413624360.0
536221.225241 5078971.33545 1413624367.0
536217.534769 5078978.53589 1413624374.0
536218.650404 5078986.8755 1413624380.0
536221.323678 5078994.33535 1413624387.0
536222.460087 5078999.11964 1413624394.0
536224.95699 5078996.91207 1413624401.0
536224.797199 5078997.68889 1413624404.0
536224.793952 5078998.24442 1413624443.0
536224.793952 5078998.24442 1413624444.0
536230.186588 5079005.27574 1413624469.0
536232.461985 5079014.39989 1413624474.0
536237.230374 5079021.98311 1413624479.0
536236.302159 5079021.42214 1413624486.0
536237.633428 5079019.42998 1413624493.0
536236.685721 5079022.20214 1413624500.0
536236.685071 5079022.31324 1413624504.0
536239.510302 5079030.32953 1413624533.0
536243.193915 5079037.57309 1413624540.0
536245.470579 5079046.47504 1413624547.0
536244.797617 5079055.35973 1413624553.0
536244.981743 5079063.6939 1413624559.0
536249.37042 5079069.83051 1413624566.0
536248.946567 5079075.93896 1413624573.0
536246.841042 5079077.59327 1413624580.0
536246.216823 5079078.14515 1413624583.0
536242.551077 5079081.12363 1413624601.0
536241.587131 5079086.67338 1413624608.0
536242.513387 5079087.56767 1413624614.0
536241.326326 5079091.4495 1413624629.0
536240.532571 5079094.44477 1413624636.0
536239.359808 5079095.88231 1413624642.0
536238.143512 5079104.76383 1413624665.0
536235.411835 5079107.30334 1413624672.0
536234.242974 5079108.07426 1413624676.0
536232.06634 5079108.61707 1413624687.0
536229.529204 5079117.71309 1413624692.0
536226.926796 5079124.69767 1413624699.0
536225.603996 5079125.24548 1413624705.0
536223.236406 5079131.89811 1413624716.0
536221.260171 5079137.99749 1413624723.0
536221.609306 5079144.66601 1413624730.0
536221.602812 5079145.77705 1413624737.0
536221.602812 5079145.77705 1413624738.0
536222.760624 5079146.8949 1413624746.0
536222.760624 5079146.8949 1413624747.0
536223.527086 5079148.566 1413624757.0
536223.525787 5079148.7882 1413624758.0
536227.384072 5079152.69954 1413624765.0
536229.076779 5079155.26492 1413624772.0
536229.30964 5079155.26628 1413624774.0
536231.253397 5079154.7221 1413624781.0
536231.253397 5079154.7221 1413624782.0
536231.97438 5079164.17049 1413624806.0
536238.549356 5079168.09772 1413624813.0
536240.446323 5079175.55304 1413624820.0
536239.434959 5079189.2134 1413624830.0
536245.392194 5079192.58148 1413624837.0
536247.096582 5079193.14699 1413624844.0
536247.706492 5079195.03939 1413624852.0
536247.704542 5079195.37271 1413624853.0
536249.602789 5079202.60583 1413624860.0
536255.540504 5079209.30704 1413624865.0
536257.667045 5079217.31926 1413624871.0
536264.233496 5079222.69086 1413624878.0
536268.499316 5079223.27137 1413624885.0
536269.267706 5079224.60916 1413624890.0
536270.043251 5079224.72481 1413624900.0
536270.043251 5079224.72481 1413624901.0
536271.552065 5079232.17787 1413624933.0
536266.076442 5079239.36784 1413624937.0
536262.155165 5079246.23358 1413624942.0
536262.887142 5079253.79321 1413624949.0
536261.742362 5079250.45327 1413624956.0
536261.748864 5079249.34223 1413624963.0
536262.130457 5079250.45554 1413624971.0
536262.130457 5079250.45554 1413624972.0
536261.108405 5079252.67172 1413624990.0
536261.088899 5079256.00484 1413624997.0
536260.541014 5079256.77939 1413625003.0
536258.978881 5079258.43687 1413625038.0
536258.978881 5079258.43687 1413625039.0
536251.968467 5079262.61795 1413625057.0
536243.420631 5079264.23457 1413625060.0
536236.032535 5079266.63573 1413625067.0
536234.077119 5079269.17978 1413625074.0
536234.067373 5079270.84634 1413625081.0
536234.066074 5079271.06855 1413625082.0
536230.139655 5079278.82314 1413625093.0
536225.611784 5079283.24099 1413625100.0
536223.502438 5079285.56192 1413625107.0
536222.882138 5079285.44719 1413625110.0
536221.324569 5079286.32695 1413625118.0
536221.324569 5079286.32695 1413625119.0
536218.015877 5079294.6407 1413625135.0
536212.152278 5079301.82845 1413625140.0
536204.354724 5079307.89382 1413625144.0
536199.451782 5079310.08733 1413625151.0
536197.341807 5079312.51938 1413625158.0
536195.399401 5079312.84135 1413625165.0
536195.399401 5079312.84135 1413625166.0
536190.092151 5079317.81021 1413625176.0
536181.53792 5079320.53795 1413625181.0
536174.755943 5079325.49821 1413625188.0
536167.530966 5079326.56711 1413625195.0
536162.723827 5079325.65019 1413625202.0
536161.950887 5079325.09014 1413625206.0
536154.177399 5079327.04472 1413625222.0
536145.997028 5079332.21907 1413625227.0
536138.592204 5079337.50905 1413625233.0
536132.120752 5079342.47117 1413625240.0
536125.350498 5079345.43161 1413625247.0
536120.683707 5079347.07102 1413625254.0
536119.500008 5079350.39736 1413625261.0
536119.503246 5079349.84184 1413625265.0
536120.423003 5079351.84714 1413625279.0
536120.423003 5079351.84714 1413625280.0
536116.500015 5079359.04629 1413625335.0
536117.237335 5079365.71706 1413625342.0
536116.331827 5079361.26747 1413625349.0
536115.549174 5079362.37398 1413625356.0
536115.002612 5079362.92634 1413625365.0
536115.309844 5079363.48367 1413625366.0
536112.004573 5079371.24196 1413625373.0
536110.012332 5079380.11898 1413625378.0
536109.572445 5079389.00505 1413625384.0
536107.359015 5079395.88084 1413625391.0
536106.377107 5079404.54154 1413625397.0
536110.232066 5079409.00832 1413625404.0
536109.561271 5079417.55973 1413625410.0
536111.684039 5079426.23852 1413625417.0
536112.039746 5079431.79599 1413625424.0
536113.158669 5079439.58006 1413625431.0
536114.442536 5079445.69848 1413625438.0
536114.261399 5079450.14175 1413625445.0
536116.541325 5079458.48813 1413625452.0
536116.10467 5079466.81868 1413625458.0
536114.909986 5079472.03379 1413625465.0
536112.52969 5079480.90855 1413625472.0
536115.973848 5079489.26172 1413625478.0
536119.42253 5079496.83717 1413625485.0
536124.034148 5079504.64161 1413625491.0
536126.194438 5079506.87637 1413625498.0
536126.34967 5079506.87727 1413625501.0
536125.931143 5079512.09691 1413625512.0
536127.090198 5079512.99253 1413625519.0
536131.316954 5079520.23919 1413625544.0
536136.16657 5079527.15617 1413625548.0
536140.933374 5079534.96153 1413625554.0
536146.718891 5079541.10622 1413625561.0
536151.492154 5079547.80055 1413625568.0
536153.38197 5079556.47799 1413625575.0
536153.967234 5079562.59235 1413625582.0
536154.332618 5079566.48326 1413625589.0
536157.019972 5079571.4988 1413625596.0
536162.811923 5079576.53246 1413625603.0
536167.423425 5079584.33694 1413625610.0
536171.653328 5079591.02811 1413625617.0
536174.340656 5079596.04366 1413625624.0
536178.978081 5079599.40398 1413625631.0
536186.325526 5079603.89121 1413625637.0
536190.949958 5079609.47362 1413625644.0
536197.116936 5079616.73166 1413625651.0
536201.343538 5079623.97838 1413625658.0
536201.453323 5079631.75658 1413625665.0
536205.935477 5079635.11601 1413625672.0
536208.765 5079642.35457 1413625679.0
536211.827359 5079649.59449 1413625686.0
536213.563778 5079657.93773 1413625692.0
536219.739124 5079663.75145 1413625699.0
536220.855916 5079671.86886 1413625706.0
536226.245359 5079679.34461 1413625713.0
536231.650383 5079684.15386 1413625720.0
536237.221024 5079687.18636 1413625727.0
536241.060762 5079694.20862 1413625734.0
536242.583786 5079699.21739 1413625741.0
536244.902441 5079700.89758 1413625748.0
536245.135282 5079700.89894 1413625749.0
536250.70395 5079704.26476 1413625757.0
536254.001019 5079711.17275 1413625764.0
536260.961511 5079715.43559 1413625771.0
536261.695375 5079722.66191 1413625778.0
536262.451998 5079725.99958 1413625785.0
536263.202117 5079730.44829 1413625792.0
536261.396206 5079733.99317 1413625799.0
536262.775032 5079737.11227 1413625806.0
536271.301408 5079739.05102 1413625813.0
536273.351424 5079746.84058 1413625820.0
536275.894435 5079749.9665 1413625827.0
536276.277945 5079750.7465 1413625831.0
536276.657552 5079752.19313 1413625840.0
536276.424713 5079752.19176 1413625841.0
536279.713269 5079760.54412 1413625846.0
536283.939674 5079767.79089 1413625851.0
536288.554133 5079775.03994 1413625856.0
536291.225014 5079782.83315 1413625863.0
536293.663051 5079790.625 1413625869.0
536291.541483 5079795.05689 1413625876.0
536292.851129 5079796.73118 1413625883.0
536294.631656 5079797.51937 1413625890.0
536294.867096 5079797.07632 1413625892.0
536296.193665 5079795.8619 1413625901.0
536296.194967 5079795.63969 1413625902.0
536294.846267 5079800.63165 1413625914.0
536293.442738 5079801.73451 1413625921.0
536293.441436 5079801.95672 1413625926.0
536289.519824 5079808.93355 1413625944.0
536284.041424 5079816.67903 1413625948.0
536279.132346 5079819.98352 1413625955.0
536278.189942 5079821.86684 1413625962.0
536278.940037 5079826.31555 1413625972.0
536279.668659 5079834.43071 1413625979.0
536279.408497 5079839.09572 1413625986.0
536279.248068 5079839.98364 1413625993.0
536279.606848 5079844.98561 1413626012.0
536279.331722 5079852.20602 1413626019.0
536279.169992 5079853.31615 1413626026.0
536279.729073 5079863.87469 1413626069.0
536278.671327 5079872.2016 1413626073.0
536275.521333 5079879.96072 1413626078.0
536272.772413 5079885.50003 1413626085.0
536270.776841 5079894.93253 1413626091.0
536271.116109 5079903.26762 1413626097.0
536272.069757 5079912.71738 1413626103.0
536271.415044 5079918.49117 1413626110.0
536274.471983 5079926.61996 1413626116.0
536276.360202 5079935.51966 1413626121.0
536281.3691 5079941.65994 1413626128.0
536280.930944 5079950.21269 1413626135.0
536286.560708 5079956.35661 1413626142.0
536288.010572 5079960.58721 1413626149.0
536293.404234 5079967.28529 1413626155.0
536299.427229 5079972.54266 1413626162.0
536302.519913 5079974.56073 1413626169.0
536305.378463 5079976.79964 1413626176.0
536306.373068 5079979.24985 1413626183.0
536306.345068 5079984.02733 1413626191.0
536310.181934 5079991.49406 1413626198.0
536312.462688 5079999.61832 1413626204.0
536313.961477 5080008.73796 1413626210.0
536316.394181 5080017.41866 1413626216.0
536321.671629 5080017.4496 1413626223.0
536322.832515 5080018.01194 1413626227.0
536313.128068 5080018.51059 1413626307.0
536306.495445 5080024.58266 1413626311.0
536302.960699 5080031.78397 1413626316.0
536301.760749 5080037.88788 1413626323.0
536299.380388 5080046.76258 1413626329.0
536296.631518 5080052.30188 1413626336.0
536295.832643 5080056.18598 1413626343.0
536292.695735 5080061.72301 1413626350.0
536293.266485 5080070.28167 1413626357.0
536289.891553 5080076.70617 1413626364.0
536291.7797 5080085.60588 1413626369.0
536291.730882 5080093.9387 1413626374.0
536296.107699 5080101.96412 1413626379.0
536297.618854 5080108.97279 1413626386.0
536293.725416 5080111.17214 1413626393.0
536287.730048 5080114.47026 1413626400.0
536287.308162 5080120.24541 1413626407.0
536284.958439 5080123.89821 1413626414.0
536285.501696 5080123.90139 1413626421.0
536282.245406 5080123.32678 1413626429.0
536285.384226 5080117.45644 1413626436.0
536285.570031 5080112.23544 1413626443.0
536287.13196 5080110.57797 1413626450.0
536293.349091 5080109.16999 1413626457.0
536292.454893 5080102.83159 1413626464.0
536286.657038 5080098.90884 1413626471.0
536286.055694 5080095.57207 1413626478.0
536278.391968 5080092.19394 1413626484.0
536274.324254 5080084.39256 1413626489.0
536272.815669 5080076.93948 1413626496.0
536271.682763 5080071.59966 1413626503.0
536266.266405 5080068.79025 1413626510.0
536265.112028 5080067.11687 1413626517.0
536258.709508 5080060.4129 1413626520.0
536252.329316 5080063.15327 1413626527.0
536251.572732 5080059.8156 1413626534.0
536250.17772 5080059.47411 1413626537.0
536246.142052 5080059.45049 1413626544.0
536245.754007 5080059.44822 1413626549.0
536236.427929 5080061.61582 1413626569.0
536227.888993 5080061.8992 1413626573.0
536219.353956 5080061.51597 1413626578.0
536211.377767 5080058.46942 1413626585.0
536206.425726 5080055.88499 1413626592.0
536206.194198 5080055.66142 1413626598.0
536198.033562 5080057.61368 1413626611.0
536190.310307 5080051.12428 1413626615.0
536184.672749 5080046.31371 1413626622.0
536179.112142 5080041.61469 1413626629.0
536172.155209 5080036.79642 1413626634.0
536164.411794 5080033.75129 1413626640.0
536162.479993 5080032.29561 1413626647.0
536162.625483 5080033.96308 1413626654.0
536155.098676 5080033.69693 1413626661.0
536145.797227 5080031.6427 1413626667.0
536138.836369 5080027.49109 1413626673.0
536132.624377 5080028.0104 1413626680.0
536129.172777 5080020.99046 1413626687.0
536124.556379 5080014.07484 1413626691.0
536117.995194 5080007.92564 1413626698.0
536111.026518 5080005.10731 1413626705.0
536105.981889 5080005.07791 1413626712.0
536099.773116 5080005.04172 1413626719.0
536095.113299 5080005.57011 1413626726.0
536094.333965 5080006.12111 1413626733.0
536093.790698 5080006.11794 1413626735.0
536092.012149 5080004.9965 1413626744.0
536081.686827 5080005.49189 1413626750.0
536072.241091 5080001.5481 1413626754.0
536064.256993 5079999.83499 1413626758.0
536054.788606 5079999.77988 1413626764.0
536048.929083 5080006.41226 1413626769.0
536041.949386 5080005.48278 1413626776.0
536036.128662 5080005.44892 1413626783.0
536030.893209 5079998.19645 1413626790.0
536028.797745 5079998.18426 1413626797.0
536019.491035 5079997.01906 1413626804.0
536010.172697 5079997.85375 1413626809.0
536001.613024 5080001.69278 1413626815.0
535995.148824 5080005.544 1413626822.0
535987.206822 5080009.94218 1413626827.0
535979.452314 5080008.78605 1413626834.0
535974.058353 5080002.08825 1413626841.0
535972.932918 5079995.41523 1413626848.0
535964.415192 5079992.03253 1413626854.0
535958.199957 5079993.10753 1413626861.0
535953.577544 5079987.19198 1413626868.0
535951.654707 5079984.1809 1413626875.0
535945.852014 5079981.03621 1413626882.0
535941.604093 5079977.4561 1413626889.0
535940.648664 5079968.2286 1413626896.0
535941.704007 5079960.23494 1413626903.0
535940.1937 5079953.00416 1413626910.0
535937.105401 5079950.20855 1413626917.0
535933.273217 5079941.85322 1413626921.0
535927.882369 5079934.59993 1413626926.0
535923.429278 5079926.24101 1413626932.0
535922.26383 5079926.45646 1413626939.0
535921.880286 5079925.67649 1413626946.0
535921.880286 5079925.67649 1413626947.0
535917.879962 5079919.54235 1413626972.0
535917.158607 5079910.09399 1413626977.0
535912.702263 5079902.2906 1413626981.0
535905.201691 5079897.46948 1413626986.0
535901.765213 5079887.78317 1413626990.0
535900.648048 5079879.66581 1413626992.0
535894.243009 5079873.29554 1413626996.0
535887.290172 5079867.69986 1413627002.0
535880.566939 5079862.66106 1413627007.0
535871.648057 5079861.49833 1413627011.0
535863.099863 5079863.33768 1413627015.0
535854.567107 5079862.51053 1413627020.0
535849.91685 5079861.37254 1413627027.0
535845.679077 5079856.01483 1413627034.0
535842.210342 5079851.88377 1413627041.0
535835.222088 5079852.39888 1413627048.0
535827.841278 5079853.68949 1413627055.0
535821.633639 5079853.43138 1413627062.0
535813.468369 5079856.16187 1413627069.0
535809.605133 5079853.13962 1413627076.0
535804.749638 5079847.22283 1413627083.0
535796.45675 5079845.17497 1413627087.0
535788.324856 5079842.12807 1413627093.0
535785.653371 5079834.33508 1413627100.0
535778.536828 5079830.18299 1413627106.0
535774.839048 5079825.38399 1413627113.0
535771.123299 5079823.69591 1413627120.0
535766.484544 5079820.55811 1413627127.0
535761.094677 5079813.08276 1413627133.0
535752.240491 5079814.14274 1413627140.0
535748.133464 5079813.00796 1413627147.0
535746.592763 5079810.99913 1413627154.0
535745.971866 5079810.99554 1413627158.0
535745.431146 5079810.54799 1413627167.0
535745.431146 5079810.54799 1413627168.0
535735.883578 5079810.71513 1413627177.0
535728.38404 5079805.67202 1413627183.0
535722.756792 5079798.97309 1413627188.0
535716.424616 5079793.38118 1413627193.0
535711.156586 5079791.6842 1413627200.0
535705.966166 5079789.98766 1413627207.0
535702.871277 5079788.30321 1413627214.0
535694.330717 5079788.80953 1413627221.0
535685.799758 5079787.64931 1413627225.0
535676.877535 5079787.04238 1413627234.0
535674.935307 5079787.36452 1413627241.0
535670.633361 5079793.11736 1413627248.0
535665.317348 5079799.75323 1413627253.0
535656.227128 5079801.36752 1413627258.0
535648.090634 5079799.09854 1413627264.0
535645.377402 5079798.52739 1413627271.0
535641.490399 5079799.61611 1413627278.0
535641.099142 5079800.16939 1413627281.0
535640.326216 5079799.60941 1413627289.0
535640.326216 5079799.60941 1413627290.0
535631.930038 5079802.00549 1413627309.0
535623.626813 5079801.73552 1413627314.0
535615.458371 5079805.02179 1413627318.0
535608.498823 5079800.53747 1413627325.0
535601.303234 5079796.60734 1413627332.0
535596.271206 5079794.35627 1413627339.0
535589.921679 5079791.76431 1413627346.0
535581.000731 5079790.93531 1413627351.0
535573.257362 5079787.77982 1413627355.0
535564.342784 5079785.8398 1413627360.0
535558.499536 5079789.69504 1413627367.0
535550.721088 5079792.65031 1413627373.0
535546.087937 5079788.51273 1413627380.0
535545.71135 5079786.51063 1413627387.0
535537.544206 5079789.5748 1413627394.0
535529.394911 5079789.52806 1413627401.0
535523.064464 5079783.60304 1413627407.0
535517.03299 5079779.67968 1413627414.0
535510.0778 5079774.41774 1413627418.0
535505.694002 5079767.39282 1413627424.0
535498.897197 5079761.57626 1413627430.0
535490.35662 5079762.08287 1413627436.0
535486.131197 5079754.50333 1413627443.0
535480.352871 5079747.02601 1413627450.0
535473.765321 5079745.32167 1413627457.0
535473.377256 5079745.31944 1413627464.0
535471.449657 5079743.08625 1413627471.0
535471.454746 5079742.19742 1413627477.0
535464.11141 5079736.93331 1413627492.0
535454.416145 5079735.76674 1413627496.0
535445.124833 5079731.8248 1413627500.0
535438.569034 5079724.56528 1413627504.0
535435.122832 5079716.4347 1413627508.0
535428.554297 5079711.39728 1413627513.0
535424.489709 5079702.81873 1413627520.0
535417.377857 5079697.77822 1413627527.0
535410.169329 5079696.07039 1413627534.0
535408.238516 5079694.39274 1413627541.0
535408.080114 5079694.94738 1413627543.0
535399.940219 5079693.23424 1413627594.0
535391.800318 5079691.52112 1413627599.0
535383.264731 5079691.13904 1413627603.0
535374.349957 5079689.1993 1413627608.0
535366.054818 5079687.48533 1413627613.0
535365.079454 5079681.59104 1413627620.0
535358.740497 5079677.11055 1413627627.0
535348.578803 5079676.05259 1413627631.0
535342.24173 5079671.2388 1413627636.0
535339.945004 5079665.67031 1413627643.0
535332.571686 5079665.62825 1413627650.0
535325.363098 5079663.92053 1413627657.0
535319.195157 5079656.66336 1413627661.0
535311.934271 5079650.51104 1413627666.0
535306.300102 5079644.92354 1413627671.0
535303.195537 5079644.90585 1413627678.0
535295.459442 5079640.41746 1413627685.0
535287.319445 5079638.70447 1413627690.0
535278.791373 5079636.98929 1413627695.0
535271.433834 5079634.1697 1413627702.0
535266.003998 5079633.58325 1413627709.0
535258.236248 5079634.65012 1413627716.0
535256.292731 5079635.1946 1413627723.0
535250.862894 5079634.60817 1413627730.0
535242.490035 5079632.89392 1413627737.0
535234.974088 5079630.62901 1413627744.0
535229.308244 5079630.59679 1413627751.0
535225.660371 5079630.57605 1413627758.0
535219.864562 5079626.09879 1413627765.0
535211.336455 5079624.3837 1413627772.0
535203.972558 5079622.67523 1413627779.0
535197.003042 5079619.85794 1413627786.0
535192.529804 5079614.83268 1413627793.0
535187.348563 5079611.47002 1413627800.0
535183.274741 5079604.44709 1413627807.0
535180.828927 5079597.76673 1413627814.0
535183.581405 5079591.44922 1413627821.0
535181.446044 5079584.77063 1413627828.0
535180.717212 5079576.43341 1413627834.0
535180.227531 5079566.98646 1413627841.0
535174.0486 5079561.61821 1413627846.0
535166.071265 5079558.57302 1413627851.0
535163.793255 5079549.67146 1413627857.0
535164.279125 5079546.11877 1413627864.0
535163.290934 5079542.44661 1413627871.0
535162.911054 5079541.00005 1413627878.0
535159.45619 5079534.31398 1413627887.0
535158.725429 5079526.31007 1413627893.0
535157.965035 5079523.52806 1413627900.0
535151.153769 5079520.15618 1413627907.0
535145.759746 5079513.2369 1413627913.0
535146.037341 5079505.34983 1413627918.0
535146.094063 5079495.35045 1413627924.0
535144.59027 5079486.78662 1413627929.0
535137.797859 5079480.08163 1413627935.0
535135.122245 5079472.84445 1413627941.0
535134.238102 5079464.50636 1413627947.0
535134.288504 5079455.61803 1413627952.0
535127.334515 5079450.02321 1413627957.0
535121.551061 5079443.32396 1413627962.0
535116.155678 5079436.62691 1413627967.0
535109.194096 5079432.36537 1413627972.0
535111.962312 5079423.27022 1413627977.0
535102.901908 5079419.55233 1413627982.0
535098.437888 5079412.86057 1413627987.0
535093.048746 5079405.05251 1413627993.0
535086.87398 5079398.90661 1413627999.0
535079.141825 5079393.64077 1413628005.0
535074.109281 5079391.39012 1413628012.0
535070.000596 5079390.478 1413628019.0
535066.537371 5079385.23634 1413628026.0
535061.520534 5079380.2081 1413628033.0
535057.50643 5079376.29662 1413628040.0
535056.153318 5079368.51142 1413628047.0
535054.092215 5079362.38884 1413628054.0
535049.447725 5079360.14041 1413628061.0
535043.631426 5079359.21865 1413628068.0
535038.372272 5079355.85567 1413628075.0
535030.855915 5079353.59102 1413628082.0
535025.053425 5079350.22498 1413628089.0
535021.764214 5079341.6511 1413628096.0
535018.939446 5079333.30206 1413628102.0
535013.93069 5079326.8295 1413628108.0
535009.862131 5079318.80676 1413628114.0
535002.364547 5079313.20901 1413628120.0
534994.21965 5079312.27415 1413628124.0
534986.474761 5079309.2305 1413628129.0
534983.420211 5079300.32464 1413628135.0
534976.850868 5079295.28771 1413628141.0
534969.895302 5079289.91528 1413628147.0
534961.740339 5079290.75812 1413628153.0
534953.595406 5079289.82331 1413628160.0
534944.683058 5079287.32867 1413628167.0
534939.128977 5079281.18643 1413628173.0
534936.613291 5079273.06138 1413628179.0
534933.3164 5079265.8208 1413628186.0
534928.94035 5079257.24083 1413628193.0
534925.100108 5079249.99719 1413628199.0
534919.462093 5079244.96557 1413628206.0
534917.80143 5079236.62314 1413628213.0
534915.519808 5079228.2772 1413628219.0
534913.623146 5079220.48898 1413628226.0
534914.60341 5079211.82811 1413628233.0
534908.271157 5079206.01483 1413628240.0
534907.153806 5079197.67546 1413628246.0
534904.251195 5079189.32604 1413628253.0
534899.47819 5079182.29937 1413628259.0
534897.584622 5079173.95563 1413628265.0
534891.407554 5079168.14325 1413628272.0
534884.064921 5079162.54652 1413628279.0
534879.839592 5079154.7452 1413628286.0
534879.110293 5079146.40802 1413628292.0
534870.590813 5079143.02685 1413628298.0
534862.068197 5079140.2012 1413628303.0
534855.107357 5079135.71774 1413628308.0
534851.663178 5079127.03197 1413628315.0
534843.536132 5079122.87528 1413628321.0
534837.750189 5079116.50961 1413628327.0
534830.387462 5079114.46829 1413628334.0
534822.408134 5079111.64575 1413628339.0
534817.390876 5079106.61771 1413628346.0
534809.10105 5079103.79345 1413628352.0
534805.254329 5079097.66092 1413628359.0
534797.892817 5079095.39743 1413628366.0
534790.138829 5079093.90949 1413628373.0
534785.113422 5079090.32583 1413628380.0
534779.960829 5079081.74162 1413628387.0
534774.330648 5079075.26578 1413628393.0
534774.90829 5079069.15811 1413628400.0
534776.745333 5079059.94649 1413628406.0
534777.170853 5079053.28242 1413628413.0
534777.364756 5079046.39483 1413628420.0
534781.910462 5079038.64281 1413628425.0
534783.668031 5079029.76407 1413628432.0
534784.477303 5079023.87991 1413628439.0
534784.991058 5079015.32751 1413628446.0
534784.413738 5079007.54674 1413628453.0
534784.428082 5079004.99134 1413628460.0
534782.490648 5079004.42493 1413628467.0
534781.8678 5079004.75476 1413628477.0
534781.8678 5079004.75476 1413628478.0
534780.310993 5079005.52377 1413628545.0
534782.886242 5079003.09386 1413628552.0
534781.49528 5079001.97497 1413628559.0
534781.338788 5079002.19631 1413628560.0
534782.103785 5079004.20054 1413628571.0
534782.103785 5079004.20054 1413628577.0
534781.429801 5079013.64091 1413629993.0
534778.914718 5079019.18217 1413630001.0
534771.894455 5079025.25369 1413630008.0
534764.656923 5079028.54631 1413630014.0
534758.799764 5079034.84659 1413630021.0
534754.332953 5079042.37685 1413630028.0
534751.187587 5079049.5812 1413630035.0
534748.820313 5079056.4566 1413630042.0
534745.674961 5079063.66096 1413630049.0
534744.852024 5079071.98941 1413630054.0
534746.121747 5079080.88514 1413630061.0
534747.473447 5079089.00358 1413630067.0
534754.049427 5079092.92922 1413630074.0
534758.050197 5079099.28479 1413630081.0
