534727.964198 5079107.44918 1441012982.0
534739.249115 5079102.17927 1441013022.0
534740.505376 5079099.63084 1441013062.0
534735.184409 5079093.37898 1441013102.0
534732.304558 5079080.91879 1441013142.0
534732.723179 5079075.47686 1441013182.0
534733.64178 5079063.92682 1441013222.0
534738.25196 5079058.50839 1441013262.0
534742.466565 5079054.42104 1441013302.0
534751.68634 5079043.6953 1441013342.0
534755.430872 5079040.38307 1441013382.0
534759.18725 5079034.95987 1441013422.0
534767.985934 5079030.12049 1441013462.0
534775.049517 5079030.16013 1441013502.0
534766.644249 5079047.89018 1441013542.0
534761.976072 5079063.64127 1441013582.0
534760.16806 5079081.51946 1441013622.0
534773.079667 5079090.70272 1441013662.0
534782.210885 5079095.75381 1441013702.0
534794.668558 5079102.82353 1441013742.0
534805.048539 5079106.65948 1441013782.0
534824.555291 5079116.32434 1441013822.0
534855.630702 5079139.27612 1441013862.0
534870.995261 5079153.91767 1441013902.0
534879.599922 5079169.74339 1441013942.0
534894.498629 5079184.38237 1441013982.0
534904.825853 5079211.32859 1441014022.0
534907.14569 5079240.45186 1441014062.0
534919.932168 5079257.96782 1441014102.0
534924.862207 5079264.66206 1441014142.0
534930.681696 5079278.80554 1441014182.0
534938.949933 5079285.40751 1441014222.0
534945.989415 5079289.6693 1441014262.0
534960.631226 5079280.97439 1441014302.0
534963.145116 5079275.6554 1441014342.0
534967.387941 5079266.56852 1441014382.0
534968.664955 5079260.35369 1441014422.0
534972.428288 5079253.70847 1441014462.0
534975.817331 5079244.61677 1441014502.0
534978.327485 5079239.96442 1441014542.0
534983.809756 5079231.32897 1441014582.0
534986.307374 5079228.8987 1441014622.0
534992.17337 5079221.04318 1441014662.0
534993.902331 5079217.27528 1441014702.0
534997.188077 5079212.73843 1441014742.0
535001.017165 5079208.20464 1441014782.0
535002.668515 5079204.43631 1441014822.0
535004.396859 5079200.77952 1441014862.0
535008.15085 5079195.80088 1441014902.0
535013.168109 5079187.05172 1441014942.0
535014.042645 5079183.39011 1441014982.0
535017.03678 5079175.51838 1441015022.0
535020.790796 5079170.53975 1441015062.0
535023.68409 5079166.77844 1441015102.0
535029.980739 5079165.14742 1441015142.0
535046.222196 5079161.90603 1441015182.0
535054.508697 5079165.28613 1441015222.0
535058.332827 5079161.64121 1441015262.0
535058.356714 5079157.41926 1441015302.0
535056.279196 5079154.18538 1441015342.0
535056.293653 5079151.62999 1441015382.0
535057.570779 5079145.41518 1441015422.0
535060.076004 5079141.6517 1441015462.0
535060.941144 5079139.65665 1441015502.0
535062.197531 5079137.10828 1441015542.0
535063.058271 5079135.89097 1441015582.0
535068.037929 5079133.8081 1441015622.0
535074.734047 5079130.17945 1441015662.0
535076.366595 5079129.74426 1441015702.0
535083.048883 5079128.55991 1441015742.0
535088.089817 5079129.3662 1441015782.0
535098.020215 5079130.3113 1441015822.0
535107.642647 5079130.81024 1441015862.0
535115.94112 5079132.07945 1441015902.0
535124.243999 5079132.57094 1441015942.0
535129.677436 5079132.60174 1441015982.0
535134.262087 5079131.73887 1441016022.0
535137.987874 5079131.76 1441016062.0
535145.905169 5079131.8049 1441016102.0
535147.160962 5079129.36765 1441016142.0
535148.01983 5079128.48366 1441016182.0
535149.883985 5079128.27202 1441016222.0
535152.99322 5079127.51191 1441016262.0
535156.960066 5079126.09001 1441016302.0
535157.817675 5079125.42823 1441016342.0
535158.990179 5079123.99048 1441016382.0
535162.502653 5079120.56608 1441016422.0
535165.164454 5079116.5813 1441016462.0
535168.523586 5079112.82271 1441016502.0
535172.263257 5079110.39956 1441016542.0
535179.35072 5079106.2177 1441016582.0
535181.462885 5079103.34089 1441016622.0
535183.184423 5079100.9063 1441016662.0
535186.065861 5079099.25604 1441016702.0
535191.120687 5079097.61813 1441016742.0
535193.995188 5079097.19003 1441016782.0
535198.203129 5079094.32513 1441016822.0
535200.710354 5079090.22839 1441016862.0
535201.980694 5079085.23576 1441016902.0
535210.344867 5079074.95026 1441016942.0
535215.414242 5079070.75698 1441016982.0
535217.526435 5079067.88018 1441017022.0
535227.156602 5079053.37981 1441017062.0
535230.054497 5079048.84087 1441017102.0
535231.788071 5079044.29531 1441017142.0
535233.432024 5079041.86029 1441017182.0
535236.017546 5079037.6529 1441017222.0
535238.052138 5079034.77567 1441017262.0
535243.118406 5079031.13792 1441017302.0
535253.960301 5079021.97766 1441017342.0
535263.143081 5079017.91892 1441017382.0
535265.643424 5079015.04435 1441017422.0
535267.765144 5079010.50101 1441017462.0
535273.624746 5079003.8679 1441017502.0
535284.979282 5078986.48863 1441017542.0
535285.837556 5078985.71577 1441017582.0
535289.797564 5078985.5161 1441017622.0
535293.763266 5078984.3165 1441017662.0
535298.111386 5078984.11905 1441017702.0
535299.353345 5078984.12613 1441017742.0
535306.038367 5078982.4976 1441017782.0
535308.755152 5078982.51308 1441017822.0
535313.567742 5078982.5405 1441017862.0
535318.146199 5078982.78881 1441017902.0
535323.967881 5078982.82199 1441017942.0
535328.710449 5078981.51573 1441017982.0
535331.896137 5078980.97836 1441018022.0
535335.008003 5078979.77392 1441018062.0
535337.27236 5078977.45357 1441018102.0
535341.715851 5078974.14568 1441018142.0
535347.084481 5078971.95414 1441018182.0
535349.040889 5078969.18761 1441018222.0
535351.77416 5078966.3144 1441018262.0
535353.41818 5078963.87941 1441018302.0
535354.903786 5078961.99906 1441018342.0
535357.798014 5078958.1268 1441018382.0
535361.154177 5078954.92383 1441018422.0
535362.023244 5078952.2622 1441018462.0
535362.426574 5078949.59792 1441018502.0
535362.437352 5078947.70915 1441018542.0
535363.536753 5078945.49327 1441018582.0
535369.375592 5078942.52668 1441018622.0
535377.912846 5078942.79763 1441018662.0
535381.016494 5078943.03757 1441018702.0
535391.424946 5078941.87482 1441018742.0
535396.625683 5078941.90452 1441018782.0
535398.338465 5078941.02544 1441018822.0
535401.2194 5078939.48639 1441018862.0
535401.852443 5078937.37896 1441018902.0
535401.875928 5078933.26811 1441018942.0
535402.116414 5078931.93619 1441018982.0
535402.367055 5078928.82661 1441019022.0
535402.374037 5078927.60447 1441019062.0
535403.811243 5078920.61289 1441019102.0
535404.054903 5078918.72545 1441019142.0
535405.547519 5078915.62296 1441019182.0
535407.825891 5078910.85835 1441019222.0
535409.699643 5078908.98022 1441019262.0
535412.272007 5078907.10609 1441019302.0
535415.623782 5078904.68088 1441019342.0
535417.881845 5078903.4716 1441019382.0
535419.366216 5078901.81347 1441019422.0
535422.102089 5078898.49587 1441019462.0
535422.498462 5078897.05374 1441019502.0
535422.737683 5078895.94403 1441019542.0
535423.365658 5078894.72543 1441019582.0
535422.311952 5078888.94181 1441019622.0
535420.088174 5078884.15147 1441019662.0
535420.09643 5078882.70712 1441019702.0
535420.514395 5078877.48744 1441019742.0
535420.758062 5078875.6 1441019782.0
535420.761237 5078875.04448 1441019822.0
535420.769493 5078873.60013 1441019862.0
535420.775843 5078872.48909 1441019902.0
535420.784099 5078871.04474 1441019942.0
535421.065234 5078862.60216 1441019982.0
535422.098478 5078858.38597 1441020022.0
535422.105463 5078857.16383 1441020062.0
535421.751637 5078851.16199 1441020102.0
535421.145885 5078848.49194 1441020142.0
535420.937144 5078844.26866 1441020182.0
535421.346222 5078840.60444 1441020222.0
535421.367814 5078836.8269 1441020262.0
535420.388545 5078831.59924 1441020302.0
535420.39553 5078830.3771 1441020342.0
535422.916343 5078823.94726 1441020382.0
535425.038242 5078819.40397 1441020422.0
535425.914341 5078815.52021 1441020462.0
535425.920692 5078814.40917 1441020502.0
535426.572175 5078809.07973 1441020542.0
535426.114684 5078807.63271 1441020582.0
535426.99015 5078803.86006 1441020622.0
535427.238267 5078801.19489 1441020662.0
535427.401138 5078799.86253 1441020702.0
535427.273835 5078794.97306 1441020742.0
535429.145087 5078793.53936 1441020782.0
535435.04064 5078780.68458 1441020822.0
535435.278598 5078779.79707 1441020862.0
535438.174229 5078775.70265 1441020902.0
535440.293614 5078771.60378 1441020942.0
535440.532843 5078770.49407 1441020982.0
535442.830991 5078762.28525 1441021022.0
535444.549548 5078760.40625 1441021062.0
535447.469344 5078752.08987 1441021102.0
535448.561818 5078751.09615 1441021142.0
535452.94443 5078744.89919 1441021182.0
535455.206373 5078743.0233 1441021222.0
535457.944876 5078739.26131 1441021262.0
535460.918167 5078735.16733 1441021302.0
535462.567376 5078731.84354 1441021342.0
535466.563159 5078725.42216 1441021382.0
535471.786336 5078721.56329 1441021422.0
535474.976622 5078720.24825 1441021462.0
535478.724918 5078716.38094 1441021502.0
535482.698463 5078713.84822 1441021542.0
535487.92166 5078709.98935 1441021582.0
535488.955609 5078705.66207 1441021622.0
535492.164359 5078701.12504 1441021662.0
535497.386936 5078697.37729 1441021702.0
535502.633068 5078689.51869 1441021742.0
535504.904594 5078685.97626 1441021782.0
535507.635514 5078683.54754 1441021822.0
535512.636695 5078677.79859 1441021862.0
535516.859713 5078672.37852 1441021902.0
535519.207606 5078669.05874 1441021942.0
535520.617616 5078666.84467 1441021982.0
535525.476945 5078658.76166 1441022022.0
535530.490265 5078650.90175 1441022062.0
535530.98023 5078646.68247 1441022102.0
535535.77088 5078637.04357 1441022142.0
535534.56134 5078631.37014 1441022182.0
535534.827347 5078625.59407 1441022222.0
535535.497415 5078617.04262 1441022262.0
535542.803913 5078615.4179 1441022302.0
535546.554863 5078611.10622 1441022342.0
535548.921914 5078604.45333 1441022382.0
535550.405115 5078603.01744 1441022422.0
535551.040154 5078600.57671 1441022462.0
535554.171375 5078596.03926 1441022502.0
535557.919158 5078592.2831 1441022542.0
535562.274577 5078590.86369 1441022582.0
535572.328042 5078584.03271 1441022622.0
535576.06245 5078582.60975 1441022662.0
535578.808751 5078577.51456 1441022702.0
535581.21986 5078563.19551 1441022742.0
535582.738801 5078555.5378 1441022782.0
535584.408535 5078548.65871 1441022822.0
535586.521074 5078545.78204 1441022862.0
535590.510085 5078540.58289 1441022902.0
535596.592507 5078535.84019 1441022942.0
535602.833386 5078530.54287 1441022982.0
535605.569519 5078527.22536 1441023022.0
535609.781866 5078523.69411 1441023062.0
535613.931913 5078517.49593 1441023102.0
535619.006484 5078512.52524 1441023142.0
535623.181453 5078501.99401 1441023182.0
535625.057947 5078499.67154 1441023222.0
535630.766345 5078492.48235 1441023262.0
535634.138869 5078486.50193 1441023302.0
535636.639596 5078483.6275 1441023342.0
535642.886951 5078477.21918 1441023382.0
535649.439083 5078471.81259 1441023422.0
535651.702462 5078469.71457 1441023462.0
535655.052009 5078467.7339 1441023502.0
535660.033682 5078465.4293 1441023542.0
535661.138387 5078462.32464 1441023582.0
535661.155008 5078459.43593 1441023622.0
535661.603884 5078448.88329 1441023662.0
535660.797909 5078440.54557 1441023702.0
535664.426393 5078430.56676 1441023742.0
535664.829883 5078427.9025 1441023782.0
535667.206718 5078419.5831 1441023822.0
535668.460299 5078417.59038 1441023862.0
535674.090553 5078410.51189 1441023902.0
535678.705237 5078404.53864 1441023942.0
535683.286668 5078404.3428 1441023982.0
535690.574263 5078406.05137 1441024022.0
535693.858591 5078415.40333 1441024062.0
535701.387378 5078415.66891 1441024102.0
535705.512626 5078413.80384 1441024142.0
535707.852395 5078411.92849 1441024182.0
535713.070223 5078409.06976 1441024222.0
535719.901631 5078409.10912 1441024262.0
535728.29716 5078407.15758 1441024302.0
535735.13946 5078405.30819 1441024342.0
535742.019029 5078410.45882 1441024382.0
535746.549836 5078419.04024 1441024422.0
535748.111488 5078430.93777 1441024462.0
535754.518832 5078437.19676 1441024502.0
535760.540582 5078443.0091 1441024542.0
535770.291084 5078448.39853 1441024582.0
535782.814393 5078444.13762 1441024622.0
535794.694228 5078443.76179 1441024662.0
535805.505869 5078440.15769 1441024702.0
535814.492886 5078443.32063 1441024742.0
535823.414466 5078444.37216 1441024782.0
535831.561678 5078445.0859 1441024822.0
535838.622723 5078445.68226 1441024862.0
535851.494386 5078448.31218 1441024902.0
535862.51644 5078448.59817 1441024942.0
535865.465062 5078448.83744 1441024982.0
535877.112007 5078448.46042 1441025022.0
535883.178016 5078446.60671 1441025062.0
535888.388821 5078444.97026 1441025102.0
535890.498964 5078442.53811 1441025142.0
535891.984857 5078440.65789 1441025182.0
535892.202526 5078429.8817 1441025222.0
535893.288051 5078430.1102 1441025262.0
535900.61546 5078424.93057 1441025302.0
535905.395268 5078417.29183 1441025342.0
535906.894689 5078413.07842 1441025382.0
535904.184732 5078411.84054 1441025422.0
535891.919253 5078411.7695 1441025462.0
535888.62171 5078404.75062 1441025502.0
535888.882263 5078399.97449 1441025542.0
535891.256412 5078378.76667 1441025582.0
535880.916378 5078367.92935 1441025622.0
535875.522138 5078361.00945 1441025662.0
535870.981177 5078354.2056 1441025702.0
535869.364443 5078351.86298 1441025742.0
535873.761902 5078343.22203 1441025782.0
535870.733843 5078329.87158 1441025822.0
535870.37784 5078324.31414 1441025862.0
535870.200245 5078314.75785 1441025902.0
535867.562247 5078301.07633 1441025942.0
535866.955987 5078298.51735 1441025982.0
535861.800349 5078290.59887 1441026022.0
535870.127455 5078287.09161 1441026062.0
535877.182246 5078288.79906 1441026102.0
535889.548116 5078284.98188 1441026142.0
535897.259987 5078280.47112 1441026182.0
535907.3169 5078273.19627 1441026222.0
535915.411806 5078269.57662 1441026262.0
535923.182029 5078268.39946 1441026302.0
535934.35902 5078268.79757 1441026342.0
535941.521726 5078265.28366 1441026382.0
535943.806541 5078259.51931 1441026422.0
535951.529439 5078253.11985 1441026462.0
535960.558556 5078249.06124 1441026502.0
535973.08627 5078244.13409 1441026542.0
535980.827276 5078234.62376 1441026582.0
535982.96526 5078227.41417 1441026622.0
535985.880215 5078220.09799 1441026662.0
535990.10331 5078214.78934 1441026702.0
535996.840967 5078204.27323 1441026742.0
535999.377466 5078195.28824 1441026782.0
536003.196747 5078179.31091 1441026822.0
536007.815147 5078172.78239 1441026862.0
536010.95079 5078167.57854 1441026902.0
536013.71893 5078158.81712 1441026942.0
536019.184216 5078153.5157 1441026982.0
536025.65551 5078148.77568 1441027022.0
536030.309476 5078136.13645 1441027062.0
536041.216868 5078129.5334 1441027102.0
536044.743102 5078097.22157 1441027142.0
536046.412173 5078090.56481 1441027182.0
536049.002417 5078072.35822 1441027222.0
536054.926419 5078054.94876 1441027262.0
536044.217329 5078040.77581 1441027302.0
536032.707815 5078017.37628 1441027342.0
536024.467917 5077992.44027 1441027382.0
536022.026859 5077984.98187 1441027422.0
536022.094651 5077973.31596 1441027462.0
536027.246686 5077941.79133 1441027502.0
536030.695443 5077922.81196 1441027542.0
536034.960755 5077910.28159 1441027582.0
536034.989173 5077905.39302 1441027622.0
536045.988712 5077883.01322 1441027662.0
536047.672051 5077873.91218 1441027702.0
536056.041826 5077863.18342 1441027742.0
536065.294721 5077847.45996 1441027782.0
536086.270832 5077831.80474 1441027822.0
536101.308456 5077822.67036 1441027862.0
536106.277224 5077822.6993 1441027902.0
536127.932769 5077823.71433 1441027942.0
536141.961004 5077841.24001 1441027982.0
536127.691248 5077865.15608 1441028022.0
536123.315005 5077896.68516 1441028062.0
536136.774631 5077878.54195 1441028102.0
536131.578602 5077917.51045 1441028142.0
536149.701743 5077951.72617 1441028182.0
536159.760269 5077931.0077 1441028222.0
536164.845478 5077924.37091 1441028262.0
536180.465281 5077961.79424 1441028302.0
536190.329945 5077974.29589 1441028342.0
536202.809732 5077977.70199 1441028382.0
536191.911423 5077995.97112 1441028422.0
536209.41366 5077990.18462 1441028462.0
536216.036386 5077999.44525 1441028502.0
536220.134531 5078015.57982 1441028542.0
536227.536155 5078024.40058 1441028582.0
536227.412781 5078045.51032 1441028622.0
536248.965525 5078063.9691 1441028662.0
536256.879644 5078064.79314 1441028702.0
536263.934587 5078066.50103 1441028742.0
536270.953119 5078074.43074 1441028782.0
536287.595618 5078082.86123 1441028822.0
536300.415154 5078094.49149 1441028862.0
536307.445322 5078100.42138 1441028902.0
536295.678633 5078121.12961 1441028942.0
536288.883137 5078141.42254 1441028982.0
536300.943136 5078150.15956 1441029022.0
536313.371739 5078162.232 1441029062.0
536317.84466 5078180.59099 1441029102.0
536338.198837 5078191.48774 1441029142.0
536348.940875 5078199.8838 1441029182.0
536358.914383 5078206.94209 1441029222.0
536359.153948 5078232.27607 1441029262.0
536358.238812 5078255.93666 1441029302.0
536368.951374 5078269.33244 1441029342.0
536377.699599 5078273.49476 1441029382.0
536383.82989 5078287.197 1441029422.0
536401.709193 5078296.41282 1441029462.0
536405.893441 5078297.77069 1441029502.0
536412.463364 5078302.69803 1441029542.0
536418.31436 5078311.06549 1441029582.0
536427.809417 5078320.23213 1441029622.0
536436.106116 5078321.94751 1441029662.0
536430.156466 5078343.57856 1441029702.0
536424.312632 5078347.21077 1441029742.0
536418.849122 5078352.17852 1441029782.0
536423.260344 5078354.5377 1441029822.0
536419.27247 5078359.40301 1441029862.0
536423.206805 5078363.64823 1441029902.0
536418.760337 5078367.28866 1441029942.0
536419.792973 5078376.51668 1441029982.0
536413.72216 5078379.14759 1441030022.0
536417.193317 5078382.94565 1441030062.0
536421.969163 5078389.30686 1441030102.0
536426.088699 5078401.66404 1441030142.0
536430.870483 5078393.80349 1441030182.0
536433.586222 5078394.04167 1441030222.0
536438.399274 5078394.06996 1441030262.0
536442.746547 5078394.09552 1441030302.0
536445.691909 5078394.8906 1441030342.0
536449.018886 5078396.79899 1441030382.0
536450.589652 5078406.91904 1441030422.0
536453.523245 5078409.71399 1441030462.0
536449.534075 5078414.80149 1441030502.0
536445.323783 5078417.88775 1441030542.0
536435.271685 5078424.27291 1441030582.0
536429.876067 5078430.90766 1441030622.0
536423.563926 5078434.98155 1441030662.0
536423.599185 5078428.98193 1441030702.0
536425.329886 5078425.10333 1441030742.0
536423.504648 5078418.64835 1441030782.0
536417.827898 5078420.28161 1441030822.0
536414.080791 5078423.81504 1441030862.0
536410.962557 5078426.01888 1441030902.0
536403.838918 5078422.86602 1441030942.0
536402.224359 5078420.18995 1441030982.0
536399.521028 5078417.84081 1441031022.0
536397.034272 5078418.27063 1441031062.0
536399.10939 5078421.83827 1441031102.0
