534737.610202 5079076.05979 1407398923.0
534744.188318 5079065.76367 1407398932.0
534748.594925 5079055.12204 1407398944.0
534750.823779 5079045.24597 1407398953.0
534757.240475 5079036.06002 1407398962.0
534769.286803 5079033.46102 1407398971.0
534772.338056 5079043.0334 1407398980.0
534769.867574 5079054.46362 1407398992.0
534764.384828 5079063.21036 1407399001.0
534761.449887 5079074.41576 1407399010.0
534764.802889 5079085.54533 1407399019.0
534771.591775 5079093.02763 1407399025.0
534781.01539 5079101.30248 1407399031.0
534788.108484 5079109.89759 1407399037.0
534801.586423 5079114.97311 1407399046.0
534816.033867 5079113.27655 1407399055.0
534823.053649 5079121.09353 1407399061.0
534832.491518 5079126.81306 1407399070.0
534840.763811 5079132.74827 1407399079.0
534851.357829 5079139.91874 1407399091.0
534860.330545 5079145.52459 1407399097.0
534870.759274 5079154.47188 1407399109.0
534877.920423 5079164.73409 1407399118.0
534886.480584 5079174.67086 1407399127.0
534892.635752 5079184.37188 1407399136.0
534898.249441 5079193.73654 1407399145.0
534901.903847 5079206.42339 1407399154.0
534902.926686 5079217.76214 1407399163.0
534905.189553 5079229.44119 1407399172.0
534907.682139 5079241.67707 1407399181.0
534911.258877 5079254.3635 1407399190.0
534918.494956 5079265.07061 1407399199.0
534927.680871 5079274.1221 1407399208.0
534934.927546 5079282.94046 1407399217.0
534943.486824 5079292.98842 1407399226.0
534950.540081 5079294.80592 1407399238.0
534961.109361 5079292.53229 1407399247.0
534972.841045 5079290.59855 1407399256.0
534983.830425 5079282.66084 1407399268.0
534992.722872 5079274.93351 1407399277.0
534998.522511 5079265.07768 1407399286.0
535004.93496 5079256.66972 1407399295.0
535012.121107 5079248.71057 1407399307.0
535023.164367 5079244.99532 1407399319.0
535041.726018 5079243.21143 1407399331.0
535050.595027 5079253.37239 1407399337.0
535055.218549 5079245.62101 1407399349.0
535054.007121 5079253.94723 1407399361.0
535045.179291 5079250.23074 1407399373.0
535037.458566 5079256.63133 1407399385.0
535035.070317 5079267.17305 1407399397.0
535035.164618 5079277.95103 1407399409.0
535039.210555 5079289.97354 1407399421.0
535043.734125 5079299.88771 1407399433.0
535051.204033 5079310.37409 1407399445.0
535057.909678 5079318.7451 1407399454.0
535061.996749 5079309.7685 1407399466.0
535058.496714 5079297.30464 1407399478.0
535065.773078 5079287.1239 1407399490.0
535071.379224 5079284.04461 1407399502.0
535083.949668 5079284.78242 1407399511.0
535091.227572 5079288.04576 1407399523.0
535100.440267 5079292.32004 1407399535.0
535111.776979 5079291.60651 1407399547.0
535122.911699 5079285.44759 1407399559.0
535133.182555 5079281.06151 1407399568.0
535145.738505 5079284.35484 1407399574.0
535152.856008 5079274.83995 1407399583.0
535154.622874 5079264.40585 1407399592.0
535158.332112 5079253.64944 1407399604.0
535167.840729 5079246.81472 1407399616.0
535179.634417 5079247.65943 1407399628.0
535187.314291 5079248.48079 1407399640.0
535197.755632 5079255.09545 1407399646.0
535208.188144 5079249.59933 1407399655.0
535212.050196 5079239.28826 1407399667.0
535220.622411 5079233.33716 1407399676.0
535225.331992 5079224.14199 1407399688.0
535224.711735 5079210.36111 1407399694.0
535232.97226 5079204.63047 1407399700.0
535239.968769 5079202.78142 1407399712.0
535249.023724 5079207.49945 1407399724.0
535261.161466 5079202.45756 1407399733.0
535269.193603 5079195.94791 1407399739.0
535277.046481 5079193.65935 1407399751.0
535285.791576 5079198.26456 1407399763.0
535295.803254 5079198.5438 1407399778.0
535303.073161 5079189.58549 1407399784.0
535309.65084 5079179.51216 1407399793.0
535320.23122 5079175.35037 1407399805.0
535324.15529 5079167.81741 1407399817.0
535323.291618 5079155.92396 1407399829.0
535326.964473 5079151.6117 1407399847.0
535326.640979 5079140.27686 1407399859.0
535334.148928 5079130.43108 1407399868.0
535336.043501 5079124.8865 1407399880.0
535343.036329 5079123.7042 1407399892.0
535349.366068 5079116.29608 1407399904.0
535355.365054 5079112.44154 1407399928.0
535363.454103 5079109.5989 1407399940.0
535368.407251 5079112.18264 1407399952.0
535374.393567 5079110.5502 1407399967.0
535382.358061 5079115.92884 1407399979.0
535390.099831 5079119.5285 1407399991.0
535398.277486 5079128.35272 1407400003.0
535403.362359 5079135.04824 1407400015.0
535411.163936 5079141.75928 1407400027.0
535414.914482 5079137.44751 1407400045.0
535419.659493 5079135.69691 1407400063.0
535421.787003 5079130.15368 1407400075.0
535422.049715 5079124.93312 1407400087.0
535429.524167 5079120.97597 1407400099.0
535434.192845 5079119.00273 1407400111.0
535440.938858 5079120.2635 1407400129.0
535439.649806 5079114.92295 1407400141.0
535440.887291 5079115.70778 1407400171.0
535445.844215 5079117.62497 1407400195.0
535457.946058 5079118.91639 1407400207.0
535463.691899 5079118.61595 1407400219.0
535473.063655 5079122.22504 1407400231.0
535480.159591 5079130.15432 1407400240.0
535493.015334 5079135.3389 1407400246.0
535502.897926 5079144.61746 1407400249.0
535514.428981 5079150.68335 1407400252.0
535525.020926 5079158.07718 1407400255.0
535535.241312 5079162.5801 1407400258.0
535547.127398 5079160.87055 1407400261.0
535559.319509 5079159.94053 1407400264.0
535593.882845 5079156.2502 1407400267.0
535619.358898 5079153.50779 1407400270.0
535630.22638 5079153.45916 1407400273.0
535641.319054 5079154.74514 1407400276.0
535620.921862 5079165.18309 1407400285.0
535610.814001 5079168.12491 1407400291.0
535606.982524 5079172.99163 1407400303.0
535614.312368 5079180.70019 1407400315.0
535605.810294 5079187.87334 1407400318.0
535579.142659 5079195.3866 1407400321.0
535569.099732 5079200.55101 1407400327.0
535579.334267 5079229.6089 1407400330.0
535591.916658 5079241.79191 1407400333.0
535617.312233 5079266.49266 1407400336.0
535625.107664 5079274.20391 1407400339.0
535637.158686 5079284.27292 1407400342.0
535648.609174 5079290.78304 1407400345.0
535661.612009 5079297.30211 1407400351.0
535658.069051 5079292.50409 1407400363.0
535646.751719 5079303.32753 1407400375.0
535637.023216 5079307.82699 1407400381.0
535628.082409 5079310.33106 1407400393.0
535622.495475 5079296.52157 1407400405.0
535615.316548 5079289.59161 1407400411.0
535605.255498 5079284.42283 1407400417.0
535595.910233 5079276.25827 1407400423.0
535591.344367 5079260.34362 1407400432.0
535586.84142 5079246.98482 1407400438.0
535578.181459 5079227.60234 1407400444.0
535574.364277 5079216.46964 1407400447.0
535570.892001 5079199.33911 1407400453.0
535566.477425 5079184.092 1407400459.0
535560.339244 5079171.6127 1407400462.0
535556.997278 5079158.81613 1407400468.0
535549.78129 5079144.77514 1407400474.0
535548.773641 5079130.992 1407400480.0
535554.662759 5079119.24836 1407400489.0
535553.264462 5079105.90741 1407400498.0
535557.37024 5079093.82022 1407400510.0
535561.962634 5079091.62442 1407400522.0
535560.732811 5079089.50631 1407400552.0
535558.205743 5079083.49199 1407400564.0
535561.032623 5079077.84172 1407400576.0
535557.59577 5079068.04451 1407400585.0
535554.684407 5079061.36134 1407400600.0
535559.959478 5079061.94715 1407400615.0
535568.962928 5079062.10993 1407400627.0
535575.504179 5079058.48092 1407400639.0
535579.593239 5079062.8376 1407400654.0
535584.711788 5079063.64475 1407400669.0
535586.136409 5079058.8753 1407400684.0
535589.374405 5079049.22752 1407400693.0
535603.521708 5079059.30848 1407400699.0
535611.790173 5079065.80025 1407400702.0
535623.76656 5079075.42436 1407400708.0
535635.896236 5079085.38269 1407400714.0
535632.26433 5079096.02815 1407400726.0
535623.878065 5079096.53547 1407400738.0
535619.359097 5079085.95426 1407400747.0
535609.413646 5079074.11967 1407400756.0
535615.638676 5079071.48886 1407400768.0
535625.471673 5079075.87859 1407400777.0
535637.332394 5079078.61338 1407400786.0
535648.720346 5079082.56765 1407400792.0
535658.078625 5079088.51021 1407400798.0
535668.126523 5079096.01226 1407400807.0
535674.791057 5079097.93946 1407400819.0
535667.466944 5079089.23089 1407400831.0
535660.1524 5079078.85577 1407400837.0
535653.605735 5079069.92947 1407400843.0
535651.002405 5079063.69246 1407400855.0
535655.287566 5079060.93942 1407400876.0
535649.350981 5079053.90547 1407400888.0
535639.031788 5079053.06836 1407400900.0
535643.433849 5079056.98245 1407400918.0
535645.960847 5079062.99681 1407400948.0
535638.985141 5079061.17896 1407400960.0
535645.771731 5079068.88443 1407400969.0
535652.468536 5079078.70044 1407400975.0
535654.132464 5079072.82131 1407400987.0
535652.265443 5079060.03317 1407400999.0
535656.671966 5079063.16954 1407401017.0
535662.455849 5079069.75818 1407401029.0
535662.954827 5079063.98345 1407401050.0
535666.161606 5079059.77981 1407401062.0
535665.257891 5079068.44102 1407401074.0
535669.599335 5079055.91083 1407401083.0
535672.369406 5079060.14887 1407401098.0
535667.184754 5079057.34133 1407401110.0
535663.669795 5079047.65472 1407401122.0
535658.824387 5079039.84929 1407401134.0
535662.058284 5079044.42332 1407401149.0
535666.597035 5079051.56034 1407401161.0
535659.819403 5079042.29939 1407401173.0
535658.49254 5079030.0699 1407401185.0
535654.491634 5079037.37999 1407401203.0
535652.429725 5079031.47941 1407401221.0
535655.754411 5079020.27666 1407401230.0
535653.611679 5079014.93116 1407401242.0
535655.764371 5079005.05495 1407401251.0
535655.811038 5078996.94435 1407401263.0
535653.819069 5078992.37747 1407401290.0
535658.693931 5078995.07211 1407401311.0
535658.99483 5078996.74046 1407401341.0
535663.827233 5078993.32393 1407401371.0
535662.676326 5078990.98404 1407401401.0
535657.818084 5078985.40069 1407401413.0
535648.439194 5078983.01347 1407401425.0
535652.14206 5078987.03465 1407401446.0
535657.199023 5078985.06381 1407401464.0
535665.040166 5078984.88672 1407401476.0
535669.947006 5078982.02616 1407401497.0
535681.116963 5078983.42376 1407401506.0
535688.446746 5078977.68836 1407401518.0
535694.736089 5078977.39126 1407401530.0
535702.285957 5078973.87931 1407401542.0
535710.430563 5078974.92621 1407401554.0
535720.534944 5078972.65118 1407401566.0
535717.768068 5078967.8576 1407401590.0
535717.768068 5078967.8576 1407401620.0
535714.900513 5078967.06331 1407401650.0
535719.514191 5078961.20119 1407401663.0
535726.051794 5078958.23897 1407401675.0
535734.896944 5078958.95662 1407401687.0
535740.093183 5078959.76434 1407401705.0
535747.990193 5078963.36534 1407401717.0
535753.178734 5078965.50632 1407401735.0
535757.664821 5078968.3099 1407401756.0
535760.917278 5078969.66196 1407401786.0
535768.507621 5078972.59457 1407401798.0
535774.430681 5078981.96182 1407401804.0
535782.477114 5078986.56369 1407401816.0
535781.043346 5078979.44452 1407401828.0
535781.625837 5078972.6703 1407401840.0
535783.676744 5078967.01565 1407401855.0
535777.810779 5078961.20417 1407401873.0
535782.931312 5078961.67817 1407401897.0
535787.814486 5078962.92856 1407401912.0
535788.23404 5078957.4867 1407401939.0
535790.964313 5078955.1692 1407401969.0
535790.964313 5078955.1692 1407401999.0
535797.099723 5078954.6491 1407402017.0
535802.15676 5078952.67838 1407402038.0
535802.737302 5078959.68152 1407402050.0
535801.070682 5078952.56099 1407402080.0
535806.825686 5078950.70541 1407402095.0
535812.332414 5078951.51499 1407402107.0
535814.634772 5078956.08371 1407402125.0
535820.209484 5078958.56031 1407402137.0
535821.7735 5078956.56941 1407402167.0
535822.365029 5078948.23974 1407402182.0
535822.518348 5078948.57395 1407402212.0
535820.901025 5078959.78649 1407402218.0
535820.087548 5078966.22604 1407402230.0
535823.628097 5078958.02453 1407402242.0
535826.913305 5078953.71032 1407402260.0
535828.350343 5078946.82994 1407402272.0
535832.917358 5078935.63446 1407402281.0
535835.025913 5078946.86854 1407402290.0
535836.391642 5078952.32072 1407402302.0
535835.865509 5078962.76181 1407402314.0
535839.008844 5078969.55757 1407402338.0
535841.28689 5078964.90422 1407402353.0
535842.888183 5078956.46928 1407402365.0
535843.181966 5078959.35979 1407402395.0
535846.416557 5078950.37876 1407402407.0
535847.38338 5078944.27343 1407402434.0
535847.866325 5078954.72035 1407402452.0
535846.362571 5078959.71151 1407402464.0
535846.317082 5078954.15585 1407402476.0
535847.308328 5078943.82856 1407402485.0
535848.889067 5078938.94896 1407402497.0
535847.119019 5078949.71618 1407402509.0
535850.479299 5078945.84685 1407402521.0
535855.461789 5078956.76424 1407402533.0
535853.557059 5078963.97523 1407402545.0
535854.376356 5078956.53574 1407402557.0
535861.785884 5078950.46769 1407402569.0
535859.033723 5078956.56269 1407402590.0
535861.75695 5078955.46737 1407402620.0
535863.7745 5078955.59016 1407402650.0
535865.128168 5078949.70928 1407402674.0
535866.742815 5078952.38521 1407402704.0
535869.951076 5078947.95947 1407402722.0
535870.52595 5078942.51851 1407402734.0
535873.05149 5078948.75517 1407402758.0
535879.472961 5078952.4589 1407402785.0
535881.835743 5078946.58387 1407402812.0
535885.906878 5078940.60762 1407402824.0
535888.116121 5078947.84242 1407402836.0
535887.107024 5078947.83658 1407402866.0
535891.253855 5078942.1941 1407402896.0
535896.692612 5078941.33674 1407402911.0
535896.67073 5078945.11428 1407402941.0
535900.570543 5078941.91474 1407402968.0
535904.08482 5078938.26855 1407402995.0
535906.386472 5078942.94841 1407403007.0
535911.671272 5078941.86795 1407403031.0
535915.176541 5078939.77722 1407403061.0
535918.914681 5078937.68784 1407403091.0
535922.352636 5078933.81899 1407403109.0
535923.144324 5078931.15699 1407403139.0
535926.832874 5078937.62263 1407403151.0
535932.662976 5078936.21203 1407403181.0
535935.252885 5078931.33831 1407403193.0
535933.154484 5078931.77057 1407403223.0
535936.850755 5078936.90296 1407403241.0
535938.002858 5078939.02069 1407403271.0
535938.002858 5078939.02069 1407403301.0
535942.825796 5078937.27094 1407403322.0
535947.956006 5078936.07851 1407403334.0
535949.505244 5078936.64304 1407403364.0
535954.777809 5078937.6736 1407403388.0
535958.222234 5078932.69373 1407403418.0
535963.127964 5078930.05561 1407403442.0
535966.542091 5078930.29764 1407403472.0
535965.953993 5078924.62773 1407403493.0
535965.924331 5078929.73852 1407403508.0
535969.770018 5078935.87177 1407403523.0
535971.042298 5078930.65709 1407403541.0
535968.434711 5078925.19767 1407403553.0
535971.36053 5078929.32564 1407403565.0
535975.413058 5078926.57147 1407403595.0
535981.772352 5078927.60836 1407403610.0
535982.40624 5078925.38989 1407403640.0
535986.522204 5078925.08046 1407403670.0
535984.594528 5078922.84711 1407403700.0
535983.717886 5078913.39786 1407403712.0
535982.583212 5078908.28031 1407403730.0
535989.493631 5078907.98711 1407403742.0
535994.053406 5078911.45794 1407403769.0
535998.648675 5078908.81804 1407403793.0
536003.47359 5078906.73503 1407403823.0
536008.506846 5078908.87532 1407403847.0
536010.749531 5078910.33275 1407403877.0
536017.331375 5078913.1487 1407403892.0
536020.510703 5078913.72272 1407403922.0
536023.080669 5078912.29326 1407403952.0
536029.079738 5078921.8834 1407403964.0
536027.096414 5078915.87205 1407403976.0
536031.271277 5078918.78513 1407404000.0
536030.853444 5078923.89366 1407404024.0
536031.394223 5078924.34123 1407404054.0
536033.976462 5078920.8008 1407404084.0
536039.282627 5078916.05402 1407404111.0
536040.911424 5078916.28571 1407404141.0
536040.911424 5078916.28571 1407404171.0
536046.442067 5078912.98464 1407404198.0
536052.598932 5078922.1313 1407404210.0
536060.553353 5078915.84443 1407404222.0
536056.243345 5078922.81915 1407404234.0
536063.362698 5078926.63824 1407404246.0
536066.666843 5078919.10214 1407404258.0
536070.899907 5078925.34882 1407404270.0
536071.180004 5078930.57252 1407404282.0
536072.68718 5078925.0259 1407404309.0
536071.029285 5078929.79388 1407404324.0
536069.859764 5078930.67594 1407404354.0
536072.136704 5078926.24488 1407404366.0
536074.43305 5078918.4807 1407404378.0
536075.137481 5078917.48483 1407404408.0
536073.478922 5078909.03098 1407404420.0
536072.592066 5078901.35937 1407404432.0
536074.829555 5078890.37272 1407404444.0
536077.968135 5078884.61339 1407404456.0
536079.006998 5078879.50847 1407404474.0
536078.969479 5078872.61957 1407404486.0
536077.367838 5078867.7215 1407404504.0
536075.885859 5078855.60212 1407404516.0
536080.52131 5078846.07383 1407404528.0
536082.034983 5078839.41618 1407404555.0
536084.093324 5078832.53948 1407404567.0
536084.751194 5078826.21016 1407404591.0
536087.341915 5078821.22539 1407404603.0
536091.419801 5078814.13824 1407404615.0
536089.979226 5078808.24114 1407404633.0
536097.307655 5078802.83954 1407404645.0
536102.233612 5078796.7573 1407404657.0
536106.374267 5078792.226 1407404672.0
536118.093031 5078792.73872 1407404684.0
536116.647944 5078787.61934 1407404708.0
536112.727919 5078780.93002 1407404735.0
536113.856106 5078773.8257 1407404747.0
536116.525792 5078768.61919 1407404762.0
536121.927907 5078760.76202 1407404774.0
536127.234923 5078755.90421 1407404786.0
536132.067126 5078752.59915 1407404801.0
536136.434877 5078749.06916 1407404825.0
536142.831911 5078743.66218 1407404837.0
536148.530326 5078738.25114 1407404849.0
536153.933804 5078730.17179 1407404861.0
536159.581194 5078720.20503 1407404873.0
536154.868708 5078716.28876 1407404891.0
536149.9718 5078717.37127 1407404915.0
536149.510582 5078716.59083 1407404945.0
536149.363107 5078715.25667 1407404975.0
536150.194308 5078719.1503 1407405005.0
536154.641016 5078715.39857 1407405026.0
536151.662069 5078720.38105 1407405038.0
536150.421353 5078720.15159 1407405068.0
536156.436133 5078713.74243 1407405080.0
536158.957758 5078707.31289 1407405092.0
536159.999957 5078701.65247 1407405107.0
536160.4205 5078696.09953 1407405119.0
536163.165291 5078691.33791 1407405131.0
536171.416357 5078687.49729 1407405143.0
536175.634761 5078682.96649 1407405155.0
536185.028184 5078682.91022 1407405167.0
536184.342522 5078680.68406 1407405197.0
536183.102448 5078680.3435 1407405227.0
536183.102448 5078680.3435 1407405257.0
536186.525788 5078679.03019 1407405287.0
536186.525788 5078679.03019 1407405317.0
536185.901535 5078679.58209 1407405347.0
536185.901535 5078679.58209 1407405377.0
536186.752829 5078680.03149 1407405407.0
536189.8741 5078677.27202 1407405437.0
536193.084679 5078672.51313 1407405452.0
536193.320802 5078671.95897 1407405482.0
536195.681389 5078666.52847 1407405509.0
536198.735428 5078661.99089 1407405524.0
536202.944133 5078659.12667 1407405545.0
536207.428947 5078662.15278 1407405569.0
536213.258725 5078660.85355 1407405587.0
536215.661901 5078661.42313 1407405617.0
536220.647529 5078658.45236 1407405635.0
536226.552343 5078657.59801 1407405659.0
536232.429876 5078661.41003 1407405671.0
536235.536886 5078661.09488 1407405701.0
536237.22518 5078664.43798 1407405731.0
536236.611314 5078663.21221 1407405761.0
536240.245466 5078665.67783 1407405791.0
536246.078496 5078663.82311 1407405803.0
536251.450971 5078661.07684 1407405827.0
536258.167152 5078654.22744 1407405839.0
536265.390327 5078653.60306 1407405854.0
536270.986596 5078652.41362 1407405866.0
536275.740029 5078649.33042 1407405893.0
536276.582631 5078638.00236 1407405905.0
536280.46267 5078638.24728 1407405935.0
536284.077736 5078630.71312 1407405947.0
536284.57407 5078625.49395 1407405959.0
536288.947202 5078621.07524 1407405980.0
536291.458592 5078616.42342 1407405998.0
536293.981697 5078609.77173 1407406010.0
536297.495742 5078606.23686 1407406040.0
536302.410336 5078602.15465 1407406067.0
536308.808967 5078596.52564 1407406079.0
536316.657791 5078595.12722 1407406091.0
536323.430254 5078591.94478 1407406103.0
536330.251044 5078593.76249 1407406127.0
536335.303336 5078592.68103 1407406142.0
536339.516713 5078589.03917 1407406160.0
536346.351184 5078588.52371 1407406178.0
536351.899226 5078582.33421 1407406190.0
536361.797683 5078575.6147 1407406202.0
536368.116813 5078570.3186 1407406214.0
536373.797978 5078567.90757 1407406226.0
536382.365069 5078563.18022 1407406238.0
536388.578551 5078562.66116 1407406250.0
536394.651785 5078559.5858 1407406262.0
536400.565853 5078557.17616 1407406274.0
536404.462908 5078554.53246 1407406304.0
536409.600706 5078552.11827 1407406325.0
536414.709785 5078554.59266 1407406337.0
536420.38576 5078553.0705 1407406358.0
536426.065655 5078550.88173 1407406370.0
536429.273869 5078546.56738 1407406382.0
536432.326831 5078542.25212 1407406400.0
536436.235665 5078537.60857 1407406415.0
536436.272243 5078531.38674 1407406442.0
536437.723113 5078522.28443 1407406454.0
536440.1101 5078512.40986 1407406466.0
536443.566254 5078505.5415 1407406487.0
536446.325719 5078498.33572 1407406508.0
536451.361252 5078486.92122 1407406520.0
536454.140339 5078476.38232 1407406532.0
536454.344608 5078468.05044 1407406544.0
536454.541036 5078461.0518 1407406556.0
536452.402056 5078455.1505 1407406568.0
536452.981401 5078449.04298 1407406580.0
536453.323284 5078443.71181 1407406592.0
536453.430319 5078438.71259 1407406616.0
536453.864863 5078430.82649 1407406628.0
536455.221812 5078424.50132 1407406640.0
536455.349108 5078416.05788 1407406652.0
536456.544267 5078410.84284 1407406664.0
536449.4669 5078413.02337 1407406676.0
536446.331007 5078418.227 1407406688.0
536436.884367 5078414.06047 1407410106.0
536441.904815 5078418.42319 1407410119.0
536447.598561 5078413.90125 1407410131.0
536450.9152 5078404.36548 1407410140.0
536449.734543 5078393.9144 1407410152.0
536444.532688 5078393.99492 1407410173.0
536436.066459 5078394.7229 1407410185.0
536429.142382 5078397.23768 1407410209.0
536422.392504 5078396.53136 1407410221.0
536418.532555 5078392.84212 1407410233.0
536418.717192 5078387.84335 1407410245.0
536420.042777 5078386.85117 1407410275.0
536415.068585 5078387.82191 1407410299.0
536412.542043 5078381.80725 1407410326.0
536403.713755 5078378.08883 1407410338.0
536398.551689 5078371.39205 1407410350.0
536403.879482 5078363.09025 1407410362.0
536408.113937 5078355.89312 1407410374.0
536399.124476 5078353.17373 1407410386.0
536392.013141 5078347.9099 1407410398.0
536389.167559 5078343.33778 1407410413.0
536393.619898 5078338.69739 1407410431.0
536388.820501 5078336.33595 1407410443.0
536386.679457 5078330.76799 1407410464.0
536392.125345 5078328.80002 1407410488.0
536395.783774 5078327.15489 1407410518.0
536395.5137 5078320.26462 1407410548.0
536403.111078 5078322.08696 1407410560.0
536405.703565 5078316.88012 1407410575.0
536407.389907 5078320.55658 1407410605.0
536410.625598 5078324.79768 1407410623.0
536414.969656 5078325.37874 1407410653.0
536420.718247 5078324.74587 1407410671.0
536418.506125 5078318.06641 1407410686.0
536417.14141 5078312.503 1407410701.0
536414.768142 5078306.82256 1407410719.0
536411.066658 5078302.57871 1407410734.0
536412.959827 5078297.47888 1407410746.0
536405.122351 5078296.8773 1407410758.0
536399.825167 5078299.95721 1407410770.0
536398.146644 5078294.9475 1407410794.0
536388.088518 5078289.11084 1407410806.0
536383.996239 5078285.30915 1407410818.0
536379.539276 5078277.50544 1407410830.0
536374.609992 5078270.81004 1407410842.0
536374.795248 5078265.70017 1407410872.0
536366.427345 5078262.87338 1407410884.0
536365.91717 5078257.20389 1407410896.0
536364.708308 5078251.5303 1407410923.0
536364.898119 5078245.6427 1407410950.0
536365.324737 5078239.08984 1407410962.0
536359.788038 5078230.05763 1407410974.0
536364.972366 5078219.75502 1407410983.0
536365.163482 5078213.64521 1407410995.0
536356.131353 5078204.92582 1407411007.0
536347.628293 5078198.65392 1407411019.0
536342.45559 5078193.73485 1407411031.0
536331.627434 5078186.78269 1407411043.0
536321.630425 5078183.72419 1407411055.0
536315.702845 5078175.13416 1407411064.0
536311.104117 5078164.99641 1407411076.0
536306.703781 5078160.74854 1407411088.0
536295.350527 5078163.90417 1407411097.0
536284.869456 5078163.95392 1407411109.0
536285.102354 5078163.95528 1407411139.0
536281.201858 5078167.15457 1407411151.0
536281.189501 5078169.26555 1407411181.0
536285.632125 5078166.29165 1407411202.0
536290.835469 5078165.98879 1407411218.0
536301.405231 5078164.05074 1407411224.0
536298.480561 5078159.70041 1407411245.0
536298.900607 5078154.25859 1407411266.0
536299.622726 5078150.26294 1407411296.0
536296.020171 5078142.35319 1407411308.0
536295.211097 5078134.68202 1407411320.0
536296.024511 5078128.35364 1407411332.0
536291.230768 5078124.99234 1407411347.0
536294.211407 5078119.78773 1407411365.0
536295.801156 5078113.4639 1407411377.0
536298.937071 5078108.2602 1407411401.0
536302.082101 5078101.50104 1407411413.0
536306.983425 5078099.75202 1407411425.0
536301.965224 5078094.945 1407411443.0
536293.056874 5078091.5596 1407411455.0
536285.63136 5078086.8496 1407411467.0
536276.499192 5078081.90741 1407411479.0
536272.730896 5078075.77443 1407411491.0
536267.753228 5078077.30082 1407411518.0
536266.295087 5078074.40348 1407411548.0
536269.134762 5078066.75367 1407411563.0
536264.993879 5078057.95193 1407411575.0
536258.030859 5078053.80021 1407411587.0
536253.504686 5078057.77361 1407411608.0
536251.21951 5078063.53785 1407411620.0
536242.699908 5078060.04369 1407411632.0
536238.135738 5078057.23931 1407411650.0
536232.555826 5078055.54008 1407411674.0
536227.37512 5078051.95435 1407411689.0
536224.138509 5078047.82445 1407411707.0
536223.392033 5078042.70913 1407411719.0
536224.974586 5078037.60743 1407411731.0
536223.475139 5078028.48783 1407411743.0
536221.658008 5078020.58857 1407411755.0
536221.304893 5078014.58669 1407411767.0
536216.366787 5078009.33577 1407411779.0
536216.863754 5078004.0055 1407411797.0
536213.394206 5077999.87425 1407411809.0
536213.260356 5077996.20691 1407411839.0
536208.610703 5077994.73535 1407411869.0
536207.244425 5077989.3942 1407411899.0
536200.73542 5077987.24514 1407411914.0
536197.919151 5077990.89525 1407411944.0
536203.944175 5077996.15249 1407411959.0
536199.193751 5077985.3473 1407411965.0
536193.440978 5077986.647 1407411992.0
536194.412819 5077979.764 1407412016.0
536191.879404 5077974.86047 1407412028.0
536189.618905 5077976.40278 1407412058.0
536189.618905 5077976.40278 1407412088.0
536184.196123 5077974.37118 1407412103.0
536183.110528 5077974.14263 1407412133.0
536183.110528 5077974.14263 1407412163.0
536183.110528 5077974.14263 1407412193.0
536183.110528 5077974.14263 1407412223.0
536183.110528 5077974.14263 1407412253.0
536183.110528 5077974.14263 1407412283.0
536183.110528 5077974.14263 1407412313.0
536182.483611 5077975.13894 1407412343.0
536185.361947 5077974.15577 1407412373.0
536181.562366 5077973.35584 1407412403.0
536184.13081 5077972.25976 1407412433.0
536184.252547 5077964.70514 1407412445.0
536180.798519 5077957.90741 1407412457.0
536175.220446 5077955.87492 1407412478.0
536173.620577 5077950.64352 1407412490.0
536170.774647 5077946.0715 1407412502.0
536166.134669 5077942.93341 1407412529.0
536167.543128 5077941.0528 1407412559.0
536163.997173 5077936.69891 1407412574.0
536160.090255 5077927.6764 1407412586.0
536155.61577 5077936.09448 1407412598.0
536155.538783 5077935.98293 1407412628.0
536150.854729 5077940.39991 1407412646.0
536146.94639 5077944.93254 1407412658.0
536146.863571 5077945.82092 1407412688.0
536143.811921 5077936.58118 1407412700.0
536140.914886 5077927.45346 1407412712.0
536138.001649 5077921.10334 1407412724.0
536134.783691 5077913.75148 1407412736.0
536135.202958 5077908.42075 1407412751.0
536139.209675 5077900.33325 1407412763.0
536134.565761 5077897.86181 1407412775.0
536137.541839 5077893.43485 1407412790.0
536139.924685 5077884.2268 1407412802.0
536134.556774 5077886.08434 1407412814.0
536131.2631 5077878.39871 1407412826.0
536129.833987 5077870.50174 1407412838.0
536129.178644 5077863.05371 1407412850.0
536135.183856 5077858.42219 1407412871.0
536134.285894 5077852.63936 1407412883.0
536133.701715 5077846.30281 1407412895.0
536132.955138 5077841.18751 1407412922.0
536135.550829 5077835.42504 1407412934.0
536132.090845 5077829.62727 1407412946.0
536125.667052 5077826.1455 1407412958.0
536120.621297 5077826.00499 1407412988.0
536115.255931 5077827.41813 1407413000.0
536110.509722 5077829.1682 1407413012.0
536105.387627 5077828.80504 1407413027.0
536100.030678 5077828.77384 1407413042.0
536094.975868 5077830.18881 1407413057.0
536084.865607 5077833.12986 1407413069.0
536081.733618 5077837.66704 1407413081.0
536081.276851 5077836.10887 1407413111.0
536081.557651 5077841.22146 1407413126.0
536073.636114 5077841.61979 1407413144.0
536068.622109 5077849.36815 1407413156.0
536061.617358 5077852.3273 1407413168.0
536056.394378 5077855.96347 1407413180.0
536050.161482 5077859.70488 1407413192.0
536044.370511 5077867.55985 1407413204.0
536044.936044 5077877.1184 1407413216.0
536038.596474 5077885.85904 1407413225.0
536035.148834 5077891.28327 1407413237.0
536030.374928 5077897.81088 1407413249.0
536031.976224 5077902.82003 1407413276.0
536029.466688 5077907.13864 1407413294.0
536027.902991 5077909.01838 1407413324.0
536027.136467 5077920.68023 1407413336.0
536027.305447 5077931.68087 1407413348.0
536027.000219 5077944.12315 1407413360.0
536021.371082 5077950.86801 1407413372.0
536019.514452 5077963.07906 1407413384.0
536019.139352 5077974.18765 1407413393.0
536021.012439 5077985.86484 1407413402.0
536021.184655 5077996.30996 1407413411.0
536025.017969 5078004.66531 1407413423.0
536034.045687 5078014.27304 1407413435.0
536034.519375 5078026.27543 1407413447.0
536040.446195 5078035.08739 1407413459.0
536041.628266 5078045.42728 1407413468.0
536046.450735 5078057.23273 1407413477.0
536047.562264 5078066.35003 1407413489.0
536047.955702 5078078.79638 1407413501.0
536050.138588 5078090.58649 1407413513.0
536046.822409 5078100.12246 1407413525.0
536051.797506 5078112.37324 1407413537.0
536052.677409 5078121.26697 1407413549.0
536044.78024 5078130.88742 1407413561.0
536040.698096 5078138.64122 1407413573.0
536039.501947 5078144.07854 1407413585.0
536037.679569 5078150.40108 1407413597.0
536030.457772 5078150.69242 1407413612.0
536024.704543 5078152.10338 1407413630.0
536019.025722 5078154.07032 1407413642.0
536016.70852 5078165.38984 1407413654.0
536015.888939 5078172.82929 1407413675.0
536010.73614 5078177.7992 1407413687.0
536007.444592 5078183.11325 1407413699.0
536007.021578 5078189.11061 1407413711.0
536004.413699 5078183.65118 1407413729.0
536000.161335 5078180.62657 1407413741.0
536000.3781 5078183.40553 1407413771.0
536002.671581 5078189.52977 1407413792.0
536002.788125 5078196.19691 1407413804.0
535998.652964 5078199.72834 1407413822.0
535994.512645 5078204.1486 1407413846.0
535992.693556 5078209.91564 1407413861.0
535989.255162 5078213.78444 1407413879.0
535986.27418 5078219.1003 1407413897.0
535979.821047 5078220.72946 1407413909.0
535978.599815 5078230.49985 1407413921.0
535972.772264 5078231.35488 1407413933.0
535974.917583 5078236.25607 1407413948.0
535970.543121 5078240.89721 1407413960.0
535968.414182 5078246.55135 1407413978.0
535966.826734 5078252.54195 1407413990.0
535959.572549 5078245.05564 1407413999.0
535957.054174 5078250.92974 1407414017.0
535950.919986 5078251.11638 1407414029.0
535951.907286 5078254.89976 1407414059.0
535946.080407 5078255.64372 1407414071.0
535941.009229 5078259.94751 1407414083.0
535941.052071 5078265.94758 1407414101.0
535935.941923 5078263.58469 1407414122.0
535932.654349 5078268.23215 1407414134.0
535930.195262 5078263.8847 1407414164.0
535925.070297 5078264.0772 1407414176.0
535920.826043 5078273.05233 1407414188.0
535915.805113 5078268.69003 1407414200.0
535910.682084 5078268.54924 1407414212.0
535903.844728 5078269.5096 1407414233.0
535899.057089 5078278.48159 1407414242.0
535897.87782 5078281.03024 1407414272.0
535898.299437 5078275.25508 1407414284.0
535898.299437 5078275.25508 1407414314.0
535893.585158 5078271.56123 1407414335.0
535896.503621 5078277.0224 1407414347.0
535894.845053 5078281.90154 1407414359.0
535892.097078 5078287.21879 1407414386.0
535881.825321 5078291.38141 1407414395.0
535865.119201 5078293.95131 1407414404.0
535868.255306 5078288.63628 1407414434.0
535862.598517 5078286.82583 1407414464.0
535858.077911 5078289.91069 1407414479.0
535861.539171 5078295.4861 1407414500.0
535866.445196 5078306.29193 1407414506.0
535868.021438 5078315.6341 1407414518.0
535867.702556 5078317.07665 1407414548.0
535865.621955 5078314.39803 1407414578.0
535866.126153 5078321.17852 1407414590.0
535865.844399 5078329.62107 1407414602.0
535861.593356 5078326.37435 1407414620.0
535863.003409 5078337.60439 1407414629.0
535863.740499 5078344.38622 1407414648.0
535862.775505 5078350.15824 1407414663.0
535868.040869 5078352.52197 1407414675.0
535873.190659 5078361.44039 1407414684.0
535878.008046 5078374.13455 1407414693.0
535882.939064 5078380.60734 1407414708.0
535884.537774 5078386.06088 1407414720.0
535890.422209 5078388.76153 1407414750.0
535895.721404 5078398.68081 1407414762.0
535889.836338 5078396.09125 1407414774.0
535883.186988 5078404.83026 1407414783.0
535876.997003 5078414.68301 1407414792.0
535882.68756 5078424.049 1407414801.0
535885.915832 5078429.62308 1407414813.0
535905.197779 5078411.17976 1407414819.0
535895.416217 5078424.56714 1407414828.0
535902.033385 5078421.38334 1407414843.0
535893.077682 5078426.22021 1407414852.0
535891.865208 5078421.10223 1407414864.0
535893.611019 5078414.55699 1407414876.0
535888.271734 5078424.9702 1407414888.0
535889.090274 5078431.08586 1407414900.0
535883.99226 5078440.05607 1407414909.0
535879.111265 5078438.36119 1407414933.0
535870.661071 5078449.75638 1407414942.0
535870.233701 5078456.53147 1407414954.0
535871.049038 5078463.20266 1407414981.0
535868.59899 5078457.29977 1407415002.0
535867.462845 5078452.40445 1407415014.0
535861.322431 5078453.70221 1407415032.0
535847.754692 5078450.62381 1407415041.0
535839.751182 5078451.91082 1407415053.0
535833.794296 5078448.32093 1407415065.0
535823.693516 5078449.81805 1407415077.0
535818.161943 5078453.23042 1407415092.0
535805.793279 5078444.15922 1407415101.0
535801.34531 5078448.13341 1407415116.0
535790.558708 5078447.40446 1407415128.0
535779.985748 5078450.01 1407415140.0
535780.417528 5078455.9012 1407415152.0
535778.603839 5078460.77947 1407415162.0
535774.625521 5078464.08974 1407415178.0
535767.416288 5078462.2704 1407415188.0
535760.86911 5078453.34401 1407415197.0
535756.190782 5078443.42843 1407415206.0
535753.451891 5078433.74626 1407415212.0
535751.387943 5078428.17897 1407415230.0
535747.693132 5078422.71338 1407415245.0
535744.116311 5078410.24869 1407415254.0
535734.111057 5078408.63549 1407415263.0
535729.362839 5078410.83027 1407415275.0
535724.152049 5078412.46685 1407415287.0
535718.295254 5078418.43291 1407415299.0
535723.658735 5078417.24164 1407415311.0
535727.793595 5078413.71003 1407415335.0
535721.044944 5078412.78227 1407415347.0
535714.824974 5078414.41304 1407415359.0
535706.875394 5078419.81151 1407415371.0
535695.926434 5078420.30398 1407415383.0
535691.792025 5078410.28048 1407415395.0
535689.730573 5078404.26879 1407415410.0
535684.311207 5078401.68211 1407415431.0
535679.036862 5078400.87399 1407415446.0
535676.14026 5078405.07941 1407415458.0
535672.755502 5078413.17079 1407415470.0
535669.468204 5078417.81839 1407415485.0
535665.010076 5078423.57034 1407415500.0
535663.352368 5078428.33843 1407415512.0
535660.450035 5078433.54379 1407415527.0
535657.833935 5078442.97289 1407415539.0
535661.108703 5078453.99139 1407415548.0
535652.377179 5078460.3854 1407415560.0
535652.795658 5078468.60978 1407415572.0
535647.027476 5078472.68758 1407415584.0
535643.357835 5078476.33303 1407415605.0
535635.712524 5078482.84442 1407415617.0
535633.717509 5078492.2771 1407415629.0
535629.096545 5078499.36143 1407415641.0
535625.187659 5078504.11659 1407415665.0
535621.167306 5078514.75982 1407415675.0
535612.572012 5078524.4879 1407415687.0
535603.881485 5078523.77132 1407415699.0
535601.754251 5078529.20338 1407415711.0
535602.344003 5078534.65104 1407415726.0
535592.438024 5078542.81611 1407415735.0
535581.447832 5078550.53054 1407415744.0
535579.447818 5078560.85208 1407415756.0
535577.081994 5078567.28274 1407415768.0
535568.198648 5078573.12046 1407415780.0
535569.328629 5078579.12676 1407415792.0
535566.425169 5078584.55437 1407415804.0
535560.734142 5078588.74381 1407415819.0
535556.198609 5078594.49538 1407415837.0
535545.95053 5078594.65881 1407415843.0
535540.249969 5078600.51483 1407415855.0
535535.339069 5078604.04211 1407415867.0
535530.552854 5078612.90329 1407415879.0
535532.21606 5078620.69036 1407415891.0
535528.700553 5078624.55897 1407415909.0
535522.944061 5078626.63702 1407415936.0
535522.986026 5078632.85929 1407415948.0
535530.431831 5078634.01305 1407415960.0
535531.300291 5078645.01769 1407415972.0
535522.254204 5078652.18783 1407415981.0
535520.719441 5078662.62316 1407415990.0
535519.275681 5078670.72575 1407416002.0
535512.726418 5078675.68806 1407416014.0
535504.756343 5078684.75322 1407416023.0
535499.253142 5078696.83244 1407416035.0
535491.536988 5078702.23252 1407416047.0
535485.957475 5078714.08909 1407416059.0
535476.535496 5078719.1461 1407416071.0
535469.754078 5078723.99602 1407416083.0
535465.076827 5078727.41359 1407416098.0
535464.256701 5078735.07533 1407416110.0
535462.275374 5078742.17488 1407416122.0
535454.543418 5078750.35261 1407416134.0
535446.905631 5078755.64209 1407416146.0
535443.597076 5078764.06735 1407416158.0
535439.998362 5078768.93551 1407416170.0
535436.930958 5078775.91775 1407416182.0
535433.46019 5078785.56428 1407416194.0
535430.556944 5078790.99195 1407416206.0
535425.844198 5078800.63138 1407416218.0
535430.844069 5078808.65972 1407416230.0
535426.383263 5078814.96736 1407416242.0
535424.177387 5078820.62124 1407416254.0
535422.274391 5078827.61015 1407416266.0
535424.797888 5078834.29103 1407416278.0
535424.969155 5078845.06946 1407416287.0
535423.593021 5078854.95018 1407416299.0
535420.88776 5078866.48991 1407416308.0
535422.922001 5078877.27899 1407416320.0
535423.875856 5078886.95081 1407416332.0
535425.232433 5078894.06946 1407416344.0
535421.860327 5078900.05 1407416356.0
535417.021638 5078904.57776 1407416371.0
535409.072943 5078909.97661 1407416383.0
535402.735308 5078918.71791 1407416392.0
535408.903267 5078926.08626 1407416404.0
535408.948513 5078931.75301 1407416416.0
535410.842744 5078939.8747 1407416428.0
535408.872332 5078945.0855 1407416440.0
535401.705636 5078949.48887 1407416452.0
535397.556524 5078942.02095 1407416464.0
535386.833138 5078943.95964 1407416476.0
535380.517771 5078948.81232 1407416488.0
535372.602142 5078948.43381 1407416500.0
535364.47013 5078945.16527 1407416512.0
535364.120962 5078951.94085 1407416533.0
535361.355345 5078960.48036 1407416545.0
535353.015488 5078966.43259 1407416557.0
535344.832159 5078972.16351 1407416569.0
535336.575658 5078977.11627 1407416581.0
535330.9615 5078981.52857 1407416593.0
535320.86235 5078982.9154 1407416602.0
535307.486605 5078987.17237 1407416614.0
535298.94498 5078987.67925 1407416626.0
535292.660733 5078987.08792 1407416638.0
535285.24865 5078993.71217 1407416650.0
535277.594861 5079001.89056 1407416659.0
535272.72853 5079011.30701 1407416671.0
535264.545967 5079016.92694 1407416683.0
535254.660794 5079021.64832 1407416692.0
535247.62679 5079030.05249 1407416704.0
535241.522371 5079038.79528 1407416713.0
535233.028754 5079044.52458 1407416722.0
535225.549287 5079049.3708 1407416734.0
535227.366729 5079057.38088 1407416746.0
535222.265127 5079067.24047 1407416758.0
535211.293999 5079071.84464 1407416770.0
535205.67686 5079076.81257 1407416782.0
535202.042536 5079088.0138 1407416794.0
535194.005915 5079095.30126 1407416803.0
535185.119268 5079101.91725 1407416812.0
535179.246608 5079110.88363 1407416824.0
535171.519265 5079118.39509 1407416833.0
535160.547005 5079123.22156 1407416845.0
535155.004422 5079128.7455 1407416857.0
535144.739601 5079132.0205 1407416869.0
535132.086193 5079132.17097 1407416881.0
535121.68504 5079132.112 1407416890.0
535108.562133 5079132.9265 1407416902.0
535098.012664 5079131.64455 1407416914.0
535087.365438 5079133.91751 1407416926.0
535076.954855 5079135.52519 1407416938.0
535065.84695 5079136.90672 1407416950.0
535056.827261 5079139.63338 1407416962.0
535050.655024 5079146.70935 1407416974.0
535054.020038 5079155.617 1407416986.0
535047.831481 5079165.58169 1407416998.0
535041.541739 5079165.99054 1407417010.0
535032.407691 5079161.49459 1407417022.0
535021.517634 5079165.54402 1407417034.0
535014.944179 5079174.95102 1407417046.0
535013.739072 5079182.16621 1407417058.0
535003.774853 5079187.22087 1407417067.0
535001.172605 5079194.42816 1407417079.0
535000.041371 5079202.31042 1407417091.0
534991.528126 5079211.59538 1407417103.0
534993.42783 5079218.82811 1407417115.0
534996.817985 5079223.29156 1407417127.0
534987.474173 5079228.46086 1407417139.0
534979.668336 5079236.19433 1407417151.0
534974.485264 5079246.83141 1407417163.0
534967.220291 5079255.01237 1407417175.0
534967.225179 5079267.90089 1407417187.0
534959.558356 5079278.52397 1407417199.0
534952.523161 5079287.26178 1407417208.0
534943.170711 5079293.9866 1407417220.0
534942.164803 5079293.42539 1407417250.0
534938.466053 5079288.6269 1407417262.0
534941.585206 5079286.08902 1407417292.0
534941.585206 5079286.08902 1407417322.0
534944.380102 5079285.99367 1407417352.0
534938.48798 5079284.73826 1407417367.0
534930.997808 5079277.80735 1407417377.0
534926.25371 5079265.66987 1407417388.0
534917.828943 5079259.28925 1407417397.0
534911.753387 5079249.25533 1407417409.0
534908.007012 5079239.12343 1407417421.0
534908.683674 5079229.23866 1407417433.0
534903.841848 5079220.65609 1407417445.0
534900.00781 5079212.30142 1407417457.0
534899.522044 5079202.07678 1407417466.0
534896.013485 5079191.05736 1407417478.0
534888.933145 5079180.24005 1407417490.0
534882.073131 5079171.64614 1407417499.0
534875.901674 5079164.83383 1407417511.0
534864.83263 5079159.32727 1407417523.0
534858.199795 5079151.73463 1407417532.0
534846.352634 5079146.55705 1407417544.0
534838.405212 5079138.06818 1407417556.0
534834.340671 5079129.26782 1407417568.0
534829.544433 5079126.35206 1407417592.0
534820.985987 5079116.08206 1407417604.0
534812.415652 5079107.92305 1407417613.0
534804.51393 5079105.10097 1407417623.0
534794.518931 5079101.82272 1407417634.0
534784.906414 5079099.5466 1407417646.0
534777.020257 5079093.94696 1407417658.0
534765.450988 5079094.54868 1407417667.0
534756.266438 5079085.16412 1407417679.0
534755.86552 5079073.60668 1407417691.0
534759.959786 5079063.29664 1407417703.0
534766.223727 5079053.66542 1407417715.0
534772.795681 5079044.48036 1407417727.0
534771.683102 5079035.25219 1407417739.0
