534814.742621 5079122.04679 1436700473.0
534838.603853 5079102.73707 1436700475.0
534858.974902 5079096.74071 1436700482.0
534939.219377 5079086.19299 1436700486.0
534917.003474 5079075.17922 1436700491.0
534911.196907 5079086.25727 1436700492.0
534903.922447 5079096.10487 1436700493.0
534888.798294 5079107.686 1436700495.0
534870.878512 5079105.6963 1436700498.0
534858.782159 5079103.40609 1436700501.0
534847.296143 5079103.00816 1436700504.0
534836.270854 5079103.5017 1436700507.0
534824.45687 5079106.21299 1436700510.0
534812.873263 5079109.37002 1436700514.0
534802.545328 5079110.08976 1436700517.0
534792.226129 5079109.25406 1436700527.0
534779.500682 5079108.40487 1436700534.0
534768.47728 5079108.56522 1436700539.0
534758.153712 5079108.50731 1436700549.0
534747.162708 5079102.89028 1436700593.0
534744.664138 5079091.65441 1436700600.0
534743.401269 5079081.53653 1436700609.0
534740.661099 5079071.85481 1436700621.0
534745.915301 5079062.32901 1436700638.0
534750.85654 5079053.2459 1436700649.0
534755.257558 5079043.60422 1436700663.0
534761.052665 5079034.5259 1436700676.0
534768.849748 5079028.34762 1436700699.0
534779.325575 5079028.96194 1436700715.0
534774.259896 5079018.71162 1436700785.0
534769.418963 5079009.90695 1436700813.0
534758.636977 5079008.51317 1436700849.0
534768.215659 5079003.01153 1436700882.0
534777.021254 5078996.95002 1436700889.0
534779.406665 5078986.85262 1436700901.0
534778.030343 5078996.95569 1436701116.0
534773.477754 5079005.92985 1436701130.0
534779.718375 5079014.29795 1436701293.0
534779.545996 5079003.51954 1436701342.0
534778.673769 5078992.95942 1436701351.0
534785.468692 5078985.55335 1436701472.0
534796.332078 5078986.28099 1436701554.0
534806.347856 5078985.89281 1436701571.0
534815.464003 5078979.8331 1436701582.0
534819.246065 5078969.85467 1436701595.0
534818.566403 5078980.29496 1436701620.0
534817.496135 5078991.17749 1436701745.0
534816.193004 5079002.05872 1436701752.0
534815.042 5079013.49633 1436701763.0
534814.665346 5079025.27162 1436701771.0
534807.089844 5079033.45103 1436701781.0
534799.05612 5079040.29458 1436701791.0
534793.491955 5079049.70748 1436701800.0
534784.157412 5079053.21052 1436701816.0
534775.181998 5079048.0492 1436701831.0
534767.22782 5079054.55991 1436701840.0
534765.847167 5079065.44071 1436701855.0
534763.610816 5079076.65003 1436701865.0
534769.462025 5079085.23815 1436701875.0
534776.01056 5079094.0524 1436701882.0
534784.36182 5079099.76576 1436701892.0
534793.0223 5079105.70309 1436701901.0
534802.622949 5079110.0902 1436701912.0
534811.915598 5079114.03116 1436701922.0
534820.806396 5079120.41425 1436701932.0
534828.139145 5079127.78857 1436701941.0
534835.865599 5079134.16513 1436701953.0
534845.076822 5079138.77234 1436701962.0
534854.207287 5079143.93464 1436701971.0
534862.714898 5079149.42677 1436701981.0
534870.908262 5079155.5838 1436701989.0
534878.93949 5079162.9621 1436701996.0
534886.73909 5079170.1169 1436702008.0
534890.646413 5079179.24973 1436702015.0
534895.326169 5079189.05355 1436702023.0
534899.305455 5079199.18676 1436702033.0
534900.800276 5079209.41708 1436702047.0
534900.800276 5079209.41708 1436702047.0
534902.607447 5079219.31584 1436702054.0
534906.747573 5079228.44999 1436702065.0
534909.33092 5079238.35313 1436702072.0
534911.371552 5079248.1421 1436702081.0
534916.597684 5079257.39349 1436702094.0
534923.533919 5079266.21008 1436702102.0
534928.760644 5079275.35037 1436702109.0
534934.922535 5079283.82929 1436702122.0
534945.07679 5079286.33092 1436702164.0
534954.759685 5079289.82988 1436702257.0
534965.163705 5079289.33304 1436702269.0
534975.086338 5079291.6112 1436702277.0
534984.140733 5079296.43994 1436702284.0
534991.473077 5079303.81445 1436702294.0
534996.778543 5079312.73303 1436702302.0
535002.939676 5079321.32313 1436702310.0
535008.169375 5079329.90796 1436702316.0
535014.177122 5079338.16388 1436702327.0
535020.105352 5079346.75268 1436702338.0
535024.553804 5079356.22198 1436702348.0
535027.914339 5079365.90734 1436702357.0
535032.748968 5079375.71216 1436702367.0
535037.666224 5079384.62858 1436702375.0
535042.969668 5079393.88051 1436702385.0
535049.055551 5079402.0258 1436702395.0
535057.16512 5079409.18257 1436702408.0
535065.893091 5079416.78729 1436702419.0
535075.64767 5079421.28681 1436702432.0
535083.683341 5079427.77655 1436702438.0
535092.262941 5079434.15828 1436702447.0
535101.002792 5079439.65207 1436702457.0
535109.505371 5079445.92227 1436702463.0
535116.287146 5079454.516 1436702472.0
535123.932129 5079461.44802 1436702486.0
535132.11915 5079468.60533 1436702493.0
535135.321701 5079478.7343 1436702502.0
535137.592849 5079488.85798 1436702512.0
535141.026338 5079499.32158 1436702520.0
535144.457924 5079510.1185 1436702531.0
535149.369869 5079519.92385 1436702541.0
535155.139981 5079528.95631 1436702549.0
535159.041632 5079538.97815 1436702556.0
535166.52934 5079546.24265 1436702567.0
535174.561598 5079553.28804 1436702574.0
535181.427718 5079560.66014 1436702593.0
535172.770805 5079567.9441 1436702636.0
535175.350424 5079578.40287 1436702653.0
535179.175657 5079588.20208 1436702723.0
535183.626211 5079597.22708 1436702737.0
535188.851636 5079606.4787 1436702748.0
535197.194248 5079613.52588 1436702758.0
535206.867651 5079618.58069 1436702768.0
535216.941742 5079621.41564 1436702780.0
535227.407685 5079623.58619 1436702794.0
535237.489973 5079624.97682 1436702807.0
535247.017578 5079628.36425 1436702817.0
535257.725195 5079628.98072 1436702829.0
535268.049797 5079628.70616 1436702845.0
535278.609774 5079627.98852 1436702863.0
535289.011361 5079627.82554 1436702872.0
535297.360795 5079633.65071 1436702890.0
535306.807575 5079637.59331 1436702899.0
535316.408939 5079641.64792 1436702919.0
535324.594865 5079648.9166 1436702937.0
535334.182893 5079655.30442 1436702945.0
535344.560351 5079659.36349 1436702952.0
535353.06365 5079665.41183 1436702965.0
535361.412973 5079671.23709 1436702974.0
535372.033377 5079673.51987 1436702983.0
535382.030326 5079676.24354 1436702996.0
535391.394932 5079680.96356 1436703005.0
535399.819272 5079687.23373 1436703018.0
535408.715627 5079692.39553 1436703030.0
535416.674254 5079698.66306 1436703040.0
535423.226931 5079706.47807 1436703050.0
535430.247811 5079713.85133 1436703057.0
535437.734355 5079721.22727 1436703071.0
535448.261776 5079726.17624 1436703078.0
535458.102745 5079729.01026 1436703095.0
535467.773214 5079734.5099 1436703107.0
535477.137667 5079739.23004 1436703117.0
535486.423857 5079744.06087 1436703125.0
535495.780007 5079750.2254 1436703139.0
535504.90521 5079756.0553 1436703151.0
535515.122705 5079760.8915 1436703177.0
535525.894941 5079763.73096 1436703189.0
535534.004123 5079770.77726 1436703195.0
535543.748885 5079776.83299 1436703205.0
535552.485942 5079782.66073 1436703212.0
535559.194858 5079790.25457 1436703221.0
535567.389234 5079795.96811 1436703230.0
535577.480741 5079795.69273 1436703239.0
535587.473575 5079799.08336 1436703252.0
535597.477252 5079800.58524 1436703264.0
535606.608671 5079805.30425 1436703272.0
535617.231953 5079807.03193 1436703289.0
535627.343891 5079803.2013 1436703305.0
535636.909361 5079799.92308 1436703320.0
535648.170803 5079798.65457 1436703326.0
535658.114121 5079797.15628 1436703338.0
535668.375568 5079794.32655 1436703349.0
535678.377315 5079796.16187 1436703355.0
535689.108288 5079792.66822 1436703367.0
535700.362072 5079792.73306 1436703376.0
535708.475502 5079799.00187 1436703391.0
535717.374005 5079803.71969 1436703403.0
535728.333339 5079801.00519 1436703413.0
535738.288851 5079797.39605 1436703426.0
535745.622269 5079804.32705 1436703463.0
535753.26676 5079811.14875 1436703568.0
535759.895865 5079819.07567 1436703580.0
535766.444134 5079827.55768 1436703589.0
535775.494568 5079832.83201 1436703599.0
535784.310868 5079838.32721 1436703607.0
535794.553049 5079838.83082 1436703616.0
535803.590601 5079846.32727 1436703630.0
535814.15028 5079845.61055 1436703639.0
535824.318691 5079845.44713 1436703649.0
535835.127918 5079841.84308 1436703659.0
535844.656157 5079845.00923 1436703672.0
535852.296632 5079852.49767 1436703693.0
535859.629857 5079859.42881 1436703711.0
535869.86428 5079861.26579 1436703720.0
535877.980024 5079867.0904 1436703737.0
535886.480591 5079873.47279 1436703746.0
535891.471899 5079882.72366 1436703772.0
535902.096906 5079884.11852 1436703795.0
535909.653211 5079892.71763 1436703805.0
535918.057419 5079902.32164 1436703814.0
535920.091714 5079912.8887 1436703822.0
535928.596686 5079918.49341 1436703834.0
535935.924592 5079926.31348 1436703846.0
535942.142726 5079938.127 1436703853.0
535946.818299 5079948.26495 1436703860.0
535949.322704 5079958.05699 1436703872.0
535949.029912 5079968.38834 1436703883.0
535952.38866 5079978.07422 1436703892.0
535960.972412 5079983.45723 1436703911.0
535958.392361 5079973.33143 1436703996.0
535957.63196 5079983.99338 1436704065.0
535965.18226 5079993.5925 1436704075.0
535973.29516 5079999.86165 1436704086.0
535985.162994 5080001.04166 1436704098.0
535994.802737 5079998.31996 1436704106.0
536004.962511 5079999.60119 1436704113.0
536015.427552 5080001.77308 1436704123.0
536025.144272 5079999.16299 1436704135.0
536035.942366 5079997.44806 1436704147.0
536045.662334 5079994.28248 1436704154.0
536054.709703 5080000.00164 1436704163.0
536063.991824 5080005.38885 1436704173.0
536074.700663 5080005.67342 1436704186.0
536083.575992 5080000.94747 1436704196.0
536093.522983 5079998.78325 1436704208.0
536102.651796 5080003.83631 1436704220.0
536109.593277 5080011.32101 1436704233.0
536118.094704 5080017.48151 1436704246.0
536128.180053 5080018.20697 1436704254.0
536138.355325 5080016.82191 1436704263.0
536149.062846 5080017.32882 1436704272.0
536157.877906 5080022.93567 1436704283.0
536167.478126 5080026.9916 1436704290.0
536173.794087 5080035.25047 1436704301.0
536181.593691 5080041.96251 1436704314.0
536191.393872 5080038.35319 1436704330.0
536201.392481 5080040.63377 1436704377.0
536195.367233 5080049.04278 1436704412.0
536205.916879 5080049.99329 1436704468.0
536216.708443 5080049.38972 1436704480.0
536225.835783 5080054.66517 1436704549.0
536238.400001 5080056.18306 1436704562.0
536248.388813 5080060.13029 1436704571.0
536258.77281 5080062.85765 1436704592.0
536260.420375 5080073.08924 1436704623.0
536264.635526 5080082.22478 1436704649.0
536274.223875 5080088.28075 1436704667.0
536283.274151 5080093.44473 1436704680.0
536283.987111 5080104.22639 1436704689.0
536277.648124 5080113.18902 1436704704.0
536276.115009 5080123.17977 1436704720.0
536272.637142 5080133.93689 1436704734.0
536266.535578 5080142.12316 1436704745.0
536271.63214 5080133.26435 1436705537.0
536280.433087 5080127.9827 1436705553.0
536287.541638 5080120.13567 1436705568.0
536296.268915 5080114.18696 1436705581.0
536300.437497 5080104.7672 1436705597.0
536299.194325 5080091.76027 1436705617.0
536296.69118 5080081.85698 1436705624.0
536292.868026 5080072.05707 1436705629.0
536291.297472 5080061.93703 1436705634.0
536298.170679 5080054.53306 1436705643.0
536304.430193 5080045.90331 1436705658.0
536314.605461 5080044.51854 1436705701.0
536321.169582 5080036.89057 1436705714.0
536329.526553 5080027.93982 1436705731.0
536319.930998 5080023.1059 1436705749.0
536329.937405 5080024.05344 1436705827.0
536323.388159 5080015.90415 1436705873.0
536315.8202 5080009.41551 1436705951.0
536317.153341 5080020.31192 1436705977.0
536322.535844 5080028.8988 1436705988.0
536325.233198 5080018.91489 1436706014.0
536318.281007 5080026.54058 1436706125.0
536308.255717 5080028.81508 1436706140.0
536302.149447 5080037.77905 1436706154.0
536306.830868 5080046.80624 1436706171.0
536305.143124 5080056.68497 1436706182.0
536302.211689 5080066.88974 1436706193.0
536298.508732 5080076.31222 1436706203.0
536295.961455 5080087.18589 1436706214.0
536297.061135 5080098.19204 1436706220.0
536292.505814 5080107.38732 1436706237.0
536288.10377 5080116.91683 1436706247.0
536281.538473 5080124.76704 1436706256.0
536277.324678 5080115.40929 1436706284.0
536276.457141 5080104.51561 1436706297.0
536275.352871 5080094.2872 1436706316.0
536269.897306 5080084.92218 1436706325.0
536264.126087 5080076.44417 1436706333.0
536262.790915 5080065.88109 1436706347.0
536254.99403 5080058.72454 1436706362.0
536245.154588 5080055.77815 1436706372.0
536235.242726 5080051.94249 1436706383.0
536224.522276 5080053.65752 1436706392.0
536214.359385 5080052.93145 1436706403.0
536204.128623 5080050.53838 1436706409.0
536193.783891 5080054.36671 1436706418.0
536183.545985 5080053.19582 1436706429.0
536173.71234 5080049.24961 1436706439.0
536168.879402 5080039.55499 1436706450.0
536160.061133 5080034.50365 1436706466.0
536149.984242 5080032.33378 1436706476.0
536137.787262 5080034.37367 1436706486.0
536127.639882 5080030.98124 1436706498.0
536117.967863 5080025.92498 1436706508.0
536108.141905 5080020.64562 1436706518.0
536101.591071 5080012.71877 1436706532.0
536091.747602 5080010.43925 1436706542.0
536081.207579 5080007.82237 1436706550.0
536070.661079 5080006.31655 1436706563.0
536061.136435 5080002.59453 1436706574.0
536050.460564 5079996.64367 1436706581.0
536040.122952 5079999.25011 1436706591.0
536031.170044 5080003.97568 1436706604.0
536020.447634 5080006.02437 1436706613.0
536008.425242 5080004.73229 1436706620.0
535997.627814 5080006.33616 1436706636.0
535987.459013 5080006.6104 1436706654.0
535977.488021 5079999.55268 1436706660.0
535967.963956 5079995.7197 1436706672.0
535959.777306 5079988.78348 1436706681.0
535953.850998 5079980.19376 1436706691.0
535954.452303 5079970.19753 1436706699.0
535952.573307 5079959.63137 1436706719.0
535945.632224 5079952.03574 1436706734.0
535936.422376 5079947.53799 1436706747.0
535928.467813 5079940.71427 1436706753.0
535923.168098 5079931.12824 1436706768.0
535917.641332 5079920.54094 1436706776.0
535909.464185 5079911.93822 1436706789.0
535902.05733 5079904.33995 1436706794.0
535896.051318 5079896.08315 1436706804.0
535897.510765 5079885.31414 1436706817.0
535889.792131 5079877.93629 1436706830.0
535879.743207 5079870.87828 1436706836.0
535869.204791 5079867.92845 1436706845.0
535858.344987 5079866.86561 1436706850.0
535850.31648 5079859.37491 1436706859.0
535839.936467 5079855.8705 1436706865.0
535829.853395 5079854.7011 1436706876.0
535819.904986 5079857.08794 1436706885.0
535809.97842 5079855.69726 1436706896.0
535800.028094 5079858.41745 1436706902.0
535791.603104 5079852.36894 1436706917.0
535782.55913 5079845.98354 1436706925.0
535775.463771 5079838.16501 1436706932.0
535766.723151 5079833.00358 1436706943.0
535761.965093 5079823.64304 1436706951.0
535755.101877 5079815.93698 1436706962.0
535748.551657 5079807.7883 1436706978.0
535739.030363 5079803.40016 1436706988.0
535729.186432 5079801.12122 1436706999.0
535719.658068 5079797.95525 1436707009.0
535711.701794 5079791.35402 1436707017.0
535715.139265 5079800.92911 1436707070.0
535709.054009 5079792.89426 1436707102.0
535699.06379 5079789.05902 1436707115.0
535689.224943 5079785.89131 1436707129.0
535679.382887 5079783.27914 1436707138.0
535671.662153 5079789.67894 1436707154.0
535664.403271 5079796.74805 1436707163.0
535655.678727 5079802.25323 1436707186.0
535646.11389 5079805.42032 1436707202.0
535635.246273 5079805.69112 1436707213.0
535625.372281 5079808.63425 1436707231.0
535614.814481 5079809.01797 1436707245.0
535603.577967 5079805.95348 1436707257.0
535595.306025 5079800.23944 1436707268.0
535582.513413 5079797.83269 1436707278.0
535572.047883 5079795.66154 1436707285.0
535563.868818 5079787.28149 1436707294.0
535554.970177 5079782.56388 1436707302.0
535542.949813 5079780.82829 1436707309.0
535534.366695 5079775.22366 1436707319.0
535524.448221 5079772.38908 1436707332.0
535514.842099 5079769.22298 1436707340.0
535506.17878 5079764.06236 1436707352.0
535497.916243 5079756.68189 1436707367.0
535490.74663 5079748.19662 1436707380.0
535481.152543 5079742.9196 1436707396.0
535473.586556 5079735.87647 1436707404.0
535464.92252 5079730.82702 1436707414.0
535454.627324 5079725.99045 1436707421.0
535445.898359 5079718.71849 1436707433.0
535437.162383 5079712.6687 1436707439.0
535429.439812 5079705.84695 1436707445.0
535419.376116 5079701.23398 1436707453.0
535411.029428 5079694.96423 1436707461.0
535399.330737 5079691.23082 1436707476.0
535387.998524 5079691.27719 1436707486.0
535376.832957 5079689.32459 1436707490.0
535366.288293 5079687.37555 1436707498.0
535355.671714 5079684.42615 1436707506.0
535347.08576 5079679.2662 1436707530.0
535337.240226 5079677.2101 1436707544.0
535329.520036 5079669.94406 1436707560.0
535322.591169 5079660.01595 1436707578.0
535313.542635 5079654.29787 1436707588.0
535304.251113 5079650.35615 1436707599.0
535294.494527 5079646.30068 1436707606.0
535284.583333 5079642.13323 1436707619.0
535274.992071 5079636.30101 1436707637.0
535265.125577 5079637.91146 1436707652.0
535252.172222 5079636.39334 1436707665.0
535241.70378 5079634.66717 1436707672.0
535232.489798 5079630.72599 1436707682.0
535221.881273 5079626.33247 1436707692.0
535211.500524 5079622.82912 1436707700.0
535201.264892 5079621.10434 1436707711.0
535191.901946 5079616.0513 1436707730.0
535183.399686 5079609.78097 1436707739.0
535180.506481 5079599.87595 1436707746.0
535177.302808 5079589.96917 1436707753.0
535179.998489 5079579.98477 1436707763.0
535179.356732 5079569.98143 1436707770.0
535169.289479 5079565.9244 1436707846.0
535165.69517 5079556.45983 1436707861.0
535160.936621 5079546.98867 1436707874.0
535156.801502 5079537.07661 1436707880.0
535152.903628 5079526.38815 1436707890.0
535149.386257 5079517.03514 1436707901.0
535144.780362 5079508.00928 1436707908.0
535140.173823 5079499.09453 1436707916.0
535135.807049 5079488.95896 1436707925.0
535130.423061 5079480.26203 1436707931.0
535126.753545 5079470.35263 1436707940.0
535122.148211 5079461.21569 1436707950.0
535114.271006 5079454.17125 1436707961.0
535105.611321 5079448.23347 1436707972.0
535097.024831 5079443.07387 1436707984.0
535088.363857 5079437.35832 1436707992.0
535078.77398 5079431.1931 1436707998.0
535069.719228 5079426.47531 1436708008.0
535061.291056 5079420.76112 1436708014.0
535054.89411 5079412.72517 1436708023.0
535047.9532 5079404.79726 1436708032.0
535043.3477 5079395.66037 1436708041.0
535037.035861 5079386.29163 1436708048.0
535032.196223 5079377.37565 1436708056.0
535028.373135 5079367.13212 1436708063.0
535022.835538 5079358.1011 1436708073.0
535018.073474 5079349.18556 1436708080.0
535013.937362 5079339.38471 1436708089.0
535007.546547 5079330.23777 1436708097.0
535002.24174 5079321.20808 1436708106.0
534994.285346 5079314.38557 1436708116.0
534987.891966 5079305.68306 1436708123.0
534979.315216 5079298.74596 1436708134.0
534970.262075 5079293.69501 1436708141.0
534959.639624 5079291.63513 1436708147.0
534949.992365 5079295.58058 1436708157.0
534951.95028 5079306.25797 1436708166.0
534958.808792 5079315.07417 1436708174.0
534965.431294 5079324.44458 1436708183.0
534970.656653 5079333.80712 1436708191.0
534974.563119 5079343.0511 1436708199.0
534977.837968 5079354.18036 1436708208.0
534980.025531 5079365.41459 1436708217.0
534982.066006 5079375.20358 1436708224.0
534983.087412 5079386.76455 1436708233.0
534983.56612 5079398.21135 1436708240.0
534984.355295 5079409.6599 1436708250.0
534984.757636 5079420.88405 1436708258.0
534982.914735 5079431.09555 1436708266.0
534982.69928 5079441.76068 1436708274.0
534982.331102 5079451.98051 1436708282.0
534981.261241 5079462.75192 1436708290.0
534980.345989 5079473.63531 1436708300.0
534979.900827 5079483.7436 1436708310.0
534971.868111 5079490.47582 1436708318.0
534961.480101 5079488.19504 1436708326.0
534953.600242 5079481.59523 1436708334.0
534953.269199 5079471.48256 1436708343.0
534953.41012 5079460.26147 1436708353.0
534953.780757 5079449.59722 1436708364.0
534942.443728 5079450.42214 1436708373.0
534936.030307 5079459.05238 1436708381.0
534933.022 5079469.47954 1436708388.0
534931.568531 5079479.47104 1436708398.0
534931.117185 5079490.69037 1436708406.0
534932.375269 5079501.58602 1436708414.0
534933.481875 5079511.81417 1436708422.0
534934.728048 5079524.8208 1436708430.0
534934.51205 5079535.59703 1436708440.0
534935.922843 5079546.93797 1436708449.0
534935.628601 5079557.82487 1436708458.0
534937.667198 5079567.94717 1436708466.0
534940.947 5079578.18758 1436708474.0
534942.205674 5079588.97213 1436708484.0
534942.37523 5079600.19496 1436708492.0
534944.102716 5079610.42662 1436708500.0
534944.428124 5079621.53923 1436708510.0
534945.765022 5079632.21311 1436708521.0
534946.251293 5079642.32666 1436708535.0
534946.039036 5079652.43627 1436708554.0
534944.273875 5079662.64822 1436708563.0
534936.701472 5079670.38306 1436708570.0
534927.749579 5079674.99911 1436708580.0
534919.171366 5079682.17276 1436708586.0
534910.444206 5079688.2345 1436708597.0
534901.556202 5079695.29532 1436708606.0
534895.532405 5079703.70558 1436708614.0
534891.754402 5079713.01735 1436708621.0
534885.107853 5079721.75744 1436708633.0
534882.798269 5079732.18856 1436708639.0
534880.877382 5079742.51077 1436708654.0
534873.384018 5079750.02391 1436708664.0
534882.261902 5079744.74072 1436708732.0
534872.167854 5079745.46164 1436708901.0
534868.467524 5079754.77387 1436708976.0
534875.421339 5079746.59104 1436709075.0
534885.104174 5079749.97878 1436709136.0
534875.814407 5079745.70439 1436709470.0
534883.38293 5079752.41346 1436709519.0
534885.999206 5079742.65071 1436709677.0
534882.607428 5079752.29799 1436709863.0
534892.625105 5079751.35443 1436710183.0
534883.570686 5079746.63692 1436710223.0
534874.752219 5079741.3652 1436710917.0
534882.946655 5079747.18894 1436711105.0
534882.424677 5079757.1857 1436711516.0
534880.30907 5079746.95188 1436711686.0
534885.020268 5079737.31203 1436711695.0
534878.222907 5079745.27351 1436711776.0
534890.245389 5079746.6745 1436711933.0
534889.059895 5079736.66813 1436711951.0
534890.903184 5079726.34549 1436711965.0
534895.692653 5079716.59498 1436711973.0
534899.938216 5079706.95252 1436711982.0
534902.406821 5079695.85565 1436711993.0
534892.243837 5079695.02065 1436712013.0
534882.831338 5079698.74531 1436712024.0
534871.442176 5079695.12575 1436712033.0
534862.628001 5079689.07633 1436712042.0
534857.455499 5079697.93584 1436713122.0
534852.153923 5079688.35075 1436713324.0
534858.707316 5079696.16516 1436713363.0
534856.512158 5079686.26422 1436713484.0
534854.671416 5079696.14246 1436714501.0
534862.469648 5079689.63098 1436714630.0
534871.117269 5079683.90204 1436714642.0
534876.612767 5079672.8222 1436714652.0
534881.476113 5079663.73875 1436714661.0
534885.10891 5079652.64843 1436714671.0
534894.600346 5079648.702 1436714729.0
534902.16584 5079655.96662 1436714737.0
534909.806425 5079663.6761 1436714747.0
534917.528989 5079670.6083 1436714756.0
534927.514233 5079675.44222 1436714765.0
534936.93494 5079670.27327 1436714774.0
534944.577437 5079663.87212 1436714782.0
534948.979594 5079654.00836 1436714790.0
534948.803158 5079644.00767 1436714800.0
534948.861445 5079633.67498 1436714806.0
534946.906771 5079622.44207 1436714817.0
534946.192669 5079611.43838 1436714829.0
534943.066869 5079601.42105 1436714839.0
534942.581215 5079591.1964 1436714849.0
534941.323797 5079580.18964 1436714857.0
534940.604666 5079570.07478 1436714868.0
534939.030512 5079560.17732 1436714876.0
534939.47999 5079549.2913 1436714883.0
534939.314811 5079537.29073 1436714894.0
534937.197337 5079527.3902 1436714903.0
534940.437846 5079517.07546 1436714912.0
534940.652601 5079506.52143 1436714922.0
534938.690977 5079496.51068 1436714933.0
534936.808841 5079486.16705 1436714938.0
534934.460376 5079475.9319 1436714947.0
534933.664229 5079465.7055 1436714956.0
534940.236005 5079456.52061 1436714967.0
534946.656328 5079446.66824 1436714974.0
534952.685453 5079437.3692 1436714983.0
534959.331143 5079428.8514 1436714991.0
534965.203817 5079419.7737 1436715009.0
534967.667001 5079409.6768 1436715020.0
534968.113401 5079399.34631 1436715028.0
534968.249332 5079389.01406 1436715037.0
534964.188906 5079379.54699 1436715043.0
534962.074549 5079369.09093 1436715053.0
534963.222008 5079358.31996 1436715062.0
534958.391644 5079347.73747 1436715069.0
534953.633867 5079338.04426 1436715080.0
534951.599601 5079327.14423 1436715086.0
534949.955299 5079315.91308 1436715097.0
534948.229613 5079305.34812 1436715106.0
534944.795686 5079294.88463 1436715116.0
534938.16247 5079287.40301 1436715214.0
534946.119669 5079280.33699 1436715316.0
534949.743396 5079270.91328 1436715326.0
534951.586912 5079260.59066 1436715335.0
534949.936324 5079250.47055 1436715351.0
534944.55437 5079241.32937 1436715361.0
534946.086155 5079231.22721 1436715376.0
534950.802221 5079220.80969 1436715389.0
534955.896372 5079212.17202 1436715400.0
534958.358991 5079202.18623 1436715412.0
534963.070711 5079192.54644 1436715426.0
534964.526798 5079182.11054 1436715439.0
534966.836083 5079171.79056 1436715452.0
534965.420234 5079161.33845 1436715459.0
534968.50385 5079151.35616 1436715539.0
534974.687275 5079142.28023 1436715555.0
534982.331082 5079135.76802 1436715566.0
534985.336489 5079125.89641 1436715581.0
534993.522416 5079119.6095 1436715608.0
535002.092071 5079114.10251 1436715616.0
535012.430699 5079111.49434 1436715626.0
535020.384438 5079105.09504 1436715641.0
535020.053473 5079094.98237 1436715651.0
535025.226071 5079086.2341 1436715661.0
535033.7958 5079080.72716 1436715673.0
535041.137427 5079072.76892 1436715689.0
535045.847486 5079063.46251 1436715704.0
535055.644752 5079060.51803 1436715728.0
535061.824622 5079052.10881 1436715752.0
535071.478619 5079047.05249 1436715760.0
535081.044316 5079043.88451 1436715769.0
535091.359186 5079045.49842 1436715779.0
535101.074476 5079043.33129 1436715809.0
535099.501689 5079033.21159 1436715828.0
535097.15079 5079023.42079 1436715845.0
535103.801521 5079014.12542 1436715857.0
535109.827517 5079005.49316 1436715884.0
535101.631668 5078999.78024 1436715899.0
535108.895855 5078991.82164 1436715915.0
535097.9788 5078986.87106 1436715929.0
535086.053264 5078981.80369 1436715934.0
535095.708019 5078976.6363 1436715943.0
535105.697401 5078980.91497 1436715951.0
535115.730842 5078977.41638 1436715963.0
535120.28395 5078968.44246 1436715985.0
535127.080571 5078960.81455 1436716030.0
535132.562661 5078952.29034 1436716048.0
535141.91331 5078946.01022 1436716059.0
535151.257045 5078940.95227 1436716067.0
535141.501127 5078936.56374 1436716086.0
535149.072149 5078929.27357 1436716116.0
535157.642836 5078923.6557 1436716129.0
535158.168457 5078913.10345 1436716149.0
535156.285233 5078902.98197 1436716167.0
535154.246126 5078892.97071 1436716178.0
535159.500484 5078883.55637 1436716187.0
535164.756118 5078873.91983 1436716197.0
535163.884524 5078863.35966 1436716209.0
535163.632659 5078853.02521 1436716225.0
535164.312913 5078842.58496 1436716244.0
535173.19549 5078836.74666 1436716255.0
535180.916873 5078830.34625 1436716290.0
535185.55222 5078820.59509 1436716310.0
535188.324592 5078810.83336 1436716337.0
535190.556123 5078800.62413 1436716352.0
535187.972398 5078790.83198 1436716362.0
535195.154896 5078783.65077 1436716381.0
535204.570862 5078779.59327 1436716399.0
535214.67284 5078777.76184 1436716411.0
535222.012528 5078770.24823 1436716444.0
535220.671474 5078760.35203 1436716532.0
535211.06173 5078757.51973 1436716551.0
535202.319109 5078752.35911 1436716567.0
535192.801482 5078746.97189 1436716583.0
535182.316381 5078747.91232 1436716608.0
535171.072054 5078745.84856 1436716618.0
535160.752921 5078744.90114 1436716627.0
535150.725381 5078747.28863 1436716646.0
535140.398688 5078747.67449 1436716666.0
535144.0249 5078737.91759 1436716689.0
535150.822429 5078730.1786 1436716708.0
535154.446776 5078720.75501 1436716721.0
535160.546965 5078712.78987 1436716741.0
535151.573882 5078707.18359 1436716783.0
535142.520637 5078702.02129 1436716840.0
535148.079967 5078693.60864 1436716869.0
535144.796233 5078684.03476 1436716930.0
535151.596972 5078675.74026 1436716961.0
535156.848983 5078666.77034 1436716977.0
535159.93125 5078657.12146 1436717000.0
535151.195376 5078650.73877 1436717020.0
535143.312747 5078644.47204 1436717033.0
535134.491653 5078639.42219 1436717069.0
535126.066235 5078633.04129 1436717084.0
535116.313589 5078627.98618 1436717097.0
535109.296122 5078619.72446 1436717115.0
535106.014804 5078609.70619 1436717128.0
535102.576333 5078600.02035 1436717137.0
535098.442981 5078589.66394 1436717147.0
535092.124722 5078581.29509 1436717166.0
535084.948769 5078573.58804 1436717187.0
535088.960612 5078564.27772 1436717202.0
535085.445089 5078554.48035 1436717217.0
535079.826056 5078546.00436 1436717238.0
535083.915537 5078536.69447 1436717277.0
535086.222728 5078526.81896 1436717426.0
535077.880676 5078533.10487 1436717502.0
535068.076911 5078537.04927 1436717524.0
535058.578014 5078541.99537 1436717539.0
535056.306365 5078531.87173 1436717577.0
535057.296977 5078521.43322 1436717677.0
535060.225157 5078511.56121 1436717693.0
535058.963296 5078501.33218 1436717717.0
535055.912204 5078491.75967 1436717733.0
535056.360048 5078481.20698 1436717757.0
535046.396561 5078485.92826 1436717772.0
535040.991189 5078494.56408 1436717786.0
535034.42643 5078502.3045 1436717800.0
535027.087288 5078509.70723 1436717819.0
535014.580967 5078511.08096 1436717829.0
535004.35913 5078506.57891 1436717833.0
534995.303587 5078501.75015 1436717847.0
534990.854455 5078492.28089 1436717859.0
534982.900105 5078484.90289 1436717865.0
534979.856412 5078473.99717 1436717871.0
534971.671646 5078466.17345 1436717881.0
534964.261895 5078458.57633 1436717892.0
534958.568112 5078449.5445 1436717899.0
534954.66417 5078439.74502 1436717907.0
534951.379997 5078430.17125 1436717915.0
534947.712052 5078419.81757 1436717923.0
534941.791584 5078409.6734 1436717933.0
534933.597917 5078403.4052 1436717943.0
534926.423438 5078395.36502 1436717953.0
534917.688831 5078388.64935 1436717961.0
534907.159331 5078383.59021 1436717972.0
534897.328484 5078378.53501 1436717979.0
534886.778314 5078377.14232 1436717988.0
534876.165513 5078373.08273 1436718005.0
534865.102542 5078366.24293 1436718017.0
534857.064626 5078359.86459 1436718023.0
534846.985194 5078357.58576 1436718032.0
534836.496371 5078359.08231 1436718040.0
534825.777785 5078360.02204 1436718049.0
534815.624456 5078357.0762 1436718058.0
534805.560603 5078352.01984 1436718068.0
534796.664931 5078346.30341 1436718078.0
534789.017566 5078339.48293 1436718088.0
534779.72872 5078334.65317 1436718098.0
534774.430187 5078324.29045 1436718104.0
534770.212857 5078314.93376 1436718124.0
534769.964037 5078303.93273 1436718134.0
534768.473743 5078292.81362 1436718144.0
534765.908448 5078279.57744 1436718155.0
534760.443988 5078271.10262 1436718167.0
534752.260545 5078262.94589 1436718183.0
534744.611781 5078256.34767 1436718190.0
534735.084278 5078252.51662 1436718197.0
534725.556763 5078248.68558 1436718203.0
534714.916259 5078249.51483 1436718218.0
534704.818556 5078250.45825 1436718225.0
534696.630548 5078256.96775 1436718234.0
534687.353231 5078263.9156 1436718245.0
534677.863554 5078267.19572 1436718255.0
534665.885957 5078271.12859 1436718271.0
534656.372717 5078264.74226 1436718279.0
534644.750368 5078260.67742 1436718284.0
534634.131625 5078257.61818 1436718293.0
534623.65386 5078257.11521 1436718307.0
534613.784737 5078258.83781 1436718322.0
534606.689168 5078250.46513 1436718336.0
534598.573206 5078244.08669 1436718350.0
534589.287172 5078238.70171 1436718362.0
534579.565854 5078241.75848 1436718375.0
534569.848884 5078244.03753 1436718399.0
534563.456262 5078234.89107 1436718413.0
534557.764786 5078225.3041 1436718422.0
534549.189362 5078231.70052 1436718436.0
534539.338794 5078230.09012 1436718441.0
534547.531004 5078222.80269 1436718469.0
534557.328108 5078220.07961 1436718487.0
534567.284203 5078216.6908 1436718539.0
534559.793746 5078223.42658 1436718723.0
534569.803921 5078224.26016 1436719874.0
534560.210401 5078218.31797 1436720170.0
534551.407644 5078223.71315 1436720188.0
534545.273877 5078209.90165 1436720231.0
534546.226124 5078220.12883 1436720238.0
534542.82046 5078232.22056 1436720259.0
534478.098568 5078255.63719 1436720351.0
534491.279844 5078258.59932 1436720354.0
534486.725912 5078267.7959 1436720385.0
534478.157419 5078272.97027 1436720417.0
534468.147929 5078272.02574 1436720440.0
534461.204973 5078264.09851 1436720470.0
534454.102414 5078256.94815 1436720491.0
534448.40338 5078248.69453 1436720517.0
534438.64094 5078245.19595 1436720533.0
534428.325194 5078243.47203 1436720550.0
534421.456702 5078236.1008 1436720570.0
534413.261667 5078229.94438 1436720588.0
534403.579277 5078226.00188 1436720607.0
534395.542558 5078219.29083 1436720625.0
534388.361622 5078212.25122 1436720642.0
534385.854006 5078202.45986 1436720668.0
534379.688421 5078194.31482 1436720721.0
534369.925857 5078190.81635 1436720741.0
534364.072617 5078182.33974 1436720774.0
534354.142446 5078181.06251 1436720822.0
534343.977526 5078180.11732 1436720841.0
534334.792899 5078184.39962 1436720869.0
534324.759867 5078187.67728 1436720890.0
534314.731766 5078190.06611 1436720908.0
534305.046793 5078186.56818 1436720926.0
534297.320446 5078179.85898 1436720942.0
534291.701224 5078171.16151 1436720972.0
534281.984869 5078173.32991 1436721006.0
534272.069411 5078169.38632 1436721023.0
534263.483521 5078163.67238 1436721041.0
534264.006434 5078153.34229 1436721058.0
534262.045097 5078142.99846 1436721076.0
534251.81659 5078139.49761 1436721108.0
534241.405187 5078140.99559 1436721123.0
534232.990767 5078146.39337 1436721134.0
534223.649063 5078151.00829 1436721149.0
534214.613611 5078156.40267 1436721162.0
534204.502967 5078159.68009 1436721176.0
534195.157627 5078164.96168 1436721191.0
534186.197402 5078170.80094 1436721203.0
534176.553204 5078173.96987 1436721224.0
534168.675576 5078180.59288 1436721280.0
534163.193544 5078189.22903 1436721288.0
534155.083665 5078195.73967 1436721302.0
534147.895595 5078204.03312 1436721313.0
534142.178268 5078213.11243 1436721326.0
534134.069054 5078219.51199 1436721340.0
534125.882837 5078225.80003 1436721358.0
534121.164988 5078236.66258 1436721369.0
534119.323193 5078246.87431 1436721376.0
534114.997198 5078257.07238 1436721383.0
534109.511027 5078266.48631 1436721394.0
534102.865295 5078275.005 1436721405.0
534094.367435 5078281.51359 1436721416.0
534090.276842 5078291.26853 1436721420.0
534086.730288 5078300.91536 1436721425.0
534082.795591 5078310.56007 1436721435.0
534076.071701 5078319.18947 1436721445.0
534069.351494 5078327.15225 1436721458.0
534063.246852 5078336.1184 1436721464.0
534059.466253 5078345.98617 1436721472.0
534053.441715 5078354.50834 1436721479.0
534048.192885 5078363.14587 1436721487.0
534039.697643 5078369.21011 1436721494.0
534030.04163 5078374.60135 1436721507.0
534023.387583 5078384.67559 1436721515.0
534017.440152 5078393.30932 1436721527.0
534009.100851 5078399.26335 1436721538.0
533999.511569 5078406.65493 1436721546.0
533989.470548 5078411.48858 1436721560.0
533978.741842 5078414.31854 1436721568.0
533967.942214 5078415.92596 1436721576.0
533957.942017 5078413.31569 1436721582.0
533947.694319 5078413.37066 1436721590.0
533936.903824 5078413.31156 1436721604.0
533926.87381 5078416.14544 1436721616.0
533921.700405 5078425.22793 1436721625.0
533913.051331 5078431.06929 1436721635.0
533904.40592 5078436.24403 1436721643.0
533903.108547 5078446.3477 1436721651.0
533895.079944 5078452.30358 1436721669.0
533884.969347 5078455.69263 1436721681.0
533874.887302 5078453.8598 1436721696.0
533866.242562 5078458.92349 1436721711.0
533856.212655 5078461.75748 1436721720.0
533846.943877 5078467.37333 1436721731.0
533835.742284 5078471.53425 1436721738.0
533826.331016 5078474.8161 1436721752.0
533819.998835 5078482.89237 1436721762.0
533812.507091 5078490.07347 1436721775.0
533802.838134 5078497.90935 1436721785.0
533794.650803 5078504.53114 1436721795.0
533785.850338 5078509.70521 1436721807.0
533778.207043 5078516.21888 1436721815.0
533773.189194 5078525.30233 1436721823.0
533766.700061 5078533.71113 1436721836.0
533756.279157 5078537.09869 1436721846.0
533746.239749 5078541.71052 1436721855.0
533735.512592 5078544.3187 1436721868.0
533725.485908 5078546.59738 1436721871.0
533715.758863 5078550.87764 1436721879.0
533706.955509 5078556.60734 1436721887.0
533697.691842 5078561.33458 1436721897.0
533686.591699 5078561.16313 1436721911.0
533678.176524 5078566.89497 1436721919.0
533669.064528 5078572.28972 1436721929.0
533660.184224 5078577.90796 1436721940.0
533650.615544 5078581.63365 1436721950.0
533642.72814 5078590.2572 1436721958.0
533636.085204 5078598.44308 1436721965.0
533629.36707 5078606.18413 1436721975.0
533621.412949 5078612.80742 1436721988.0
533611.36774 5078618.53051 1436721992.0
533602.795049 5078624.70603 1436721997.0
533592.218534 5078628.20413 1436722007.0
533585.962031 5078636.72548 1436722016.0
533578.704227 5078643.79702 1436722024.0
533570.131002 5078650.08369 1436722038.0
533568.911841 5078660.18785 1436722049.0
533579.10437 5078655.90989 1436722119.0
533571.767766 5078663.20322 1436722171.0
533564.742285 5078670.38714 1436722182.0
533563.362468 5078681.4904 1436722193.0
533562.374396 5078691.92914 1436722207.0
533570.957775 5078698.08653 1436722215.0
533579.938296 5078702.57948 1436722224.0
533585.482197 5078710.94257 1436722234.0
533586.745233 5078721.3935 1436722243.0
533580.872142 5078730.8058 1436722253.0
533576.70201 5078741.11618 1436722260.0
533571.45176 5078750.19854 1436722268.0
533566.973563 5078760.06283 1436722277.0
533561.647522 5078768.81147 1436722287.0
533563.687436 5078779.15549 1436722303.0
533568.21675 5078788.51304 1436722332.0
533565.910871 5078798.61132 1436722361.0
533564.922208 5078809.16116 1436722369.0
533565.021493 5078819.49468 1436722381.0
533563.947388 5078831.48846 1436722389.0
533558.775456 5078840.46014 1436722400.0
533552.831511 5078848.6499 1436722407.0
533549.126042 5078859.18503 1436722416.0
533542.407693 5078867.03729 1436722423.0
533534.764491 5078873.66236 1436722430.0
533525.112108 5078878.60997 1436722440.0
533517.467737 5078885.45727 1436722446.0
533507.426668 5078890.51391 1436722455.0
533497.317001 5078893.90358 1436722463.0
533487.061704 5078895.51476 1436722470.0
533476.017575 5078899.45496 1436722479.0
533466.14141 5078902.73483 1436722487.0
533457.651076 5078908.13325 1436722497.0
533453.950603 5078917.77961 1436722505.0
533446.612053 5078925.51751 1436722513.0
533439.584614 5078933.14599 1436722521.0
533430.863275 5078938.20987 1436722529.0
533420.52026 5078941.70952 1436722538.0
533412.412144 5078948.22112 1436722545.0
533404.914844 5078956.62486 1436722552.0
533395.787108 5078950.68698 1436722565.0
533385.088942 5078948.07386 1436722576.0
533373.912466 5078947.79145 1436722585.0
533363.518796 5078946.29108 1436722595.0
533356.727465 5078938.92144 1436722604.0
533352.587257 5078929.34393 1436722612.0
533352.875739 5078919.0125 1436722618.0
533347.56638 5078910.31756 1436722628.0
533337.501663 5078905.37468 1436722638.0
533330.330505 5078896.44752 1436722648.0
533330.540131 5078886.33789 1436722654.0
533331.140266 5078875.78592 1436722662.0
533324.975783 5078867.30861 1436722672.0
533315.136681 5078863.70028 1436722680.0
533309.049191 5078855.33451 1436722690.0
533299.919423 5078849.73008 1436722699.0
533293.128507 5078842.2494 1436722706.0
533283.920485 5078836.75568 1436722715.0
533275.410467 5078831.37683 1436722728.0
533266.98283 5078825.10958 1436722735.0
533256.911948 5078821.27787 1436722742.0
533247.773142 5078817.34008 1436722749.0
533239.743269 5078823.74123 1436722757.0
533233.024682 5078831.70492 1436722776.0
533235.221561 5078841.82746 1436722786.0
533235.01209 5078851.9371 1436722794.0
533231.843382 5078863.80859 1436722814.0
533227.677494 5078873.45258 1436722823.0
