534777.497249 5079036.61811 1431839294.0
534775.892757 5079032.05369 1431839315.0
534775.355947 5079044.71695 1431839325.0
534774.172918 5079048.04353 1431839328.0
534770.006608 5079057.35319 1431839335.0
534768.42301 5079062.89969 1431839340.0
534767.692948 5079082.33943 1431839355.0
534784.925748 5079096.10237 1431839370.0
534800.618535 5079107.63457 1431839384.0
534822.229791 5079115.75573 1431839400.0
534830.259256 5079123.46728 1431839411.0
534833.561342 5079129.81898 1431839416.0
534859.000999 5079147.29483 1431839432.0
534871.753331 5079157.14406 1431839444.0
534891.072675 5079172.47456 1431839460.0
534894.534292 5079178.04943 1431839465.0
534906.340055 5079204.33734 1431839485.0
534910.125265 5079221.35813 1431839498.0
534914.818093 5079242.60614 1431839512.0
534919.010759 5079256.1849 1431839524.0
534920.080518 5079259.19084 1431839526.0
534935.659315 5079277.05588 1431839539.0
534954.282065 5079291.93823 1431839557.0
534961.262717 5079292.86647 1431839562.0
534978.99298 5079287.07783 1431839576.0
534990.85814 5079275.2563 1431839591.0
534993.977321 5079272.71844 1431839594.0
535003.843901 5079257.44131 1431839609.0
535007.930305 5079248.57578 1431839617.0
535014.241307 5079244.38935 1431839622.0
535025.0055 5079235.11714 1431839634.0
535039.475978 5079229.31024 1431839649.0
535053.833038 5079229.83588 1431839661.0
535050.304346 5079236.14905 1431839672.0
535045.943216 5079238.67986 1431839686.0
535045.943216 5079238.67986 1431839716.0
535045.242129 5079239.12033 1431839727.0
535040.53974 5079247.09349 1431839734.0
535038.895289 5079249.63967 1431839736.0
535038.313631 5079256.41395 1431839742.0
535037.292648 5079258.51922 1431839744.0
535037.599069 5079272.96495 1431839757.0
535044.423566 5079287.78087 1431839772.0
535051.014545 5079302.70658 1431839787.0
535059.776916 5079317.97791 1431839801.0
535065.433893 5079333.34279 1431839813.0
535069.845184 5079349.36727 1431839826.0
535072.93821 5079365.16207 1431839839.0
535077.502176 5079381.63185 1431839853.0
535078.261367 5079384.63606 1431839855.0
535087.797207 5079400.35624 1431839869.0
535092.333201 5079408.04836 1431839877.0
535094.6378 5079412.28351 1431839881.0
535107.411428 5079431.91083 1431839898.0
535118.484968 5079450.19526 1431839914.0
535123.788234 5079459.44726 1431839922.0
535129.7894 5079468.81434 1431839930.0
535138.12671 5079490.52763 1431839947.0
535141.42324 5079497.76833 1431839953.0
535143.555524 5079505.00243 1431839959.0
535153.14467 5079524.94511 1431839976.0
535155.832217 5079530.07132 1431839991.0
535160.288523 5079538.09637 1431840004.0
535166.1173 5079550.46241 1431840014.0
535176.392194 5079558.96493 1431840025.0
535184.79231 5079569.56786 1431840041.0
535182.28025 5079588.21971 1431840054.0
535183.912694 5079601.4508 1431840067.0
535186.174249 5079613.24107 1431840076.0
535191.728416 5079619.27244 1431840083.0
535196.821935 5079624.41233 1431840089.0
535211.248737 5079626.16092 1431840102.0
535218.311644 5079626.20107 1431840112.0
535228.925858 5079629.59465 1431840125.0
535237.140969 5079631.75241 1431840138.0
535245.586389 5079634.35593 1431840150.0
535248.921274 5079634.81933 1431840160.0
535259.15687 5079636.54419 1431840172.0
535263.818151 5079635.79297 1431840179.0
535273.507912 5079637.95918 1431840193.0
535280.187796 5079637.10835 1431840205.0
535286.940233 5079637.1468 1431840215.0
535292.970092 5079641.40325 1431840226.0
535301.944215 5079646.56533 1431840239.0
535304.872025 5079650.35968 1431840256.0
535315.102515 5079652.97347 1431840276.0
535335.296409 5079664.19939 1431840295.0
535345.881338 5079672.70397 1431840310.0
535355.008697 5079678.20033 1431840322.0
535362.42093 5079685.02021 1431840331.0
535369.40806 5079684.72677 1431840339.0
535380.737747 5079685.12479 1431840350.0
535390.206609 5079685.17887 1431840363.0
535401.828973 5079688.68961 1431840377.0
535410.097431 5079695.07001 1431840390.0
535416.740435 5079700.66338 1431840400.0
535426.83791 5079712.94297 1431840418.0
535440.432385 5079724.46483 1431840433.0
535447.689242 5079731.28393 1431840446.0
535459.616852 5079735.68539 1431840460.0
535466.432803 5079738.16878 1431840470.0
535477.635149 5079747.23266 1431840484.0
535485.770498 5079749.72362 1431840497.0
535490.327379 5079753.6385 1431840504.0
535498.886374 5079763.46503 1431840517.0
535511.828582 5079766.87244 1431840531.0
535526.982156 5079763.62608 1431840544.0
535539.640667 5079762.36539 1431840556.0
535551.748244 5079762.43486 1431840571.0
535566.166979 5079765.51753 1431840583.0
535573.909104 5079768.89522 1431840590.0
535581.982728 5079768.60826 1431840595.0
535595.351616 5079778.79588 1431840608.0
535602.528074 5079786.05913 1431840620.0
535614.336982 5079797.57112 1431840633.0
535621.933399 5079799.28141 1431840645.0
535627.989708 5079798.8718 1431840657.0
535634.431522 5079798.90885 1431840669.0
535642.347968 5079798.95439 1431840681.0
535652.611963 5079795.68021 1431840694.0
535659.851647 5079791.94421 1431840706.0
535671.785186 5079781.79099 1431840720.0
535678.79206 5079778.05367 1431840736.0
535682.835589 5079776.74366 1431840749.0
535700.15278 5079775.17681 1431840763.0
535709.674785 5079779.45378 1431840776.0
535722.053702 5079786.30273 1431840789.0
535728.803416 5079786.78609 1431840795.0
535740.322096 5079781.29713 1431840808.0
535743.642124 5079784.3162 1431840818.0
535744.776822 5079789.43371 1431840826.0
535747.269434 5079801.33664 1431840837.0
535749.336113 5079806.34842 1431840843.0
535759.384005 5079813.62843 1431840856.0
535766.244653 5079821.77891 1431840867.0
535775.897384 5079830.27885 1431840879.0
535786.80407 5079836.675 1431840890.0
535797.257262 5079840.95749 1431840904.0
535798.642074 5079843.07654 1431840906.0
535813.970007 5079849.94272 1431840920.0
535827.221671 5079853.46369 1431840932.0
535834.755133 5079852.6184 1431840942.0
535845.392417 5079851.90218 1431840952.0
535857.17973 5079853.63701 1431840964.0
535865.607228 5079859.2412 1431840976.0
535875.614605 5079860.0769 1431840988.0
535881.408438 5079864.77699 1431840997.0
535887.62867 5079876.25714 1431841008.0
535895.025276 5079885.63306 1431841020.0
535900.123146 5079889.8847 1431841031.0
535910.549122 5079898.83377 1431841045.0
535914.87537 5079902.30319 1431841054.0
535919.41512 5079909.1071 1431841065.0
535922.494085 5079926.90223 1431841077.0
535933.070031 5079936.74107 1431841089.0
535936.535434 5079941.42771 1431841095.0
535941.846723 5079949.01386 1431841107.0
535948.942389 5079956.72149 1431841121.0
535956.168754 5079968.65198 1431841133.0
535955.511116 5079974.98132 1431841140.0
535955.529399 5079985.20336 1431841150.0
535960.435163 5079995.7871 1431841163.0
535974.933352 5079998.42676 1431841174.0
535985.100228 5079998.48581 1431841183.0
535990.452719 5079998.96134 1431841189.0
535996.598737 5079996.44156 1431841194.0
536010.568495 5079996.52275 1431841204.0
536022.217714 5079995.25719 1431841214.0
536028.969765 5079995.29645 1431841225.0
536036.812878 5079994.56432 1431841236.0
536047.991275 5079994.18492 1431841246.0
536050.457332 5079997.19919 1431841249.0
536064.240176 5080002.72371 1431841263.0
536078.149135 5079999.91589 1431841275.0
536084.430994 5080000.73023 1431841280.0
536087.069724 5080000.7456 1431841282.0
536095.749713 5080002.90722 1431841293.0
536100.158574 5080005.4884 1431841302.0
536109.948295 5080016.98958 1431841316.0
536113.100492 5080022.11893 1431841324.0
536114.628068 5080026.34994 1431841328.0
536116.403368 5080028.02691 1431841330.0
536128.686238 5080037.87604 1431841343.0
536137.88674 5080043.92954 1431841352.0
536143.01154 5080043.51501 1431841356.0
536148.93253 5080039.66078 1431841364.0
536157.144194 5080042.26419 1431841377.0
536167.684127 5080044.8812 1431841389.0
536175.327858 5080051.70342 1431841401.0
536179.113184 5080054.72545 1431841412.0
536183.231655 5080053.86064 1431841418.0
536187.427088 5080053.10739 1431841427.0
536193.410776 5080051.80905 1431841438.0
536200.693695 5080053.96266 1431841447.0
536209.147887 5080054.90093 1431841457.0
536210.547448 5080054.46468 1431841459.0
536222.879492 5080055.87007 1431841474.0
536230.084787 5080058.02326 1431841484.0
536230.781319 5080058.36066 1431841486.0
536238.051218 5080062.7364 1431841497.0
536242.157343 5080063.98261 1431841509.0
536244.250184 5080064.43929 1431841513.0
536250.619318 5080063.58769 1431841526.0
536256.272416 5080065.73183 1431841538.0
536260.859364 5080077.64724 1431841552.0
536263.225561 5080084.43868 1431841564.0
536268.249961 5080087.91245 1431841576.0
536271.962815 5080090.04524 1431841590.0
536275.410961 5080097.62078 1431841603.0
536275.536249 5080102.73249 1431841608.0
536275.874844 5080111.17869 1431841621.0
536277.427191 5080124.40964 1431841636.0
536282.7776 5080125.21873 1431841647.0
536286.309668 5080118.46183 1431841659.0
536291.771538 5080113.49396 1431841672.0
536292.943474 5080112.16753 1431841683.0
536293.123426 5080107.94648 1431841688.0
536293.238138 5080101.61399 1431841694.0
536293.953394 5080085.5075 1431841708.0
536294.98509 5080081.62477 1431841714.0
536297.225188 5080070.19376 1431841729.0
536296.82138 5080059.63612 1431841740.0
536302.681772 5080052.89287 1431841754.0
536304.799356 5080049.12761 1431841765.0
536306.246459 5080040.58076 1431841777.0
536307.737966 5080037.7007 1431841789.0
536313.280789 5080032.17778 1431841802.0
536316.012096 5080029.63831 1431841814.0
536317.336015 5080028.86831 1431841829.0
536317.336015 5080028.86831 1431841850.0
536317.801671 5080028.87104 1431841864.0
536317.879281 5080028.8715 1431841879.0
536318.888203 5080028.87741 1431841896.0
536318.808639 5080029.21027 1431841916.0
536319.507124 5080029.21436 1431841934.0
536319.507124 5080029.21436 1431841954.0
536320.13777 5080027.55144 1431841968.0
536320.13777 5080027.55144 1431842000.0
536319.829938 5080027.1052 1431842016.0
536320.522468 5080014.88737 1431842031.0
536316.731875 5079999.53223 1431842044.0
536313.864767 5079985.51581 1431842057.0
536314.104003 5079971.18427 1431842069.0
536315.105013 5079959.30157 1431842080.0
536315.867986 5079948.30635 1431842092.0
536315.522269 5079941.0823 1431842105.0
536317.019013 5079937.3134 1431842109.0
536322.083149 5079920.78798 1431842123.0
536328.777141 5079904.27213 1431842135.0
536331.097577 5079892.39718 1431842149.0
536336.367249 5079880.53952 1431842163.0
536352.699484 5079861.63586 1431842180.0
536366.125619 5079848.6039 1431842191.0
536377.374112 5079836.33695 1431842203.0
536388.810456 5079831.73757 1431842214.0
536397.454812 5079813.56663 1431842229.0
536397.24678 5079809.3433 1431842245.0
536399.489768 5079797.46792 1431842257.0
536398.956341 5079782.5763 1431842270.0
536399.316401 5079774.13421 1431842278.0
536398.514884 5079765.24085 1431842284.0
536401.072909 5079752.58956 1431842298.0
536394.16999 5079738.54939 1431842311.0
536393.175431 5079722.87732 1431842321.0
536390.293347 5079711.41626 1431842333.0
536374.464797 5079697.32369 1431842345.0
536368.8114 5079681.95759 1431842358.0
536368.763136 5079676.95745 1431842361.0
536366.218829 5079660.83185 1431842374.0
536366.15165 5079659.05373 1431842376.0
536369.032498 5079644.29327 1431842388.0
536366.575574 5079626.50156 1431842401.0
536365.93965 5079615.83146 1431842412.0
536370.500647 5079605.7474 1431842426.0
536370.43999 5079589.63638 1431842437.0
536367.570188 5079576.06436 1431842444.0
536365.984605 5079555.27785 1431842458.0
536366.337455 5079548.0579 1431842470.0
536367.371238 5079543.84187 1431842486.0
536368.405021 5079539.62583 1431842490.0
536368.444796 5079519.62662 1431842503.0
536368.294122 5079505.62613 1431842519.0
536369.222245 5079492.96527 1431842532.0
536370.003624 5079492.08099 1431842534.0
536384.274575 5079480.72065 1431842548.0
536391.289404 5079475.76199 1431842556.0
536398.145095 5079471.46905 1431842569.0
536413.234667 5079466.11342 1431842582.0
536415.745819 5079461.46164 1431842596.0
536420.190205 5079458.04342 1431842609.0
536423.236845 5079454.72808 1431842622.0
536428.692216 5079450.98248 1431842635.0
536432.367762 5079433.11571 1431842650.0
536433.158957 5079430.56488 1431842654.0
536442.634899 5079416.28767 1431842668.0
536447.401721 5079397.64956 1431842682.0
536451.119672 5079385.78288 1431842695.0
536452.591302 5079373.12523 1431842706.0
536457.170917 5079359.93032 1431842718.0
536462.022634 5079340.07054 1431842731.0
536475.925632 5079325.375 1431842745.0
536487.576215 5079324.1103 1431842755.0
536498.357557 5079312.28524 1431842766.0
536506.006706 5079305.10829 1431842778.0
536520.991655 5079304.41884 1431842792.0
536525.117878 5079302.33211 1431842798.0
536552.577787 5079305.38284 1431842813.0
536572.898742 5079308.05824 1431842828.0
536576.396162 5079307.30113 1431842834.0
536587.405516 5079309.47718 1431842845.0
536604.699327 5079312.1348 1431842860.0
536622.225979 5079314.79385 1431842874.0
536629.442516 5079315.16984 1431842880.0
536643.273694 5079312.69613 1431842894.0
536660.977916 5079311.57867 1431842909.0
536675.089339 5079314.21766 1431842924.0
536675.93788 5079315.11155 1431842925.0
536689.163251 5079323.18962 1431842939.0
536706.489186 5079333.51418 1431842955.0
536722.030509 5079343.7171 1431842969.0
536735.415606 5079351.01847 1431842984.0
536747.987071 5079351.53745 1431842997.0
536759.622506 5079352.82865 1431843008.0
536773.305674 5079349.13217 1431843018.0
536789.695592 5079347.11841 1431843030.0
536807.109735 5079342.5553 1431843042.0
536820.340451 5079336.63407 1431843054.0
536835.425442 5079332.1683 1431843067.0
536844.014309 5079323.66404 1431843079.0
536855.106813 5079311.84145 1431843094.0
536860.62499 5079310.65208 1431843099.0
536878.815475 5079306.09379 1431843113.0
536884.499481 5079303.1277 1431843117.0
536897.807313 5079297.31821 1431843130.0
536899.182407 5079287.99332 1431843143.0
536902.455426 5079272.791 1431843157.0
536907.416227 5079260.93198 1431843169.0
536919.713137 5079255.44984 1431843183.0
536932.865866 5079249.63949 1431843194.0
536944.328882 5079240.81918 1431843207.0
536959.895819 5079233.68999 1431843221.0
536973.98073 5079227.77419 1431843233.0
536982.786875 5079221.93801 1431843243.0
536987.006185 5079217.29666 1431843248.0
537001.837505 5079203.38558 1431843262.0
537006.822423 5079200.52654 1431843277.0
537018.170182 5079198.03884 1431843291.0
537033.767858 5079185.79905 1431843306.0
537042.481887 5079182.40678 1431843315.0
537052.252821 5079171.02107 1431843328.0
537057.553585 5079167.27509 1431843334.0
537070.706633 5079161.46504 1431843346.0
537081.215959 5079156.41695 1431843359.0
537083.697151 5079156.87623 1431843361.0
537087.80837 5079157.34527 1431843363.0
537108.883182 5079163.8046 1431843376.0
537121.038948 5079168.98838 1431843387.0
537134.649503 5079177.51415 1431843400.0
537145.984703 5079177.13766 1431843411.0
537150.24848 5079178.05209 1431843416.0
537167.17766 5079176.82031 1431843429.0
537172.595739 5079179.4083 1431843433.0
537178.712393 5079182.00048 1431843437.0
537186.701925 5079182.93729 1431843442.0
537203.988514 5079186.81873 1431843457.0
537221.144071 5079199.58808 1431843474.0
537234.97927 5079209.44872 1431843488.0
537244.803583 5079215.06317 1431843498.0
537259.88864 5079223.59808 1431843513.0
537272.437609 5079227.89566 1431843526.0
537284.240451 5079227.18891 1431843538.0
537289.374036 5079225.44208 1431843542.0
537306.485784 5079219.65635 1431843557.0
537309.913756 5079217.56593 1431843560.0
537320.876191 5079214.63203 1431843569.0
537335.677482 5079205.83254 1431843584.0
537343.653622 5079196.10309 1431843597.0
537361.503517 5079196.65512 1431843611.0
537369.019915 5079198.8115 1431843619.0
537379.470447 5079203.54108 1431843631.0
537389.866137 5079204.49266 1431843644.0
537401.222098 5079200.67241 1431843656.0
537405.340644 5079199.91952 1431843659.0
537408.285503 5079200.71505 1431843661.0
537423.30438 5079194.47257 1431843673.0
537440.797057 5079189.9117 1431843689.0
537453.322078 5079185.32085 1431843701.0
537457.986669 5079184.12686 1431843705.0
537468.643457 5079180.41361 1431843714.0
537487.000785 5079174.08037 1431843729.0
537497.139816 5079166.14193 1431843740.0
537501.111226 5079164.0549 1431843744.0
537516.917254 5079156.03969 1431843758.0
537532.101686 5079148.13185 1431843773.0
537538.490125 5079144.28176 1431843780.0
537547.664162 5079141.89296 1431843788.0
537548.91417 5079140.56724 1431843790.0
537555.144019 5079137.27175 1431843798.0
537556.784827 5079135.50396 1431843800.0
537572.326476 5079132.70937 1431843813.0
537584.305672 5079128.5599 1431843824.0
537596.984145 5079124.3036 1431843837.0
537615.719087 5079119.75075 1431843853.0
537619.212026 5079119.77196 1431843856.0
537634.187455 5079120.75176 1431843868.0
537637.519753 5079121.66086 1431843871.0
537652.20292 5079119.63901 1431843884.0
537665.085959 5079120.05063 1431843894.0
537675.78683 5079121.89341 1431843902.0
537677.484355 5079123.57036 1431843904.0
537684.990602 5079127.39368 1431843910.0
537695.997207 5079130.01612 1431843918.0
537714.91841 5079133.13117 1431843933.0
537730.670678 5079134.00483 1431843945.0
537747.514369 5079134.10741 1431843959.0
537760.934625 5079135.52248 1431843973.0
537773.434264 5079135.15423 1431843987.0
537781.113293 5079136.08991 1431843995.0
537793.540732 5079134.83239 1431844008.0
537809.60008 5079136.26366 1431844024.0
537815.33384 5079137.96527 1431844039.0
537818.971839 5079139.6541 1431844043.0
537821.672964 5079142.22608 1431844046.0
537828.1053 5079143.93196 1431844052.0
537837.3028 5079150.4324 1431844061.0
537847.189364 5079158.49257 1431844073.0
537865.973042 5079171.38478 1431844090.0
537880.040835 5079181.13718 1431844103.0
537891.616591 5079192.20767 1431844115.0
537904.076708 5079198.28372 1431844126.0
537918.702676 5079205.59525 1431844140.0
537921.41461 5079206.3896 1431844143.0
537933.310926 5079215.79551 1431844158.0
537937.484023 5079218.82099 1431844163.0
537951.354803 5079222.68361 1431844177.0
537953.21223 5079223.58385 1431844180.0
537961.123983 5079224.52118 1431844188.0
537979.506884 5079226.74489 1431844203.0
537993.952296 5079225.50014 1431844214.0
538009.256301 5079223.48295 1431844227.0
538024.645435 5079220.24411 1431844241.0
538034.055824 5079217.30195 1431844250.0
538043.031057 5079222.02359 1431844262.0
538052.145823 5079229.3016 1431844276.0
538063.721183 5079240.37242 1431844293.0
538066.417385 5079243.72223 1431844304.0
538070.43516 5079246.74684 1431844309.0
538078.543539 5079253.57427 1431844322.0
538087.728323 5079262.07495 1431844335.0
538098.845359 5079271.92083 1431844350.0
538103.157862 5079277.50276 1431844357.0
538110.935187 5079287.66145 1431844372.0
538112.401744 5079289.00377 1431844392.0
538113.406004 5079289.78771 1431844393.0
538127.071376 5079301.76037 1431844408.0
538129.464563 5079303.88616 1431844410.0
538135.031904 5079307.36478 1431844415.0
538146.612443 5079317.54692 1431844428.0
538163.607063 5079330.87346 1431844444.0
538172.186413 5079336.81506 1431844453.0
538187.527666 5079353.90916 1431844470.0
538201.10486 5079367.54808 1431844484.0
538208.196369 5079375.59161 1431844493.0
538228.096821 5079383.38083 1431844509.0
538236.691806 5079386.76712 1431844516.0
538254.34128 5079394.54254 1431844531.0
538270.28107 5079402.64078 1431844545.0
538285.671318 5079411.73563 1431844561.0
538298.809251 5079421.03883 1431844574.0
538307.087496 5079425.42323 1431844582.0
538315.128755 5079430.47283 1431844591.0
538325.572692 5079436.09284 1431844601.0
538340.280725 5079442.51701 1431844616.0
538352.981008 5079447.26217 1431844631.0
538365.37562 5079451.2277 1431844644.0
538375.373045 5079453.734 1431844656.0
538385.056552 5079456.79391 1431844667.0
538391.876496 5079458.50279 1431844675.0
538403.422787 5079461.57427 1431844687.0
538415.812518 5079466.31763 1431844702.0
538428.440592 5079470.17363 1431844716.0
538438.66185 5079474.12583 1431844728.0
538445.086094 5079477.05451 1431844741.0
538453.760519 5079480.10826 1431844751.0
538463.588835 5079484.83582 1431844763.0
538475.049838 5079489.12911 1431844776.0
538482.787315 5079493.06595 1431844785.0
538487.514315 5079494.31751 1431844789.0
538497.585787 5079497.38001 1431844800.0
538509.831192 5079500.34493 1431844813.0
538514.402258 5079501.70664 1431844818.0
538528.04681 5079504.34697 1431844832.0
538532.933861 5079504.82179 1431844838.0
538534.941515 5079506.50091 1431844851.0
538544.563145 5079507.00519 1431844867.0
538549.988667 5079508.26114 1431844879.0
538565.964437 5079510.47162 1431844894.0
538566.815447 5079510.92135 1431844895.0
538571.229186 5079512.61545 1431844899.0
538584.583984 5079511.92085 1431844913.0
538591.574963 5079511.07552 1431844923.0
538592.97482 5079510.6398 1431844924.0
538610.303968 5079507.41452 1431844940.0
538623.975481 5079505.72199 1431844953.0
538632.917266 5079503.22225 1431844968.0
538645.796001 5079504.19143 1431844983.0
538665.052428 5079503.08938 1431844999.0
538668.232609 5079503.44255 1431845002.0
538680.09678 5079505.29434 1431845012.0
538699.222853 5079512.63583 1431845026.0
538711.762634 5079518.15848 1431845037.0
538736.546948 5079526.75763 1431845056.0
538748.708317 5079530.72247 1431845066.0
538755.75259 5079533.76646 1431845072.0
538780.071089 5079542.36287 1431845091.0
538801.21772 5079549.27289 1431845109.0
538802.534401 5079549.72557 1431845126.0
538810.045016 5079552.66143 1431845139.0
538829.020436 5079559.22462 1431845155.0
538829.408513 5079559.22705 1431845168.0
538844.669501 5079563.98927 1431845180.0
538870.569342 5079567.9294 1431845198.0
538883.753492 5079569.67876 1431845208.0
538902.760875 5079571.13138 1431845224.0
538918.412646 5079575.4518 1431845240.0
538928.446782 5079584.40352 1431845254.0
538940.65411 5079593.36892 1431845266.0
538946.143825 5079596.73668 1431845271.0
538963.21918 5079609.1771 1431845286.0
538976.03894 5079619.47972 1431845298.0
538999.235231 5079633.62537 1431845318.0
539006.193959 5079637.8913 1431845324.0
539015.133569 5079648.05847 1431845335.0
539023.593534 5079648.11175 1431845341.0
539037.502512 5079657.97693 1431845354.0
539041.993635 5079659.67186 1431845358.0
539056.769621 5079667.43149 1431845373.0
539070.087018 5079672.62645 1431845387.0
539083.102348 5079676.48623 1431845401.0
539093.092822 5079679.99363 1431845414.0
539103.006371 5079683.38945 1431845427.0
539113.227559 5079687.23167 1431845440.0
539127.481847 5079691.5438 1431845455.0
539140.036334 5079694.62303 1431845466.0
539159.578854 5079697.30202 1431845483.0
539173.846435 5079699.50329 1431845496.0
539192.372217 5079703.39815 1431845510.0
539207.479462 5079707.82697 1431845524.0
539230.180151 5079714.30387 1431845540.0
539249.626659 5079719.87136 1431845554.0
539269.612905 5079725.99788 1431845570.0
539286.208785 5079728.21416 1431845582.0
539306.377688 5079730.00871 1431845598.0
539324.921636 5079731.01526 1431845613.0
539344.308741 5079733.69385 1431845628.0
539363.923729 5079737.15171 1431845642.0
539368.577701 5079737.62572 1431845645.0
539392.209477 5079744.10913 1431845663.0
539413.514932 5079750.2445 1431845679.0
539435.840631 5079754.6087 1431845697.0
539454.751327 5079758.95124 1431845712.0
539477.235025 5079762.87216 1431845729.0
539498.690602 5079769.78655 1431845746.0
539519.449743 5079776.36324 1431845762.0
539534.377962 5079784.45831 1431845776.0
539550.483807 5079790.44987 1431845792.0
539554.203538 5079791.36249 1431845796.0
539567.678327 5079796.1151 1431845811.0
539578.982785 5079800.40944 1431845825.0
539588.753438 5079801.80518 1431845837.0
539600.384656 5079803.54615 1431845852.0
539610.080529 5079804.497 1431845866.0
539618.698351 5079804.10767 1431845879.0
539624.201018 5079805.36506 1431845890.0
539628.702539 5079805.39385 1431845899.0
539632.106824 5079807.08226 1431845912.0
539631.563537 5079807.07878 1431845925.0
539638.542967 5079808.01231 1431845930.0
539644.893675 5079810.16401 1431845934.0
539659.944784 5079811.14921 1431845947.0
539672.141308 5079809.44956 1431845960.0
539680.922181 5079807.83917 1431845974.0
539687.82399 5079808.77225 1431845993.0
539693.647767 5079808.36513 1431845998.0
539698.933241 5079807.1768 1431846003.0
539705.995971 5079807.22206 1431846010.0
539708.169118 5079807.23599 1431846012.0
539713.915285 5079806.82838 1431846018.0
539728.985631 5079804.81394 1431846032.0
539743.831703 5079801.46479 1431846045.0
539757.74858 5079797.77639 1431846057.0
539760.861638 5079796.46306 1431846060.0
539768.491917 5079792.73434 1431846069.0
539784.839793 5079785.1728 1431846085.0
539786.7132 5079783.5182 1431846087.0
539793.107415 5079778.89269 1431846101.0
539793.107415 5079778.89269 1431846116.0
539793.417866 5079778.89469 1431846158.0
539794.276603 5079778.12244 1431846160.0
539801.445719 5079761.61329 1431846175.0
539806.984997 5079745.09367 1431846188.0
539809.200491 5079726.44163 1431846204.0
539808.841182 5079709.88411 1431846219.0
539807.812615 5079688.76684 1431846237.0
539808.075439 5079684.10196 1431846241.0
539808.165389 5079670.10283 1431846250.0
539816.19913 5079651.93262 1431846266.0
539830.192814 5079636.35623 1431846280.0
539845.79504 5079624.12348 1431846294.0
539859.903347 5079614.88109 1431846308.0
539878.823822 5079605.66971 1431846324.0
539893.220503 5079599.87363 1431846337.0
539905.813458 5079596.95479 1431846349.0
539921.194842 5079594.94281 1431846361.0
539941.690955 5079594.18604 1431846377.0
539945.571709 5079594.21106 1431846380.0
539952.867529 5079594.25811 1431846386.0
539974.754986 5079594.39929 1431846403.0
539996.409598 5079594.53904 1431846419.0
540006.338591 5079595.49202 1431846427.0
540025.953674 5079598.95197 1431846442.0
540045.187842 5079601.29844 1431846457.0
540067.081025 5079600.55111 1431846475.0
540092.55529 5079598.1604 1431846495.0
540105.757761 5079597.02365 1431846509.0
540114.600844 5079597.85866 1431846522.0
540128.876258 5079598.83998 1431846536.0
540147.251587 5079601.95896 1431846552.0
540163.049759 5079607.50569 1431846567.0
540178.317568 5079611.04905 1431846582.0
540178.936325 5079611.38639 1431846583.0
540184.427526 5079614.42194 1431846596.0
540185.433637 5079614.8729 1431846597.0
540202.464928 5079621.76104 1431846613.0
540209.439441 5079623.47293 1431846619.0
540225.266649 5079612.57589 1431846636.0
540228.304451 5079610.92898 1431846639.0
540235.866288 5079605.86708 1431846652.0
540240.783453 5079601.67688 1431846663.0
540252.566843 5079591.97584 1431846677.0
540253.270432 5079591.20265 1431846678.0
540268.776507 5079581.97027 1431846692.0
540276.870886 5079578.57851 1431846698.0
540298.27002 5079570.27339 1431846715.0
540316.013329 5079563.16674 1431846730.0
540332.639684 5079560.71945 1431846744.0
540346.310873 5079559.14183 1431846759.0
540358.518952 5079555.77696 1431846777.0
540362.715262 5079555.02654 1431846780.0
540382.205472 5079553.82023 1431846795.0
540391.064519 5079552.21135 1431846801.0
540402.557432 5079551.39741 1431846817.0
540405.822362 5079550.64094 1431846831.0
540405.822362 5079550.64094 1431846834.0
540409.817073 5079557.0002 1431846841.0
540421.827919 5079560.07849 1431846852.0
540433.115562 5079566.92978 1431846865.0
540435.577504 5079570.27912 1431846869.0
540439.39446 5079580.08161 1431846878.0
540448.622706 5079593.2527 1431846895.0
540457.44544 5079597.19912 1431846907.0
540461.706289 5079598.44914 1431846920.0
540469.215357 5079601.49813 1431846933.0
540473.243356 5079602.74664 1431846937.0
540487.105953 5079607.50379 1431846951.0
540497.406231 5079611.01548 1431846962.0
540509.340042 5079613.98233 1431846974.0
540525.946722 5079614.53537 1431846991.0
540538.359288 5079615.50544 1431847004.0
540544.790417 5079617.21416 1431847011.0
540552.454652 5079620.26426 1431847020.0
540566.175743 5079622.90959 1431847033.0
540572.986927 5079625.84302 1431847041.0
540586.147954 5079631.04024 1431847056.0
540599.084853 5079634.9027 1431847071.0
540607.91326 5079637.9605 1431847082.0
540620.919004 5079643.15677 1431847096.0
540631.380207 5079645.78087 1431847107.0
540633.625927 5079646.57336 1431847109.0
540651.670738 5079652.69162 1431847125.0
540658.234424 5079657.8457 1431847138.0
540661.555799 5079660.3119 1431847143.0
540670.231828 5079662.92435 1431847157.0
540685.354941 5079664.80139 1431847172.0
540698.935249 5079665.22391 1431847188.0
540700.562229 5079665.67904 1431847200.0
540716.145901 5079668.33694 1431847213.0
540731.194296 5079669.76916 1431847227.0
540739.973469 5079668.49357 1431847234.0
540756.812833 5079669.04876 1431847248.0
540776.058235 5079669.61984 1431847263.0
540794.314401 5079667.18451 1431847277.0
540797.418971 5079667.20495 1431847280.0
540813.239071 5079657.53156 1431847296.0
540829.458276 5079646.1942 1431847310.0
540844.038843 5079636.17938 1431847324.0
540857.428126 5079630.26778 1431847338.0
540874.004773 5079623.59947 1431847353.0
540887.310632 5079618.57625 1431847366.0
540899.817626 5079616.99217 1431847379.0
540917.987581 5079615.88994 1431847393.0
540927.002652 5079614.17174 1431847407.0
540945.040153 5079609.62434 1431847422.0
540952.131023 5079605.44907 1431847437.0
540952.211575 5079605.00516 1431847451.0
540953.298186 5079605.01235 1431847467.0
540963.950545 5079602.19393 1431847480.0
540973.82456 5079599.70372 1431847491.0
540976.244589 5079597.60865 1431847505.0
540996.120993 5079584.9626 1431847520.0
541004.223866 5079580.34965 1431847530.0
541006.693918 5079570.69951 1431847543.0
541003.024992 5079562.11983 1431847557.0
540999.936544 5079559.655 1431847561.0
540998.585045 5079552.75729 1431847575.0
541004.830332 5079547.35428 1431847588.0
541014.086466 5079544.4156 1431847601.0
541023.589433 5079539.3675 1431847615.0
541034.648767 5079545.44063 1431847628.0
541036.506394 5079546.23069 1431847642.0
541037.68167 5079544.57184 1431847653.0
541037.692708 5079542.90528 1431847665.0
541038.862833 5079542.02416 1431847679.0
541040.966556 5079540.81589 1431847683.0
541043.921846 5079539.9466 1431847685.0
541048.13813 5079536.19682 1431847700.0
541050.477649 5079534.54569 1431847715.0
541060.429423 5079532.05613 1431847728.0
541068.327551 5079523.21975 1431847741.0
541071.860046 5079517.24328 1431847758.0
541073.291017 5079512.14175 1431847773.0
541073.291017 5079512.14175 1431847792.0
541073.368633 5079512.14226 1431847820.0
541073.368633 5079512.14226 1431847843.0
541079.18047 5079490.18121 1431847859.0
541082.687209 5079488.09339 1431847879.0
541085.964048 5079485.55961 1431847894.0
541104.472903 5079480.23803 1431847907.0
541129.061705 5079471.06805 1431847921.0
541130.073673 5079470.63033 1431847932.0
541136.297027 5079468.56057 1431847941.0
541142.581034 5079469.04673 1431847953.0
541153.918984 5079468.23316 1431847965.0
541167.476819 5079472.10093 1431847980.0
541181.546201 5079480.74983 1431847997.0
541196.0184 5079487.17925 1431848013.0
541202.041459 5079491.88588 1431848026.0
541211.180989 5079494.8355 1431848040.0
541217.545537 5079494.87784 1431848051.0
541230.035869 5079495.84981 1431848064.0
541247.111483 5079495.96347 1431848079.0
541257.271097 5079497.25331 1431848090.0
541258.51296 5079497.26158 1431848091.0
541276.542173 5079494.04839 1431848107.0
541285.789636 5079492.44337 1431848119.0
541294.558952 5079481.05757 1431848132.0
541300.204374 5079472.5398 1431848141.0
541305.507495 5079468.79745 1431848154.0
541311.673296 5079463.72754 1431848164.0
541326.801364 5079453.27306 1431848177.0
541329.761926 5079451.62617 1431848189.0
541333.880281 5079439.32054 1431848201.0
541335.20443 5079426.99627 1431848212.0
541339.5186 5079420.2474 1431848224.0
541342.339736 5079404.59984 1431848236.0
541345.50894 5079394.9545 1431848248.0
541348.880607 5079389.86598 1431848261.0
541348.880607 5079389.86598 1431848275.0
541356.158386 5079381.02583 1431848290.0
541373.523093 5079361.14212 1431848305.0
541377.787925 5079350.1708 1431848319.0
541378.420001 5079348.50839 1431848334.0
541378.420001 5079348.50839 1431848360.0
541378.342383 5079348.50787 1431848386.0
541378.420001 5079348.50839 1431848406.0
541378.73641 5079347.62163 1431848429.0
541389.041398 5079338.80173 1431848442.0
541400.211353 5079328.32099 1431848456.0
541408.484211 5079321.59862 1431848469.0
541409.973073 5079319.4975 1431848471.0
541410.54462 5079315.27917 1431848475.0
541411.646133 5079313.06435 1431848477.0
541420.168219 5079303.89926 1431848488.0
541430.160633 5079295.41067 1431848501.0
541442.036334 5079295.49008 1431848514.0
541448.10176 5079293.86402 1431848523.0
541454.722416 5079290.46393 1431848536.0
541463.587341 5079288.07884 1431848549.0
541465.959036 5079281.65039 1431848560.0
541474.424727 5079280.92928 1431848575.0
541484.51224 5079281.44125 1431848592.0
541494.045257 5079283.61615 1431848605.0
541498.101541 5079280.64337 1431848618.0
541506.923858 5079273.03594 1431848631.0
541511.35932 5079271.39902 1431848643.0
541515.98521 5079276.09659 1431848657.0
541523.810603 5079278.2601 1431848669.0
541529.864899 5079278.30067 1431848680.0
541537.379808 5079280.46212 1431848691.0
541545.78279 5079277.51851 1431848698.0
541548.105406 5079278.42296 1431848705.0
541550.638527 5079282.66209 1431848716.0
541555.655455 5079286.91788 1431848727.0
541558.748295 5079288.71637 1431848738.0
541561.888197 5079295.07065 1431848750.0
541565.59453 5079297.98434 1431848763.0
541570.998784 5079302.35385 1431848776.0
541575.941046 5079306.16472 1431848788.0
541581.80056 5079312.09283 1431848804.0
541585.960654 5079316.78733 1431848817.0
541588.875861 5079321.91791 1431848830.0
541594.75474 5079324.95732 1431848839.0
541598.7021 5079326.65046 1431848851.0
541604.589921 5079328.35663 1431848863.0
541607.663328 5079333.04385 1431848873.0
541611.969672 5079339.07266 1431848886.0
541615.278908 5079343.31703 1431848897.0
541619.223266 5079345.45459 1431848909.0
541624.639383 5079348.04649 1431848922.0
541632.372846 5079352.32059 1431848933.0
541636.39481 5079354.45869 1431848945.0
541636.314206 5079354.90258 1431848973.0
541636.236588 5079354.90206 1431849004.0
541636.550047 5079354.45973 1431849037.0
541641.445969 5079353.60376 1431849048.0
541652.507344 5079347.78933 1431849062.0
541662.950781 5079341.52632 1431849075.0
541671.759021 5079336.03009 1431849085.0
541684.289977 5079331.00336 1431849099.0
541692.70941 5079325.61566 1431849112.0
541702.302111 5079318.90256 1431849125.0
541713.732253 5079315.97955 1431849138.0
541729.500077 5079314.41909 1431849154.0
541739.053169 5079313.59456 1431849163.0
541753.205237 5079309.91219 1431849178.0
541755.622651 5079308.26185 1431849184.0
541762.948025 5079303.97796 1431849192.0
541774.380471 5079300.72175 1431849206.0
541775.15666 5079300.72699 1431849219.0
541775.15666 5079300.72699 1431849254.0
541775.467136 5079300.72908 1431849277.0
541776.329933 5079299.40159 1431849296.0
541776.329933 5079299.40159 1431849315.0
541776.407552 5079299.40211 1431849345.0
541776.176942 5079299.06723 1431849369.0
541776.176942 5079299.06723 1431849381.0
541776.257558 5079298.62333 1431849419.0
541776.335176 5079298.62386 1431849460.0
541776.338173 5079298.17944 1431849506.0
541776.338173 5079298.17944 1431849549.0
541776.26355 5079297.7345 1431849586.0
541776.185931 5079297.73398 1431849624.0
541774.938035 5079298.61444 1431849648.0
541764.428025 5079303.21017 1431849663.0
541749.474294 5079310.66482 1431849680.0
541733.608632 5079315.22452 1431849698.0
541732.599588 5079315.21773 1431849699.0
541716.84523 5079314.77831 1431849714.0
541715.758567 5079314.77099 1431849722.0
541698.858476 5079323.10153 1431849740.0
541689.346394 5079329.37075 1431849755.0
541676.726603 5079336.06351 1431849771.0
541659.041476 5079345.72218 1431849787.0
541644.538751 5079355.40229 1431849802.0
541633.931184 5079351.44219 1431849816.0
541631.83773 5079351.0948 1431849818.0
541619.530754 5079345.9011 1431849834.0
541611.584564 5079338.62563 1431849844.0
541610.43148 5079336.95125 1431849846.0
541598.374469 5079329.20377 1431849862.0
541586.702539 5079321.90333 1431849877.0
541585.330757 5079318.11641 1431849882.0
541584.655304 5079314.66749 1431849898.0
541579.17867 5079309.51972 1431849908.0
541566.580471 5079301.43534 1431849923.0
541556.616069 5079294.14641 1431849936.0
541544.949238 5079286.06832 1431849952.0
541533.501829 5079279.99169 1431849967.0
541524.520344 5079276.59822 1431849981.0
541516.091117 5079271.87515 1431849996.0
541506.061116 5079274.36347 1431850010.0
541500.366635 5079278.54747 1431850024.0
541489.155253 5079283.58341 1431850039.0
541479.123051 5079286.40508 1431850049.0
541465.41897 5079292.75768 1431850064.0
541464.783892 5079294.8645 1431850083.0
541464.781661 5079295.19782 1431850116.0
541457.41009 5079294.81516 1431850128.0
541449.703516 5079298.09688 1431850141.0
541440.929605 5079298.48263 1431850149.0
541431.072003 5079298.41671 1431850158.0
541424.767786 5079300.93007 1431850164.0
541409.840854 5079316.05223 1431850180.0
541407.25939 5079319.03492 1431850184.0
541399.274735 5079329.0925 1431850197.0
541391.148227 5079337.14917 1431850210.0
541384.077973 5079349.76837 1431850223.0
541379.136826 5079357.4019 1431850233.0
541370.234942 5079365.34231 1431850246.0
541365.756565 5079373.42337 1431850254.0
541358.309438 5079384.37346 1431850268.0
541353.495406 5079396.23 1431850281.0
541350.475494 5079406.7652 1431850294.0
541349.528276 5079420.75862 1431850309.0
541342.072337 5079433.04198 1431850325.0
541329.292717 5079440.51214 1431850341.0
541316.544811 5079454.8713 1431850353.0
541308.58566 5079461.15144 1431850365.0
541299.450424 5079469.20151 1431850376.0
541286.925991 5079473.34018 1431850389.0
541273.944016 5079476.25363 1431850402.0
541253.153046 5079486.22609 1431850415.0
541231.74343 5079495.86118 1431850429.0
541217.198115 5079500.43098 1431850441.0
541205.813632 5079496.57755 1431850454.0
541193.543535 5079485.82949 1431850474.0
541188.593064 5079483.24107 1431850488.0
541179.700386 5079478.18205 1431850501.0
541172.818345 5079474.2475 1431850513.0
541169.100865 5079473.0006 1431850528.0
541169.100865 5079473.0006 1431850542.0
541163.667695 5079472.9645 1431850554.0
541157.777681 5079471.59206 1431850568.0
541144.352201 5079471.16957 1431850583.0
541134.727727 5079471.10566 1431850588.0
541125.025635 5079471.04126 1431850603.0
541105.682853 5079473.3573 1431850618.0
541094.655386 5079474.17302 1431850633.0
541092.016419 5079474.15552 1431850647.0
541082.806818 5079481.76097 1431850663.0
541080.757846 5079486.41396 1431850675.0
541078.348787 5079486.84242 1431850691.0
541068.924047 5079491.77985 1431850706.0
541050.541782 5079501.43563 1431850722.0
541049.682114 5079502.3188 1431850740.0
541045.543423 5079506.06909 1431850755.0
541043.198006 5079508.60906 1431850770.0
541036.883126 5079512.78937 1431850785.0
541035.990347 5079518.67224 1431850800.0
541032.873929 5079520.42934 1431850815.0
541028.344238 5079524.62149 1431850829.0
541026.939056 5079525.83438 1431850844.0
541022.262232 5079528.80336 1431850859.0
541018.904884 5079531.78107 1431850876.0
541008.839477 5079539.71429 1431850892.0
540997.816976 5079551.53001 1431850909.0
541001.583383 5079557.11039 1431850924.0
541006.345549 5079564.69732 1431850940.0
541010.732864 5079570.28181 1431850954.0
541010.327872 5079572.83463 1431850967.0
541006.249954 5079579.14086 1431850979.0
541000.018668 5079582.43289 1431850992.0
540989.952632 5079590.47724 1431851007.0
540978.72313 5079598.40281 1431851021.0
540965.649996 5079603.42737 1431851036.0
540955.080394 5079605.46856 1431851048.0
540944.352632 5079607.95317 1431851063.0
540929.968167 5079611.74694 1431851076.0
540918.705927 5079612.89474 1431851090.0
540904.097448 5079615.35379 1431851105.0
540888.641083 5079616.9184 1431851119.0
540881.17026 5079619.86904 1431851133.0
540869.095252 5079626.56702 1431851147.0
540859.041183 5079632.83392 1431851161.0
540851.795179 5079637.00828 1431851176.0
540845.32533 5079641.18777 1431851189.0
540839.400989 5079645.03753 1431851201.0
540829.283278 5079649.19299 1431851216.0
540820.626345 5079655.46915 1431851230.0
540812.2052 5079661.30245 1431851242.0
540809.396448 5079663.50613 1431851256.0
540799.511629 5079667.66317 1431851269.0
540788.310309 5079671.36712 1431851284.0
540769.051022 5079672.90699 1431851301.0
540756.632754 5079672.82529 1431851314.0
540746.082341 5079671.97813 1431851325.0
540734.202257 5079672.67777 1431851340.0
540720.495219 5079667.92109 1431851354.0
540709.723632 5079665.29479 1431851368.0
540699.641806 5079664.00635 1431851380.0
540690.320065 5079665.16732 1431851392.0
540690.15608 5079666.49955 1431851404.0
540690.15608 5079666.49955 1431851426.0
540684.726001 5079666.01946 1431851430.0
540667.681496 5079661.24098 1431851445.0
540659.545847 5079659.07651 1431851454.0
540652.929336 5079650.14437 1431851463.0
540637.522684 5079644.15453 1431851477.0
540619.849154 5079640.59425 1431851492.0
540601.568521 5079634.91898 1431851509.0
540598.377585 5079636.23137 1431851522.0
540581.57451 5079630.12141 1431851537.0
540567.875266 5079624.14292 1431851549.0
540561.90693 5079622.88164 1431851554.0
540556.637852 5079621.51384 1431851566.0
540555.240786 5079621.5047 1431851567.0
540543.48187 5079615.53896 1431851580.0
540543.404255 5079615.53845 1431851596.0
540543.404255 5079615.53845 1431851625.0
540538.121355 5079616.28165 1431851630.0
540521.286922 5079614.94932 1431851645.0
540514.448821 5079616.1268 1431851651.0
540504.910183 5079614.84224 1431851659.0
540499.49094 5079612.69574 1431851665.0
540480.885866 5079609.12977 1431851681.0
540465.177198 5079601.80508 1431851695.0
540450.246821 5079594.15218 1431851710.0
540439.144935 5079582.63549 1431851723.0
540434.646119 5079570.27304 1431851736.0
540433.581255 5079566.93282 1431851739.0
540426.928798 5079563.44504 1431851745.0
540417.559063 5079560.05064 1431851758.0
540406.172038 5079556.53199 1431851772.0
540399.139445 5079551.81956 1431851784.0
540399.139445 5079551.81956 1431851801.0
540399.605139 5079551.8226 1431851818.0
540399.605139 5079551.8226 1431851844.0
540400.3755 5079552.71649 1431851855.0
540400.3755 5079552.71649 1431851877.0
540400.530731 5079552.7175 1431851899.0
540396.957514 5079553.13864 1431851911.0
540392.056863 5079554.77332 1431851915.0
540372.486866 5079556.3124 1431851931.0
540360.531168 5079556.67894 1431851940.0
540339.475639 5079559.87508 1431851956.0
540322.685371 5079563.6546 1431851970.0
540306.436263 5079567.771 1431851983.0
540291.021439 5079574.89282 1431851997.0
540287.903098 5079576.98361 1431852000.0
540269.228478 5079584.08428 1431852016.0
540255.510444 5079592.88384 1431852028.0
540246.782184 5079598.27147 1431852036.0
540235.073543 5079608.41743 1431852048.0
540230.852035 5079613.05659 1431852053.0
540227.656119 5079615.14691 1431852056.0
540215.568122 5079623.95714 1431852068.0
540213.696714 5079625.2783 1431852070.0
540204.10396 5079632.32701 1431852079.0
540198.07501 5079640.39884 1431852086.0
540183.398445 5079653.41447 1431852100.0
540170.822569 5079665.666 1431852113.0
540168.721942 5079666.43015 1431852115.0
540163.577077 5079669.84116 1431852120.0
540142.935174 5079681.15159 1431852139.0
540138.258898 5079684.12124 1431852143.0
540132.102924 5079687.85906 1431852149.0
540127.734955 5079691.16403 1431852154.0
540108.315589 5079705.48243 1431852171.0
540093.050814 5079713.49457 1431852184.0
540076.19213 5079715.941 1431852199.0
540068.351002 5079716.22361 1431852205.0
540046.245548 5079725.85826 1431852224.0
540029.106614 5079723.63643 1431852239.0
540009.672268 5079716.28882 1431852255.0
540008.818519 5079716.28331 1431852256.0
540000.294655 5079714.1172 1431852262.0
539979.787277 5079704.65169 1431852279.0
539970.268028 5079700.36813 1431852288.0
539959.964745 5079697.30173 1431852296.0
539946.1982 5079689.65756 1431852309.0
539929.58783 5079677.66184 1431852325.0
539925.878824 5079675.08243 1431852329.0
539908.884203 5079674.5285 1431852343.0
539898.178467 5079673.68179 1431852353.0
539887.450193 5079664.27957 1431852368.0
539869.524169 5079663.71975 1431852383.0
539852.199761 5079666.16379 1431852396.0
539832.215056 5079671.92404 1431852412.0
539817.593612 5079676.49662 1431852425.0
539814.871408 5079677.36799 1431852428.0
539811.370923 5079678.5677 1431852432.0
539807.621178 5079682.3213 1431852443.0
539807.540708 5079682.76522 1431852455.0
539807.540708 5079682.76522 1431852477.0
539807.623319 5079681.98799 1431852498.0
539807.540708 5079682.76522 1431852516.0
539807.540708 5079682.76522 1431852564.0
539807.621178 5079682.3213 1431852600.0
539807.621178 5079682.3213 1431852638.0
539807.621178 5079682.3213 1431852673.0
539807.621178 5079682.3213 1431852710.0
539807.621178 5079682.3213 1431852747.0
539807.621178 5079682.3213 1431852782.0
539807.623319 5079681.98799 1431852823.0
539807.856161 5079681.98948 1431852866.0
539807.856161 5079681.98948 1431852894.0
539807.623319 5079681.98799 1431852921.0
539799.698842 5079683.15927 1431852934.0
539797.046407 5079685.2533 1431852938.0
539790.175706 5079691.54237 1431852950.0
539780.303619 5079705.92311 1431852967.0
539771.550974 5079715.20005 1431852981.0
539763.330954 5079726.14706 1431852994.0
539753.40846 5079736.30539 1431853007.0
539738.821369 5079747.65601 1431853026.0
539734.303416 5079750.18253 1431853031.0
539728.932436 5079752.59248 1431853036.0
539724.88017 5079755.122 1431853041.0
539715.932588 5079758.509 1431853055.0
539706.295044 5079760.55829 1431853069.0
539694.082753 5079764.70217 1431853083.0
539683.987377 5079765.52637 1431853095.0
539670.16445 5079766.66003 1431853110.0
539657.962864 5079769.13742 1431853122.0
539645.999815 5079770.72748 1431853133.0
539635.957902 5079775.3298 1431853142.0
539625.000994 5079777.37077 1431853155.0
539605.936855 5079784.91537 1431853172.0
539588.920508 5079787.80654 1431853188.0
539574.548684 5079789.82579 1431853202.0
539564.997365 5079790.54254 1431853210.0
539555.994303 5079790.48505 1431853219.0
539549.242006 5079790.44195 1431853226.0
539539.725437 5079785.71463 1431853234.0
539536.548281 5079784.9166 1431853237.0
539525.876009 5079778.84863 1431853252.0
539519.374965 5079775.91833 1431853258.0
539513.559675 5079774.99236 1431853263.0
539495.976276 5079769.43592 1431853278.0
539482.651646 5079765.46218 1431853288.0
539477.304142 5079764.20591 1431853292.0
539458.629146 5079759.42037 1431853307.0
539441.64817 5079756.75674 1431853320.0
539422.815071 5079752.41474 1431853334.0
539418.011544 5079751.05087 1431853338.0
539395.530594 5079746.68574 1431853355.0
539375.155762 5079740.66746 1431853371.0
539362.60148 5079737.58774 1431853381.0
539342.839733 5079732.79565 1431853397.0
539334.307911 5079731.85261 1431853404.0
539318.174916 5079730.08357 1431853416.0
539303.588541 5079729.21326 1431853431.0
539286.912942 5079727.32975 1431853444.0
539273.726415 5079726.02395 1431853454.0
539268.448704 5079725.9905 1431853458.0
539251.633346 5079721.66181 1431853472.0
539235.281536 5079717.66943 1431853485.0
539234.04183 5079717.32825 1431853486.0
539217.38728 5079712.11181 1431853500.0
539202.520627 5079706.46229 1431853513.0
539188.108385 5079702.59341 1431853526.0
539177.325704 5079701.63635 1431853535.0
539160.041727 5079697.74938 1431853550.0
539138.714092 5079695.05912 1431853566.0
539132.825972 5079693.35529 1431853571.0
539117.790643 5079689.81597 1431853585.0
539102.835015 5079685.94387 1431853598.0
539088.749244 5079679.52179 1431853611.0
539072.485346 5079673.86377 1431853627.0
539055.763439 5079666.98071 1431853643.0
539042.378905 5079660.11872 1431853656.0
539030.552228 5079652.37771 1431853667.0
539024.438894 5079649.45038 1431853672.0
539014.116187 5079649.38537 1431853680.0
539005.335303 5079638.66366 1431853691.0
538989.019479 5079628.89451 1431853706.0
538978.52261 5079619.49534 1431853718.0
538971.254083 5079615.11638 1431853724.0
538963.992534 5079609.62639 1431853731.0
538958.813998 5079606.14946 1431853745.0
538958.813998 5079606.14946 1431853763.0
538956.57644 5079604.02433 1431853767.0
538951.632836 5079600.21556 1431853772.0
538940.113598 5079592.92109 1431853784.0
538925.751891 5079580.94223 1431853801.0
538922.818568 5079578.3683 1431853815.0
538912.053778 5079574.52299 1431853827.0
538910.193802 5079574.06688 1431853829.0
538901.909897 5079570.6816 1431853837.0
538882.896934 5079570.11782 1431853853.0
538861.103058 5079567.42558 1431853869.0
538859.938828 5079567.41828 1431853870.0
538839.244781 5079562.62196 1431853885.0
538820.49666 5079556.94904 1431853900.0
538803.998659 5079551.40137 1431853913.0
538796.095092 5079549.24081 1431853919.0
538770.767638 5079540.63802 1431853938.0
538768.292279 5079539.28923 1431853940.0
538749.626504 5079532.83928 1431853955.0
538730.494995 5079526.38647 1431853969.0
538709.586611 5079518.58932 1431853985.0
538702.769594 5079516.43567 1431853991.0
538696.190971 5079513.39465 1431854004.0
538691.153562 5079512.141 1431854008.0
538673.807101 5079505.69951 1431854024.0
538672.337943 5079504.80147 1431854040.0
538665.194486 5079505.20132 1431854049.0
538646.963015 5079503.75428 1431854064.0
538633.307425 5079502.89135 1431854079.0
538633.307425 5079502.89135 1431854113.0
538633.382963 5079503.22515 1431854138.0
538630.58324 5079504.09656 1431854153.0
538623.199319 5079505.71715 1431854162.0
538605.941545 5079509.94283 1431854178.0
538586.283925 5079513.15363 1431854194.0
538570.680341 5079513.5009 1431854207.0
538559.6644 5079512.54347 1431854217.0
538539.130019 5079506.97139 1431854234.0
538519.902643 5079503.40746 1431854251.0
538510.371743 5079500.79272 1431854261.0
538493.94887 5079495.57968 1431854278.0
538480.311876 5079491.71728 1431854290.0
538463.746826 5079484.39237 1431854306.0
538459.105707 5079481.80807 1431854311.0
538439.903714 5079474.13353 1431854329.0
538426.967945 5079469.83117 1431854340.0
538422.710059 5079468.02703 1431854344.0
538399.769297 5079462.4405 1431854363.0
538386.608886 5079456.80353 1431854376.0
538365.451173 5079451.56149 1431854394.0
538350.561821 5079449.35825 1431854409.0
538345.452177 5079447.21557 1431854414.0
538335.24319 5079441.26365 1431854422.0
538327.96301 5079438.66312 1431854437.0
538319.301522 5079433.49856 1431854452.0
538313.257703 5079431.79456 1431854459.0
538299.499564 5079422.37639 1431854472.0
538283.027526 5079412.49706 1431854487.0
538268.027421 5079403.07129 1431854502.0
538246.059528 5079390.71373 1431854522.0
538226.464109 5079383.81519 1431854537.0
538222.827048 5079382.01502 1431854540.0
538220.81927 5079380.33601 1431854542.0
538211.525708 5079376.94544 1431854550.0
538194.380876 5079362.84007 1431854568.0
538182.961214 5079351.76996 1431854582.0
538181.73028 5079349.98464 1431854584.0
538171.086754 5079338.91934 1431854598.0
538158.41964 5079328.73046 1431854615.0
538147.763722 5079319.66507 1431854628.0
538144.369032 5079316.31092 1431854632.0
538141.19967 5079314.18035 1431854635.0
538135.880922 5079308.14776 1431854646.0
538132.247893 5079305.68102 1431854650.0
538117.726 5079294.14751 1431854668.0
538117.415525 5079294.1456 1431854670.0
538117.511597 5079291.14626 1431854673.0
538122.065436 5079282.73005 1431854685.0
538121.688279 5079280.94999 1431854687.0
538120.361542 5079269.49767 1431854700.0
538116.088006 5079257.58279 1431854712.0
538115.102193 5079253.79904 1431854715.0
538112.414223 5079249.11596 1431854720.0
538111.894122 5079245.33508 1431854723.0
538107.630802 5079231.75364 1431854736.0
538101.799355 5079220.71806 1431854751.0
538100.030759 5079205.37424 1431854766.0
538098.341822 5079189.69758 1431854781.0
538096.293465 5079169.35217 1431854799.0
538096.107736 5079161.68455 1431854814.0
538098.120654 5079149.91945 1431854827.0
538098.030991 5079139.2525 1431854839.0
538097.960885 5079138.02988 1431854842.0
538099.441142 5079137.15011 1431854845.0
538099.537208 5079134.15078 1431854859.0
538093.764831 5079126.11549 1431854871.0
538092.375852 5079124.77365 1431854873.0
538086.523105 5079117.18231 1431854884.0
538083.118026 5079115.49476 1431854895.0
538083.118026 5079115.49476 1431854925.0
538082.018359 5079117.59906 1431854931.0
538079.107468 5079123.91434 1431854937.0
538075.575616 5079130.22581 1431854951.0
538075.575616 5079130.22581 1431854971.0
538075.575616 5079130.22581 1431854985.0
538060.718657 5079135.24552 1431854999.0
538048.798345 5079142.39435 1431855012.0
538042.730977 5079144.46816 1431855017.0
538026.683862 5079153.70276 1431855033.0
538021.31237 5079156.22528 1431855040.0
538011.589368 5079159.49888 1431855048.0
537992.991089 5079167.05129 1431855066.0
537986.869983 5079165.23603 1431855075.0
537978.258893 5079164.40549 1431855083.0
537962.833548 5079160.86661 1431855097.0
537959.423016 5079160.06796 1431855100.0
537941.436175 5079156.51344 1431855115.0
537931.143943 5079151.33945 1431855125.0
537923.469713 5079149.62585 1431855133.0
537916.882167 5079147.91892 1431855143.0
537907.035097 5079133.4146 1431855158.0
537899.901993 5079119.37132 1431855174.0
537899.736404 5079108.37059 1431855187.0
537899.743879 5079107.14845 1431855188.0
537896.771017 5079098.24161 1431855201.0
537892.256591 5079087.54761 1431855214.0
537892.259309 5079087.10319 1431855226.0
537892.79994 5079087.55093 1431855252.0
537892.79994 5079087.55093 1431855282.0
537892.880279 5079087.10699 1431855289.0
537904.153571 5079071.50967 1431856796.0
537886.450437 5079072.29028 1431856805.0
537880.960366 5079068.81236 1431856818.0
537880.030946 5079068.47335 1431856819.0
537876.862045 5079066.23181 1431856822.0
537867.994636 5079056.5112 1431856836.0
537862.059176 5079049.69733 1431856852.0
537858.589955 5079045.78735 1431856862.0
537854.336365 5079043.20587 1431856867.0
537848.86661 5079036.39486 1431856873.0
537845.47703 5079032.15204 1431856877.0
537834.211377 5079021.08354 1431856891.0
537823.864266 5079012.13171 1431856905.0
537815.424461 5079008.63585 1431856920.0
537812.308722 5079010.39457 1431856939.0
537812.619211 5079010.39646 1431856947.0
537802.794752 5079017.55856 1431856958.0
537793.751957 5079023.83657 1431856968.0
537782.732727 5079035.99127 1431856984.0
537778.054413 5079039.4071 1431856989.0
537763.500284 5079058.42901 1431857008.0
537762.871863 5079059.64737 1431857009.0
537760.670022 5079064.30049 1431857013.0
537750.933941 5079082.46292 1431857029.0
537749.909296 5079085.01217 1431857031.0
537744.846109 5079100.64758 1431857046.0
537736.178743 5079109.03902 1431857058.0
537725.560055 5079119.19632 1431857073.0
537715.357908 5079124.68962 1431857086.0
537702.830536 5079129.61326 1431857100.0
537684.457392 5079125.72381 1431857117.0
537671.134983 5079120.97626 1431857129.0
537668.110471 5079120.51344 1431857132.0
537663.528139 5079120.93002 1431857136.0
537647.155538 5079119.94166 1431857151.0
537628.365891 5079120.7164 1431857166.0
537626.039964 5079120.25785 1431857168.0
537619.827597 5079120.66456 1431857173.0
537617.108169 5079121.09248 1431857175.0
537612.531236 5079120.62027 1431857179.0
537597.056373 5079125.1929 1431857193.0
537595.966986 5079125.63072 1431857194.0
537585.152087 5079129.78723 1431857206.0
537582.432666 5079130.21516 1431857208.0
537562.61648 5079133.87269 1431857224.0
537558.96292 5079134.73941 1431857227.0
537553.431652 5079138.03913 1431857233.0
537541.581485 5079146.52265 1431857245.0
537540.492778 5079146.84938 1431857246.0
537536.052929 5079149.37797 1431857251.0
537534.181961 5079150.69994 1431857253.0
537520.242149 5079158.17087 1431857266.0
537510.663904 5079163.22386 1431857277.0
537497.825624 5079168.25713 1431857289.0
537495.261467 5079168.68605 1431857292.0
537479.153083 5079175.36619 1431857309.0
537462.804485 5079183.26712 1431857324.0
537447.578196 5079185.28614 1431857338.0
537432.418798 5079189.08333 1431857351.0
537427.061006 5079189.38429 1431857355.0
537407.819784 5079200.71224 1431857373.0
537395.061969 5079205.30178 1431857387.0
537386.058075 5079205.24744 1431857398.0
537376.81864 5079205.63614 1431857409.0
537363.193066 5079199.66523 1431857424.0
537360.098321 5079197.97995 1431857427.0
537357.231744 5079197.0738 1431857430.0
537344.887505 5079197.44382 1431857442.0
537337.602578 5079208.39963 1431857454.0
537319.789516 5079214.62548 1431857469.0
537303.280639 5079223.41473 1431857483.0
537287.583438 5079226.32017 1431857496.0
537286.3442 5079225.86828 1431857497.0
537275.332255 5079224.1354 1431857507.0
537259.851774 5079216.82026 1431857521.0
537246.777467 5079209.51963 1431857533.0
537241.65924 5079208.71111 1431857538.0
537237.351261 5079202.24095 1431857544.0
537223.365482 5079191.60164 1431857559.0
537218.728973 5079188.12944 1431857564.0
537207.229642 5079177.06068 1431857578.0
537205.296478 5079175.82688 1431857580.0
537190.489036 5079172.73807 1431857593.0
537175.838821 5079169.31692 1431857605.0
537168.547852 5079168.38431 1431857610.0
537154.488598 5079169.96662 1431857624.0
537153.942592 5079170.40778 1431857634.0
537154.488598 5079169.96662 1431857639.0
537151.46141 5079169.94847 1431857641.0
537143.489173 5079166.123 1431857648.0
537133.116022 5079161.39429 1431857656.0
537121.122813 5079154.98927 1431857667.0
537111.66843 5079152.37715 1431857674.0
537107.937992 5079153.13256 1431857676.0
537097.32395 5079149.73577 1431857685.0
537085.833463 5079150.11142 1431857692.0
537074.100145 5079152.15226 1431857705.0
537062.421861 5079157.97113 1431857718.0
537061.404822 5079159.29834 1431857721.0
537046.558649 5079175.65356 1431857735.0
537034.321158 5079184.13573 1431857746.0
537021.127701 5079196.72321 1431857758.0
537007.661642 5079202.97593 1431857771.0
537007.03803 5079203.41664 1431857772.0
536996.330487 5079215.6857 1431857786.0
536988.380788 5079221.08254 1431857794.0
536977.32566 5079226.57196 1431857805.0
536973.429438 5079229.10419 1431857810.0
536958.220087 5079241.34645 1431857825.0
536947.312973 5079248.059 1431857839.0
536946.221667 5079248.83025 1431857840.0
536937.054653 5079250.10889 1431857853.0
536931.321428 5079248.29699 1431857862.0
536925.827679 5079245.37544 1431857872.0
536924.27066 5079246.14392 1431857874.0
536918.468583 5079255.88686 1431857888.0
536912.453041 5079275.40604 1431857903.0
536906.225856 5079291.36851 1431857918.0
536896.612601 5079302.42206 1431857930.0
536883.237083 5079306.56454 1431857944.0
536873.064434 5079307.28175 1431857955.0
536863.794786 5079312.782 1431857968.0
536853.838786 5079329.27787 1431857983.0
536850.103201 5079330.92228 1431857986.0
536838.33728 5079338.51877 1431857998.0
536831.644954 5079341.3678 1431858004.0
536819.981782 5079344.74283 1431858016.0
536809.418474 5079345.90225 1431858027.0
536793.271296 5079346.25078 1431858041.0
536776.180175 5079348.7048 1431858055.0
536766.710786 5079348.6486 1431858067.0
536764.620376 5079347.74733 1431858069.0
536746.933367 5079345.97579 1431858082.0
536735.24533 5079340.46219 1431858095.0
536726.669899 5079333.63377 1431858107.0
536715.761295 5079327.56928 1431858116.0
536701.715071 5079313.93088 1431858131.0
536688.022011 5079306.18334 1431858144.0
536679.726701 5079304.46761 1431858151.0
536664.528598 5079301.82217 1431858164.0
536652.119493 5079300.08213 1431858176.0
536641.783744 5079302.13206 1431858185.0
536632.171528 5079299.96417 1431858196.0
536626.968459 5079300.37784 1431858201.0
536607.894648 5079296.82077 1431858216.0
536596.877404 5079295.97794 1431858227.0
536577.913545 5079300.08806 1431858238.0
536576.434202 5079300.85709 1431858239.0
536573.005871 5079303.05901 1431858241.0
536560.600023 5079300.76364 1431858251.0
536557.186774 5079300.41017 1431858254.0
536542.980617 5079300.6597 1431858268.0
536540.411343 5079301.97784 1431858281.0
536525.834462 5079312.44716 1431858294.0
536514.960033 5079313.71636 1431858304.0
536505.483392 5079314.88271 1431858317.0
536499.729818 5079316.51543 1431858331.0
536497.463834 5079319.05757 1431858334.0
536482.743605 5079327.52619 1431858342.0
536469.974784 5079347.33936 1431858356.0
536464.21125 5079363.86053 1431858368.0
536458.452977 5079379.49287 1431858381.0
536458.608686 5079392.60453 1431858395.0
536456.383102 5079401.48007 1431858407.0
536448.451604 5079417.09964 1431858420.0
536437.412858 5079433.14537 1431858433.0
536432.608326 5079445.00568 1431858447.0
536432.049983 5079447.55788 1431858451.0
536429.446172 5079454.76459 1431858465.0
536425.695755 5079458.96464 1431858478.0
536424.606511 5079459.40267 1431858493.0
536420.23778 5079463.15466 1431858505.0
536413.05201 5079470.77888 1431858518.0
536399.574768 5079479.1439 1431858531.0
536391.485056 5079482.09629 1431858544.0
536386.487602 5079487.17791 1431858555.0
536375.940274 5079498.89343 1431858570.0
536371.325709 5079504.86617 1431858585.0
536372.71823 5079505.6521 1431858604.0
536372.170353 5079519.64849 1431858618.0
536372.182745 5079530.75937 1431858635.0
536369.174002 5079540.85253 1431858649.0
536368.958771 5079551.07321 1431858664.0
536368.583743 5079562.0707 1431858679.0
536373.331314 5079573.09826 1431858695.0
536370.001693 5079584.96727 1431858707.0
536372.047726 5079593.42349 1431858721.0
536372.686252 5079603.64918 1431858734.0
536370.68914 5079613.30385 1431858748.0
536371.299621 5079615.08517 1431858765.0
536372.141637 5079630.31191 1431858774.0
536371.834437 5079642.97642 1431858787.0
536373.864791 5079654.09914 1431858800.0
536373.199523 5079661.65058 1431858815.0
536370.82349 5079669.74752 1431858828.0
536378.297871 5079692.23523 1431858840.0
536387.30623 5079704.62112 1431858855.0
536390.664446 5079714.30725 1431858869.0
536391.888638 5079717.31436 1431858883.0
536392.319728 5079723.20561 1431858895.0
536395.143771 5079731.33309 1431858906.0
536403.303519 5079742.82516 1431858922.0
536405.01876 5079754.7238 1431858936.0
536404.263446 5079764.38576 1431858943.0
536405.846223 5079785.61671 1431858957.0
536403.185203 5079789.37874 1431858969.0
536402.541455 5079793.26374 1431858986.0
536401.69091 5079805.92506 1431858999.0
536398.286351 5079817.34919 1431859013.0
536395.930575 5079822.00189 1431859024.0
536384.563989 5079827.93496 1431859038.0
536377.419756 5079841.78151 1431859049.0
536368.699848 5079846.39685 1431859062.0
536361.917635 5079851.46801 1431859074.0
536354.517148 5079856.09112 1431859086.0
536345.617284 5079864.92754 1431859100.0
536342.259787 5079868.3522 1431859113.0
536339.246034 5079879.33422 1431859127.0
536337.896665 5079884.43727 1431859141.0
536332.23177 5079897.5148 1431859155.0
536328.318642 5079903.04725 1431859171.0
536323.103725 5079905.57216 1431859182.0
536320.178055 5079914.77698 1431859196.0
536318.478533 5079926.65558 1431859209.0
536317.10444 5079935.9806 1431859223.0
536316.496685 5079946.97674 1431859237.0
536316.560923 5079988.97596 1431859250.0
536316.73904 5079998.31009 1431859266.0
536321.736772 5080006.33917 1431859282.0
536326.015808 5080017.80839 1431859300.0
536322.728847 5080022.45566 1431859315.0
536319.676673 5080026.77098 1431859329.0
536315.471436 5080029.1907 1431859345.0
536313.66102 5080033.51331 1431859359.0
536306.063892 5080045.24623 1431859372.0
536301.813097 5080055.44327 1431859384.0
536299.460871 5080072.76234 1431859401.0
536300.115212 5080093.54339 1431859417.0
536300.417833 5080094.87846 1431859418.0
536301.269704 5080108.43864 1431859432.0
536292.378084 5080115.94189 1431859443.0
536286.271921 5080124.90588 1431859456.0
536279.124811 5080126.08621 1431859468.0
536278.743927 5080124.86179 1431859473.0
536280.098405 5080118.86988 1431859479.0
536280.560627 5080106.20627 1431859493.0
536280.350577 5080102.31625 1431859498.0
536274.896979 5080092.61791 1431859513.0
536271.214052 5080085.37432 1431859523.0
536267.192508 5080069.68453 1431859537.0
536266.433981 5080066.68017 1431859540.0
536260.658187 5080058.97991 1431859551.0
536253.139866 5080057.26928 1431859562.0
536246.245015 5080055.11788 1431859574.0
536240.381176 5080049.19484 1431859587.0
536228.739807 5080049.12675 1431859599.0
536224.096253 5080046.87744 1431859602.0
536209.898323 5080046.01667 1431859613.0
536195.072376 5080046.37446 1431859624.0
536187.702102 5080045.88697 1431859636.0
536182.514618 5080043.74561 1431859651.0
536180.83447 5080039.06926 1431859663.0
536168.91508 5080033.44426 1431859675.0
536168.607238 5080032.99803 1431859686.0
536150.551497 5080028.22609 1431859698.0
536137.976184 5080028.59715 1431859710.0
536126.506842 5080025.64145 1431859726.0
536120.029759 5080018.38166 1431859736.0
536110.317669 5080006.88091 1431859748.0
536094.272539 5080003.34305 1431859761.0
536084.641171 5080004.62024 1431859771.0
536085.960536 5080004.62792 1431859785.0
536082.393079 5080004.16271 1431859803.0
536067.957679 5080004.07865 1431859817.0
536059.355292 5080001.91751 1431859832.0
536049.075226 5079994.63566 1431859843.0
536048.767373 5079994.18944 1431859864.0
536046.666736 5079995.06608 1431859870.0
536038.270013 5079997.57271 1431859881.0
536038.192403 5079997.57226 1431859903.0
536033.208576 5080000.43208 1431859921.0
536033.208576 5080000.43208 1431859947.0
536033.286186 5080000.43253 1431859977.0
536033.205991 5080000.87649 1431860003.0
536033.205991 5080000.87649 1431860034.0
536029.403115 5080000.85437 1431860056.0
536018.132264 5080003.78875 1431860069.0
536004.861009 5080003.7116 1431860080.0
536003.854666 5080003.26132 1431860081.0
535997.17765 5080003.66695 1431860087.0
535979.712891 5080004.00992 1431860102.0
535970.87313 5080002.62529 1431860113.0
535961.43893 5079996.68179 1431860127.0
535961.616724 5079992.79404 1431860137.0
535962.970275 5079986.91318 1431860143.0
535960.392809 5079976.34295 1431860156.0
535958.068156 5079962.32985 1431860169.0
535956.220343 5079959.76364 1431860180.0
535944.094845 5079949.47134 1431860192.0
535932.356714 5079939.29242 1431860204.0
535927.977377 5079931.60057 1431860212.0
535921.063934 5079919.22749 1431860224.0
535912.653314 5079910.73452 1431860239.0
535904.893179 5079897.13436 1431860252.0
535897.651823 5079887.75933 1431860265.0
535891.501509 5079877.61287 1431860277.0
535889.435613 5079872.48993 1431860281.0
535872.933997 5079867.28339 1431860295.0
535869.907153 5079867.26586 1431860306.0
535869.75193 5079867.26497 1431860331.0
535857.458022 5079859.19402 1431860344.0
535846.464193 5079854.46387 1431860357.0
535840.558645 5079855.65188 1431860362.0
535838.152688 5079855.63797 1431860364.0
535822.93569 5079856.43882 1431860375.0
535819.050617 5079857.19411 1431860379.0
535805.793819 5079854.56199 1431860391.0
535791.947571 5079846.48221 1431860406.0
535780.740728 5079838.30659 1431860418.0
535770.547299 5079829.35909 1431860430.0
535768.932204 5079826.79429 1431860432.0
535762.148536 5079818.75535 1431860440.0
535753.414931 5079812.37179 1431860449.0
535748.790263 5079806.78971 1431860460.0
535747.788357 5079805.56174 1431860471.0
535740.737831 5079803.41001 1431860483.0
535729.632242 5079804.56813 1431860491.0
535723.047381 5079802.41911 1431860496.0
535718.119275 5079795.61311 1431860505.0
535709.172607 5079785.78404 1431860517.0
535700.725022 5079783.6243 1431860526.0
535681.765195 5079787.40385 1431860539.0
535680.671583 5079788.61974 1431860540.0
535670.89903 5079800.89644 1431860555.0
535659.250166 5079802.05157 1431860567.0
535647.059939 5079802.87028 1431860582.0
535633.933896 5079804.46139 1431860597.0
535629.109802 5079806.54469 1431860611.0
535616.216608 5079808.13717 1431860623.0
535610.80292 5079804.77281 1431860635.0
535603.835067 5079801.73285 1431860647.0
535601.831835 5079799.16586 1431860650.0
535587.034707 5079794.41431 1431860663.0
535570.020607 5079783.76135 1431860677.0
535553.746231 5079779.44583 1431860690.0
535538.316011 5079776.80182 1431860703.0
535536.371237 5079777.56842 1431860705.0
535529.931313 5079777.19816 1431860713.0
535514.811527 5079774.55598 1431860726.0
535502.987748 5079765.59958 1431860741.0
535492.563509 5079756.20679 1431860753.0
535486.308697 5079750.61557 1431860761.0
535478.911312 5079741.24014 1431860773.0
535473.185132 5079738.20744 1431860786.0
535460.637904 5079733.58019 1431860795.0
535447.107115 5079724.50302 1431860808.0
535434.814921 5079715.9885 1431860821.0
535434.045778 5079714.76192 1431860823.0
535430.514327 5079707.96414 1431860827.0
535421.433449 5079694.35706 1431860839.0
535420.659855 5079693.90821 1431860840.0
535412.622342 5079687.86243 1431860854.0
535403.267285 5079681.47582 1431860865.0
535385.568829 5079681.81914 1431860880.0
535368.115267 5079680.05286 1431860894.0
535366.798371 5079679.60091 1431860895.0
535359.669959 5079677.44918 1431860900.0
535346.982511 5079670.15477 1431860912.0
535335.23337 5079661.64355 1431860926.0
535321.001181 5079653.0071 1431860942.0
535299.722525 5079641.44172 1431860957.0
535291.051256 5079637.61465 1431860965.0
535279.340999 5079635.88134 1431860977.0
535268.472475 5079636.26389 1431860989.0
535260.247896 5079635.77265 1431861001.0
535252.877072 5079635.28627 1431861011.0
535250.47103 5079635.27258 1431861013.0
535236.056265 5079631.41292 1431861029.0
535226.284444 5079630.02406 1431861041.0
535221.401691 5079628.77411 1431861046.0
535217.770869 5079625.75356 1431861050.0
535214.826576 5079624.84796 1431861052.0
535209.325426 5079623.15008 1431861056.0
535203.53528 5079617.6729 1431861062.0
535193.78489 5079612.50654 1431861071.0
535185.902281 5079606.46195 1431861082.0
535181.504102 5079588.2153 1431861098.0
535182.495416 5079577.66569 1431861107.0
535178.000665 5079562.75172 1431861120.0
535164.283539 5079545.34104 1431861135.0
535152.046075 5079527.04993 1431861150.0
535140.902091 5079507.54285 1431861166.0
535130.26027 5079481.5944 1431861184.0
535126.056258 5079470.12646 1431861194.0
535119.504845 5079461.97846 1431861201.0
535102.588052 5079447.5497 1431861219.0
535097.096784 5079444.07425 1431861224.0
535085.589158 5079433.89827 1431861234.0
535080.946622 5079431.31651 1431861238.0
535064.078977 5079421.88798 1431861254.0
535053.044502 5079410.38144 1431861267.0
535041.789072 5079396.76264 1431861282.0
535035.435424 5079381.06052 1431861297.0
535025.838762 5079362.34016 1431861312.0
535020.778166 5079351.3119 1431861321.0
535011.240196 5079335.92513 1431861335.0
534999.833694 5079321.5278 1431861350.0
534988.811466 5079307.7993 1431861364.0
534972.886681 5079296.2653 1431861379.0
534951.936587 5079294.92491 1431861394.0
534934.129436 5079286.82473 1431861409.0
534928.201029 5079278.23602 1431861419.0
534915.962332 5079259.94538 1431861436.0
534912.726126 5079255.70506 1431861441.0
534907.026129 5079234.11805 1431861458.0
534903.177694 5079214.54143 1431861474.0
534896.750888 5079197.95019 1431861489.0
534887.898438 5079184.78964 1431861503.0
534885.273749 5079182.21938 1431861507.0
534876.341131 5079169.50283 1431861522.0
534867.538083 5079161.34243 1431861535.0
534855.321595 5079152.82952 1431861549.0
534851.848055 5079149.36564 1431861561.0
534841.826135 5079137.08744 1431861575.0
534829.988299 5079130.24333 1431861588.0
534817.53197 5079122.95133 1431861601.0
534801.95643 5079118.19731 1431861616.0
534796.554177 5079112.61159 1431861624.0
534783.653253 5079101.5395 1431861638.0
534772.775417 5079089.58994 1431861650.0
534771.331166 5079084.13756 1431861654.0
534773.859 5079062.48576 1431861669.0
534775.350959 5079045.60578 1431861681.0
534770.356052 5079036.57803 1431861690.0
534765.183446 5079031.54917 1431861701.0
534756.57401 5079044.16714 1431861717.0
534754.428375 5079053.04371 1431861730.0
534754.428375 5079053.04371 1431861745.0
