534754.390364 5079059.82107 1433578036.0
534755.231386 5079048.27059 1433578051.0
534755.83269 5079037.94096 1433578059.0
534762.241298 5079030.19937 1433578066.0
534772.040347 5079026.92112 1433578072.0
534782.4292 5079029.20158 1433578085.0
534778.263489 5079038.40013 1433578093.0
534772.391363 5079047.36689 1433578102.0
534768.759054 5079058.34616 1433578112.0
534772.276647 5079067.81005 1433578120.0
534777.269031 5079077.28221 1433578126.0
534784.203798 5079086.43196 1433578133.0
534793.637388 5079092.92916 1433578139.0
534803.395794 5079096.87273 1433578145.0
534812.521986 5079102.8127 1433578153.0
534822.612701 5079102.8694 1433578159.0
534832.120724 5079109.92262 1433578168.0
534842.776639 5079106.09376 1433578173.0
534850.653349 5079113.36005 1433578181.0
534856.813011 5079122.28331 1433578188.0
534867.65927 5079126.01088 1433578194.0
534874.286493 5079134.60346 1433578202.0
534880.208861 5079144.30316 1433578207.0
534886.529945 5079152.11628 1433578213.0
534892.998745 5079161.26353 1433578221.0
534894.566202 5079172.38312 1433578226.0
534899.632179 5079182.52245 1433578235.0
534907.982579 5079188.34709 1433578243.0
534912.111451 5079199.48111 1433578255.0
534914.84879 5079209.60733 1433578261.0
534915.410271 5079220.16573 1433578268.0
534915.889748 5079231.50141 1433578274.0
534916.684709 5079241.95001 1433578280.0
534925.103865 5079249.33056 1433578287.0
534933.36651 5079256.93246 1433578295.0
534940.071746 5079265.41445 1433578302.0
534947.796033 5079272.12448 1433578309.0
534956.61574 5079277.28518 1433578316.0
534953.648152 5079266.71321 1433578337.0
534953.161226 5079256.71077 1433578349.0
534961.897179 5079249.20473 1433578359.0
534959.940516 5079238.30514 1433578378.0
534959.457358 5079227.63608 1433578386.0
534956.17363 5079218.06229 1433578395.0
534957.629701 5079207.62639 1433578405.0
534959.245403 5079196.41363 1433578411.0
534956.434898 5079185.50922 1433578419.0
534949.027256 5079177.6899 1433578426.0
534953.583739 5079168.04923 1433578435.0
534960.612172 5079160.53356 1433578442.0
534968.873142 5079154.69147 1433578447.0
534978.293414 5079149.7448 1433578457.0
534984.017405 5079139.5552 1433578466.0
534990.741699 5079130.92677 1433578475.0
535001.222983 5079130.54154 1433578484.0
535005.855319 5079121.23466 1433578498.0
535002.110899 5079110.76939 1433578508.0
535008.759511 5079101.80723 1433578520.0
535010.836662 5079091.37484 1433578530.0
535013.144173 5079081.38819 1433578538.0
535022.572755 5079074.99723 1433578545.0
535031.145009 5079069.04587 1433578553.0
535039.336084 5079061.87019 1433578573.0
535041.649934 5079050.7725 1433578579.0
535052.973253 5079052.50316 1433578606.0
535063.770819 5079051.11985 1433578612.0
535074.160787 5079053.17859 1433578619.0
535084.184029 5079051.45761 1433578627.0
535093.750355 5079048.17855 1433578633.0
535103.015017 5079043.34228 1433578642.0
535112.12445 5079038.50516 1433578650.0
535122.613457 5079036.78688 1433578661.0
535121.195318 5079026.77915 1433578669.0
535126.688049 5079016.36616 1433578675.0
535136.352234 5079009.53227 1433578685.0
535143.923793 5079002.131 1433578693.0
535149.793352 5078993.7201 1433578700.0
535156.982507 5078985.3167 1433578709.0
535167.17626 5078980.93024 1433578718.0
535175.83019 5078974.3129 1433578729.0
535181.706757 5078964.67989 1433578741.0
535183.164522 5078954.02183 1433578750.0
535185.084243 5078944.03304 1433578756.0
535190.180837 5078935.06226 1433578768.0
535186.199324 5078925.37328 1433578779.0
535186.878979 5078915.04413 1433578786.0
535188.574049 5078903.60966 1433578791.0
535191.27066 5078893.51418 1433578796.0
535196.678428 5078884.43406 1433578805.0
535207.256075 5078880.8276 1433578811.0
535217.278371 5078879.32904 1433578818.0
535227.535438 5078877.49851 1433578826.0
535237.04028 5078871.44162 1433578840.0
535244.070654 5078863.70407 1433578848.0
535255.028899 5078861.43314 1433578857.0
535264.675764 5078857.71037 1433578868.0
535275.338709 5078852.77121 1433578874.0
535285.53656 5078847.71831 1433578880.0
535294.802305 5078842.77123 1433578887.0
535305.837597 5078840.61194 1433578893.0
535315.842255 5078842.22445 1433578903.0
535325.71826 5078839.16973 1433578912.0
535328.109057 5078828.2948 1433578919.0
535322.418683 5078818.81821 1433578928.0
535316.799584 5078810.45311 1433578937.0
535316.237471 5078800.1169 1433578944.0
535314.590507 5078789.44117 1433578957.0
535312.241114 5078779.4281 1433578964.0
535313.1545 5078768.98918 1433578974.0
535313.525145 5078758.43607 1433578984.0
535306.277111 5078749.83948 1433578992.0
535301.834966 5078739.25895 1433578998.0
535306.388514 5078730.28517 1433579004.0
535313.116227 5078721.21267 1433579014.0
535315.893907 5078710.56216 1433579022.0
535321.376474 5078702.03812 1433579029.0
535324.002724 5078690.72011 1433579038.0
535322.432102 5078680.26704 1433579046.0
535324.11988 5078670.16586 1433579053.0
535325.813996 5078658.95364 1433579064.0
535323.619188 5078649.05255 1433579071.0
535319.324653 5078639.80614 1433579077.0
535317.604452 5078628.35225 1433579085.0
535320.074837 5078617.14446 1433579092.0
535326.486482 5078609.07015 1433579098.0
535334.43992 5078602.89346 1433579124.0
535344.16993 5078598.28242 1433579130.0
535350.56356 5078606.98528 1433579139.0
535357.973295 5078614.47176 1433579150.0
535369.003944 5078613.20141 1433579164.0
535376.0968 5078621.79719 1433579171.0
535386.325795 5078624.9666 1433579194.0
535392.640442 5078633.89127 1433579220.0
535389.781798 5078645.09682 1433579226.0
535398.361551 5078651.59006 1433579252.0
535405.374156 5078660.62984 1433579267.0
535415.70673 5078659.24448 1433579288.0
535421.168044 5078668.05319 1433579313.0
535429.83298 5078673.21368 1433579329.0
535439.935201 5078671.38261 1433579351.0
535450.487934 5078672.22072 1433579366.0
535461.271635 5078673.39349 1433579393.0
535470.637075 5078678.22471 1433579411.0
535480.853844 5078683.50526 1433579425.0
535487.114198 5078674.76359 1433579450.0
535497.20498 5078674.93249 1433579457.0
535505.15787 5078668.86713 1433579473.0
535513.961483 5078663.36218 1433579485.0
535519.058143 5078654.50278 1433579506.0
535528.627864 5078650.77997 1433579525.0
535533.570575 5078641.69748 1433579537.0
535539.059237 5078632.17369 1433579554.0
535545.315264 5078624.20981 1433579566.0
535535.794545 5078619.37758 1433579588.0
535533.911839 5078609.25599 1433579592.0
535531.872599 5078599.35572 1433579599.0
535543.070674 5078595.97559 1433579604.0
535553.696689 5078597.59205 1433579609.0
535565.181698 5078598.32459 1433579616.0
535562.755004 5078588.31097 1433579628.0
535572.940772 5078585.48063 1433579643.0
535583.891979 5078584.54353 1433579678.0
535587.289289 5078574.23002 1433579694.0
535595.399566 5078567.83235 1433579715.0
535600.734408 5078558.08552 1433579729.0
535604.515432 5078548.55197 1433579745.0
535609.922826 5078539.69443 1433579757.0
535616.95404 5078531.95729 1433579817.0
535623.216014 5078522.99356 1433579844.0
535630.792578 5078514.92625 1433579872.0
535640.061013 5078509.64638 1433579891.0
535639.115733 5078498.53017 1433579910.0
535637.319089 5078486.96464 1433579929.0
535646.968686 5078482.90915 1433579944.0
535654.465783 5078475.17474 1433579978.0
535660.647043 5078466.76612 1433580000.0
535670.298605 5078462.37735 1433580057.0
535664.217063 5078453.45374 1433580067.0
535658.364555 5078445.1981 1433580086.0
535666.630971 5078438.69031 1433580094.0
535673.197871 5078430.72835 1433580106.0
535683.549443 5078426.12142 1433580113.0
535678.710595 5078417.09384 1433580131.0
535677.373381 5078406.64202 1433580151.0
535688.305089 5078409.14932 1433580163.0
535696.726406 5078416.1976 1433580180.0
535706.082457 5078422.69574 1433580192.0
535709.401146 5078412.60406 1433580224.0
535720.896088 5078411.67033 1433580230.0
535731.753344 5078413.62175 1433580250.0
535741.753464 5078416.12378 1433580272.0
535750.866884 5078410.84317 1433580290.0
535748.091532 5078420.93796 1433580301.0
535740.841131 5078412.78528 1433580326.0
535743.502422 5078422.467 1433580346.0
535753.492269 5078426.74671 1433580427.0
535762.469715 5078431.57614 1433580441.0
535772.356217 5078426.85556 1433580445.0
535782.30946 5078424.02421 1433580449.0
535794.265679 5078423.87104 1433580455.0
535797.547275 5078433.66747 1433580465.0
535791.517205 5078442.74347 1433580470.0
535790.445791 5078453.51473 1433580475.0
535780.376459 5078449.56783 1433580491.0
535790.61324 5078451.40465 1433580535.0
535801.000138 5078454.13123 1433580545.0
535811.097054 5078453.3007 1433580564.0
535819.442535 5078446.57135 1433580573.0
535831.085626 5078446.86087 1433580593.0
535841.48151 5078448.03206 1433580604.0
535851.248645 5078450.53292 1433580636.0
535860.048378 5078445.80619 1433580643.0
535870.838835 5078445.86863 1433580654.0
535881.62286 5078447.04213 1433580692.0
535891.463106 5078450.32124 1433580704.0
535893.811699 5078460.33453 1433580714.0
535903.840644 5078457.83714 1433580725.0
535913.93757 5078457.00678 1433580748.0
535910.271887 5078446.54141 1433580763.0
535914.913815 5078435.90197 1433580776.0
535921.556738 5078428.27403 1433580789.0
535911.330255 5078424.65933 1433580799.0
535901.383388 5078426.37942 1433580808.0
535891.18305 5078431.65352 1433580814.0
535888.224985 5078419.63675 1433580818.0
535889.378707 5078408.08823 1433580823.0
535892.933166 5078397.55358 1433580833.0
535896.093696 5078388.01662 1433580848.0
535886.100022 5078384.40331 1433580862.0
535876.27253 5078378.90214 1433580876.0
535875.557324 5078368.34276 1433580895.0
535871.65863 5078357.87607 1433580920.0
535869.465221 5078347.86369 1433580940.0
535866.73289 5078337.07043 1433580959.0
535860.256921 5078329.25542 1433580990.0
535868.599406 5078323.08166 1433581012.0
535863.604839 5078314.16414 1433581032.0
535861.572447 5078303.15272 1433581077.0
535854.943744 5078294.8924 1433581092.0
535856.715259 5078283.90299 1433581123.0
535867.349449 5078284.18673 1433581138.0
535877.97978 5078285.13712 1433581165.0
535865.517 5078292.28699 1433581210.0
535872.551383 5078284.10573 1433581236.0
535869.389554 5078293.86491 1433581256.0
535880.646062 5078293.93006 1433581263.0
535890.960703 5078295.7675 1433581270.0
535893.656135 5078286.11674 1433581285.0
535893.257261 5078274.55923 1433581307.0
535893.398589 5078263.56039 1433581316.0
535900.720809 5078272.71363 1433581323.0
535910.443396 5078269.54783 1433581349.0
535915.932317 5078260.13548 1433581355.0
535920.763221 5078270.49649 1433581367.0
535917.171202 5078260.69819 1433581386.0
535927.812515 5078259.7599 1433581394.0
535934.440516 5078268.1314 1433581439.0
535940.782133 5078258.94623 1433581473.0
535949.816389 5078253.99877 1433581502.0
535960.06247 5078254.28043 1433581532.0
535969.944249 5078250.44899 1433581557.0
535965.339215 5078241.31144 1433581576.0
535963.926098 5078230.6369 1433581601.0
535972.743248 5078236.35456 1433581609.0
535977.765856 5078227.05067 1433581634.0
535983.866942 5078219.19744 1433581646.0
535991.28521 5078211.79629 1433581674.0
536000.873325 5078205.0744 1433581683.0
535997.902451 5078195.27967 1433581745.0
536007.407158 5078189.55728 1433581766.0
536009.255312 5078178.79057 1433581796.0
536008.156013 5078167.5623 1433581816.0
536017.879466 5078164.28557 1433581853.0
536027.886984 5078165.56591 1433581861.0
536018.041188 5078163.17543 1433581870.0
536007.948932 5078163.11679 1433581884.0
536005.289225 5078153.21276 1433581931.0
536015.943003 5078150.16364 1433581964.0
536026.664738 5078148.78155 1433581995.0
536036.462634 5078146.06081 1433582014.0
536036.139708 5078134.83705 1433582030.0
536046.855659 5078134.45493 1433582051.0
536040.771095 5078126.08647 1433582059.0
536044.716717 5078115.10975 1433582069.0
536046.174205 5078104.78521 1433582081.0
536046.549349 5078093.67663 1433582091.0
536045.996766 5078081.896 1433582108.0
536048.543722 5078071.13336 1433582117.0
536051.40316 5078060.03923 1433582131.0
536046.65123 5078049.45636 1433582141.0
536038.464641 5078042.07565 1433582147.0
536036.20085 5078030.84062 1433582160.0
536032.37661 5078020.9298 1433582166.0
536028.942468 5078010.68793 1433582175.0
536023.484644 5078001.32317 1433582185.0
536019.968968 5077991.74748 1433582195.0
536015.522951 5077981.94417 1433582205.0
536013.182105 5077970.59759 1433582214.0
536013.711819 5077959.60101 1433582222.0
536012.616355 5077947.70613 1433582231.0
536014.148877 5077937.82645 1433582243.0
536018.099085 5077926.07199 1433582259.0
536020.411852 5077915.5302 1433582270.0
536020.865883 5077904.19986 1433582279.0
536024.035889 5077893.10751 1433582318.0
536022.167942 5077880.54149 1433582321.0
536032.003854 5077884.70964 1433582328.0
536040.10592 5077893.31203 1433582340.0
536031.136294 5077887.03786 1433582373.0
536039.17287 5077880.1959 1433582400.0
536043.03325 5077870.55198 1433582416.0
536045.192744 5077859.67599 1433582438.0
536053.460342 5077853.16872 1433582453.0
536062.342587 5077847.77611 1433582463.0
536071.604628 5077843.83012 1433582476.0
536081.027773 5077838.88511 1433582490.0
536088.909193 5077832.04232 1433582507.0
536099.41023 5077828.65912 1433582536.0
536109.594906 5077826.27407 1433582543.0
536120.618707 5077826.4494 1433582564.0
536131.039544 5077823.51023 1433582580.0
536140.097164 5077828.00733 1433582614.0
536152.726716 5077832.41417 1433582618.0
536162.970896 5077833.14057 1433582620.0
536172.969197 5077836.0877 1433582623.0
536160.761418 5077839.2386 1433582628.0
536148.714756 5077841.3905 1433582633.0
536146.832791 5077831.26872 1433582659.0
536151.550615 5077821.07433 1433582792.0
536143.945326 5077833.80736 1433582936.0
536133.463053 5077833.96847 1433583283.0
536135.735166 5077843.75919 1433583313.0
536128.859747 5077851.16333 1433583342.0
536134.087877 5077859.97131 1433583357.0
536128.830541 5077869.49592 1433583384.0
536128.615048 5077879.82768 1433583392.0
536129.638496 5077890.7222 1433583404.0
536135.66894 5077881.75763 1433583418.0
536135.916662 5077892.53651 1433583437.0
536134.842627 5077903.64102 1433583468.0
536137.731263 5077914.21309 1433583480.0
536141.479064 5077923.90131 1433583508.0
536150.444639 5077930.84226 1433583521.0
536149.760057 5077941.72682 1433583547.0
536146.322822 5077932.04041 1433583619.0
536153.661396 5077925.08342 1433583670.0
536160.134837 5077933.34315 1433583684.0
536167.305684 5077941.82917 1433583738.0
536166.153317 5077953.04432 1433583761.0
536171.612915 5077962.0759 1433583766.0
536182.873919 5077961.47497 1433583807.0
536182.266918 5077972.35999 1433583817.0
536183.369186 5077983.03276 1433583826.0
536186.729347 5077992.60764 1433583880.0
536196.602602 5077990.33202 1433583909.0
536206.700332 5077989.50213 1433583919.0
536203.807957 5077979.59665 1433583934.0
536204.517469 5077991.04489 1433583954.0
536208.3447 5078000.40029 1433583961.0
536210.769951 5078010.52526 1433584016.0
536221.059654 5078016.6963 1433584029.0
536220.683545 5078027.91598 1433584040.0
536222.948303 5078038.92888 1433584057.0
536225.44985 5078049.27652 1433584075.0
536236.148428 5078051.89453 1433584138.0
536236.241994 5078062.45031 1433584152.0
536233.379626 5078073.98878 1433584174.0
536240.792204 5078080.92079 1433584177.0
536243.720522 5078071.38265 1433584193.0
536253.153862 5078064.66024 1433584222.0
536260.337785 5078057.59137 1433584239.0
536266.34579 5078065.73738 1433584262.0
536268.072865 5078075.74718 1433584273.0
536275.54808 5078085.23508 1433584316.0
536283.423148 5078092.72539 1433584347.0
536294.0518 5078094.0098 1433584358.0
536302.861689 5078100.95007 1433584382.0
536298.379974 5078110.5902 1433584394.0
536292.04483 5078118.55286 1433584428.0
536288.339476 5078128.19754 1433584468.0
536287.42437 5078138.63631 1433584497.0
536290.783632 5078148.32235 1433584513.0
536301.393318 5078152.82879 1433584534.0
536297.055195 5078164.4697 1433584542.0
536307.551234 5078161.86458 1433584643.0
536309.664424 5078172.20998 1433584660.0
536310.84146 5078183.32765 1433584668.0
536320.369425 5078186.93892 1433584677.0
536331.221689 5078189.78022 1433584685.0
536337.22426 5078198.81513 1433584701.0
536343.616928 5078207.51902 1433584715.0
536354.222565 5078212.69217 1433584731.0
536358.436936 5078222.16105 1433584742.0
536362.262483 5078231.73876 1433584759.0
536366.476177 5078241.31875 1433584771.0
536362.693796 5078250.85183 1433584788.0
536361.933843 5078261.2915 1433584863.0
536371.616269 5078265.01487 1433584888.0
536374.038536 5078275.58433 1433584925.0
536383.946652 5078280.53122 1433584950.0
536386.3715 5078290.65627 1433584960.0
536396.298503 5078292.38117 1433584982.0
536404.411272 5078298.98417 1433585009.0
536411.508947 5078306.58119 1433585059.0
536414.552828 5078317.04321 1433585080.0
536413.018444 5078327.145 1433585092.0
536421.7849 5078314.97465 1433585105.0
536430.760121 5078306.91653 1433585107.0
536420.389503 5078314.63313 1433585122.0
536414.21032 5078322.48548 1433585145.0
536407.265318 5078315.33378 1433585179.0
536407.978322 5078326.11543 1433585209.0
536397.891547 5078325.16732 1433585237.0
536387.628636 5078327.77365 1433585241.0
536398.489757 5078329.05961 1433585268.0
536404.902459 5078321.09751 1433585294.0
536401.649124 5078333.07804 1433585321.0
536409.00449 5078323.23265 1433585411.0
536398.982292 5078324.50708 1433585429.0
536395.349952 5078334.92988 1433585467.0
536394.739341 5078346.3704 1433585568.0
536386.478538 5078338.54435 1433585592.0
536393.654471 5078346.03071 1433585625.0
536392.423474 5078357.35648 1433585633.0
536395.62523 5078367.37498 1433585689.0
536388.277764 5078375.88714 1433585704.0
536378.016897 5078378.16017 1433585710.0
536387.063088 5078384.43531 1433585724.0
536397.695135 5078385.05328 1433585733.0
536408.18693 5078383.11496 1433585750.0
536418.35842 5078382.84139 1433585763.0
536419.535868 5078393.84798 1433585788.0
536416.683093 5078403.71982 1433585811.0
536421.164137 5078394.19088 1433585832.0
536431.309486 5078398.36149 1433585842.0
536441.799964 5078396.64544 1433585851.0
536446.554867 5078406.56199 1433585860.0
536448.353296 5078417.57224 1433585873.0
536439.932068 5078423.85587 1433585885.0
536429.354865 5078427.12693 1433585909.0
536419.622456 5078431.95848 1433585922.0
536415.718191 5078422.60248 1433585974.0
536406.990401 5078428.2177 1433586004.0
536400.049427 5078420.39939 1433586035.0
