534800.935259 5079106.52527 1464420353.0
534811.641941 5079107.47428 1464420358.0
534818.972843 5079115.18189 1464420364.0
534828.34247 5079119.23442 1464420372.0
534838.072079 5079128.28883 1464420382.0
534846.445249 5079143.89098 1464420392.0
534856.751259 5079147.05996 1464420400.0
534865.166866 5079155.10706 1464420408.0
534873.904811 5079161.04493 1464420417.0
534879.289442 5079169.74164 1464420425.0
534885.217397 5079178.44141 1464420433.0
534890.203261 5079189.0247 1464420440.0
534893.641721 5079198.71043 1464420447.0
534896.612574 5079208.72685 1464420453.0
534898.878586 5079219.85038 1464420464.0
534900.914859 5079230.41708 1464420473.0
534906.298764 5079239.22491 1464420490.0
534910.124639 5079249.02394 1464420537.0
534916.91129 5079256.83971 1464420546.0
534918.325317 5079267.62513 1464420552.0
534927.046769 5079276.45179 1464420559.0
534935.778846 5079283.38969 1464420567.0
534946.309915 5079287.89338 1464420573.0
534975.305209 5079252.83585 1464420608.0
534979.241353 5079243.08059 1464420623.0
534982.796314 5079232.101 1464420630.0
534994.240859 5079226.0547 1464420661.0
534999.646172 5079217.30772 1464420667.0
535003.043433 5079206.77168 1464420677.0
535008.376804 5079197.02434 1464420684.0
535007.660866 5079186.35396 1464420688.0
535014.384516 5079177.83666 1464420703.0
535025.256962 5079176.89813 1464420710.0
535036.580683 5079178.51766 1464420720.0
535043.303124 5079170.2226 1464420726.0
535053.473866 5079169.83569 1464420736.0
535052.987091 5079159.83325 1464420742.0
535062.823816 5079149.88921 1464420776.0
535071.319645 5079143.71526 1464420780.0
535081.323241 5079145.4385 1464420788.0
535089.66637 5079138.81928 1464420791.0
535094.838402 5079130.18217 1464420797.0
535104.761245 5079132.46053 1464420821.0
535115.395888 5079132.40968 1464420876.0
535159.629506 5079134.43823 1464420912.0
535168.354532 5079128.93236 1464420915.0
535180.622369 5079128.33535 1464420917.0
535172.148429 5079116.95426 1464420922.0
535179.098304 5079109.66061 1464420930.0
535187.750809 5079103.26549 1464420941.0
535197.708373 5079099.43327 1464420950.0
535203.430247 5079089.6883 1464420960.0
535214.071912 5079088.41547 1464420979.0
535222.656334 5079080.3534 1464420985.0
535231.76644 5079075.40534 1464420998.0
535236.710913 5079065.8782 1464421011.0
535243.045636 5079057.58114 1464421020.0
535249.227662 5079048.8388 1464421030.0
535255.022228 5079039.98315 1464421036.0
535264.612693 5079032.48239 1464421049.0
535273.41115 5079027.75484 1464421056.0
535280.515856 5079020.57328 1464421064.0
535290.278709 5079010.07364 1464421071.0
535298.547787 5079002.89874 1464421082.0
535309.060332 5078997.06992 1464421088.0
535319.004845 5078995.57109 1464421100.0
535328.580887 5078990.62583 1464421109.0
535338.677492 5078989.68343 1464421116.0
535351.029584 5078987.97616 1464421128.0
535354.736153 5078977.7754 1464421139.0
535365.474053 5078973.28125 1464421148.0
535362.736069 5078963.37704 1464421160.0
535370.688461 5078957.3115 1464421215.0
535381.781535 5078958.59701 1464421217.0
535389.275194 5078951.3067 1464421219.0
535395.762946 5078943.4551 1464421226.0
535402.869159 5078936.05148 1464421274.0
535406.264715 5078925.96008 1464421280.0
535416.306674 5078921.01761 1464421288.0
535424.348228 5078912.95271 1464421296.0
535425.730703 5078901.96095 1464421336.0
535429.518243 5078891.20516 1464421340.0
535427.400678 5078881.41558 1464421343.0
535427.691985 5078871.19533 1464421348.0
535427.593902 5078861.19508 1464421354.0
535429.204183 5078851.09348 1464421364.0
535428.719252 5078840.8688 1464421374.0
535427.302826 5078830.6388 1464421386.0
535428.451178 5078819.86792 1464421401.0
535435.404227 5078812.13013 1464421430.0
535440.81306 5078802.93912 1464421435.0
535440.734692 5078789.49464 1464421441.0
535442.809491 5078779.61792 1464421454.0
535446.754924 5078768.41861 1464421468.0
535452.868158 5078758.23168 1464421475.0
535486.978698 5078711.98389 1464421513.0
535477.172433 5078729.92719 1464421514.0
535477.77878 5078718.931 1464421531.0
535485.129038 5078709.64004 1464421576.0
535496.182455 5078704.37017 1464421580.0
535508.878768 5078696.88758 1464421584.0
535519.092987 5078689.05747 1464421589.0
535524.11137 5078680.30872 1464421600.0
535532.613398 5078673.24657 1464421609.0
535528.725156 5078660.89133 1464421617.0
535530.80332 5078650.45912 1464421628.0
535534.280682 5078639.70161 1464421639.0
535541.785097 5078630.63381 1464421655.0
535550.591346 5078624.68451 1464421660.0
535591.366114 5078607.80795 1464421702.0
535580.762452 5078602.30279 1464421710.0
535574.052888 5078594.59784 1464421727.0
535583.512134 5078583.09695 1464421804.0
535588.533244 5078573.90384 1464421885.0
535600.473444 5078562.97275 1464421891.0
535602.628748 5078552.65212 1464421896.0
535611.275442 5078547.47974 1464421902.0
535619.856016 5078540.30705 1464421908.0
535630.738625 5078537.81413 1464421916.0
535621.214645 5078533.53729 1464421928.0
535620.895469 5078521.53582 1464421944.0
535628.928221 5078515.13775 1464421957.0
535633.031964 5078503.49504 1464421970.0
535627.10439 5078494.79456 1464421983.0
535638.796589 5078486.52871 1464422061.0
535644.369566 5078475.89442 1464422068.0
535659.997884 5078471.65112 1464422077.0
535628.825229 5078452.028 1464422118.0
535649.340398 5078448.47941 1464422122.0
535658.528123 5078443.75464 1464422127.0
535656.648755 5078433.07749 1464422148.0
535666.804505 5078422.02515 1464422160.0
535676.6114 5078417.63729 1464422239.0
535688.261586 5078416.70439 1464422325.0
535699.084729 5078411.10023 1464422330.0
535709.324797 5078412.38141 1464422500.0
535719.865773 5078415.33095 1464422568.0
535732.262162 5078419.62449 1464422583.0
535742.332854 5078423.34912 1464422593.0
535748.5747 5078431.38487 1464422604.0
535760.976807 5078434.67854 1464422642.0
535768.925178 5078442.94637 1464422733.0
535776.876094 5078450.7698 1464422737.0
535787.429804 5078451.49738 1464422745.0
535796.798542 5078455.77358 1464422758.0
535809.995482 5078455.84981 1464422786.0
535820.389428 5078457.35427 1464422790.0
535830.267585 5078454.07814 1464422820.0
535840.952128 5078459.02866 1464422852.0
535852.202552 5078460.0937 1464422856.0
535862.777454 5078457.15497 1464422861.0
535988.349178 5078236.11183 1464424560.0
535987.242112 5078226.21682 1464424715.0
535995.590024 5078219.1544 1464424757.0
535999.605398 5078209.51135 1464424794.0
536002.627698 5078197.08484 1464424802.0
536007.57404 5078187.55831 1464424829.0
536011.20129 5078177.91301 1464424841.0
536010.87122 5078167.9114 1464424863.0
536010.854263 5078157.46718 1464424966.0
536021.421364 5078155.97307 1464425106.0
536030.530884 5078151.4706 1464425114.0
536037.406503 5078143.95525 1464425133.0
536043.133793 5078133.65553 1464425158.0
536054.676486 5078124.61183 1464425177.0
536053.339188 5078114.27104 1464425190.0
536059.132531 5078105.97166 1464425202.0
536053.983435 5078096.94199 1464425208.0
536048.768966 5078085.80089 1464425220.0
536052.867956 5078075.15839 1464425238.0
536052.538592 5078065.04568 1464425248.0
536050.656544 5078054.92393 1464425269.0
536047.929559 5078043.24176 1464425272.0
536044.818268 5078030.89072 1464425282.0
536039.279623 5078022.08101 1464425285.0
536032.963323 5078013.489 1464425297.0
536032.09952 5078001.81767 1464425307.0
536028.354181 5077991.6851 1464425318.0
536021.736979 5077981.42474 1464425326.0
536023.198976 5077970.32247 1464425340.0
536021.628681 5077959.98033 1464425348.0
536022.078194 5077949.42772 1464425357.0
536025.941734 5077939.22827 1464425367.0
536027.875372 5077927.12877 1464425381.0
536029.33287 5077916.80423 1464425389.0
536030.951457 5077905.48065 1464425398.0
536036.051403 5077896.28837 1464425413.0
536039.29197 5077886.41862 1464425424.0
536045.317765 5077878.23169 1464425440.0
536048.794496 5077867.80779 1464425457.0
536054.434077 5077859.2853 1464425468.0
536060.847454 5077851.21175 1464425480.0
536069.191424 5077844.92715 1464425502.0
536076.144414 5077837.5234 1464425524.0
536084.32991 5077831.79345 1464425574.0
536094.1348 5077827.96176 1464425590.0
536104.936041 5077826.35804 1464425632.0
536115.266288 5077825.64047 1464425733.0
536125.901258 5077825.92465 1464425744.0
536135.975282 5077829.20549 1464425764.0
536136.846692 5077839.54358 1464425782.0
536134.615222 5077849.41915 1464425806.0
536134.397128 5077860.19532 1464425836.0
536134.956694 5077870.75381 1464425856.0
536135.828746 5077880.9808 1464425873.0
536142.382485 5077888.79655 1464425920.0
536142.242662 5077899.46207 1464425954.0
536143.659445 5077909.47002 1464425964.0
536145.154506 5077919.36732 1464425981.0
536148.51217 5077929.38659 1464426000.0
536150.470439 5077939.73103 1464426017.0
536156.963441 5077931.32471 1464426104.0
536166.40971 5077935.71302 1464426248.0
536172.029133 5077943.96777 1464426311.0
536177.64854 5077952.22254 1464426375.0
536181.942945 5077961.35843 1464426396.0
536190.294473 5077967.07368 1464426404.0
536192.48816 5077976.97507 1464426450.0
536194.137097 5077987.0955 1464426477.0
536204.221855 5077988.48768 1464426564.0
536211.633919 5077995.53076 1464426582.0
536215.822695 5078009.4437 1464426805.0
536219.181493 5078019.2408 1464426844.0
536222.223899 5078030.03603 1464426854.0
536226.752384 5078038.95111 1464426864.0
536225.83867 5078049.16768 1464426902.0
536234.49408 5078055.99584 1464426948.0
536243.315784 5078060.93615 1464426986.0
536253.713546 5078061.88582 1464427005.0
536263.794919 5078063.83362 1464427037.0
536266.143719 5078073.73595 1464427058.0
536268.87613 5078084.41828 1464427093.0
536279.490493 5078088.14695 1464427105.0
536287.518218 5078096.08259 1464427114.0
536298.37586 5078098.035 1464427138.0
536297.148899 5078108.69416 1464427522.0
536292.900098 5078118.33565 1464427536.0
536293.847529 5078128.89643 1464427583.0
536291.770521 5078138.88397 1464427603.0
536291.631089 5078149.43839 1464427668.0
536292.489175 5078161.99859 1464427693.0
536303.575044 5078164.73009 1464427745.0
536309.028394 5078174.76173 1464427767.0
536297.059959 5078176.91379 1464427810.0
536307.998994 5078178.20004 1464427855.0
536315.798223 5078185.35663 1464428177.0
536324.919138 5078192.18765 1464428183.0
536331.782834 5078200.00542 1464428189.0
536338.961602 5078207.04729 1464428196.0
536343.789239 5078217.85305 1464428205.0
536353.074462 5078223.12957 1464428212.0
536359.159814 5078231.27613 1464428221.0
536362.046603 5078242.07052 1464428239.0
536361.904444 5078253.06936 1464428260.0
536360.526047 5078263.06097 1464428287.0
536364.508131 5078272.41739 1464428299.0
536368.254049 5078282.32796 1464428365.0
536375.508353 5078289.70364 1464428372.0
536381.202193 5078298.40347 1464428381.0
536390.570112 5078302.79166 1464428389.0
536397.435559 5078310.2762 1464428402.0
536407.032426 5078315.33241 1464428442.0
536408.216435 5078325.22796 1464428454.0
536397.099581 5078327.82926 1464428582.0
536392.773137 5078337.47023 1464428620.0
536388.752663 5078347.89076 1464428645.0
536387.436217 5078360.54932 1464428663.0
536391.10637 5078370.12614 1464428674.0
536397.813217 5078378.16529 1464428726.0
536405.994364 5078386.32421 1464428730.0
536414.971372 5078391.15458 1464428745.0
536419.026348 5078401.28921 1464428785.0
536426.044297 5078409.21911 1464428794.0
536436.046116 5078411.38895 1464428805.0
536441.889137 5078421.08968 1464428814.0
536438.875854 5078431.84943 1464428826.0
536429.136262 5078437.9031 1464428838.0
536419.716346 5078442.40316 1464428847.0
536421.255285 5078431.52364 1464428874.0
536410.867305 5078429.01823 1464428885.0
536400.146613 5078430.28855 1464428899.0
536395.002854 5078420.48086 1464428936.0
536403.823909 5078425.42141 1464429320.0
536395.94027 5078432.70822 1464429684.0
536406.348482 5078431.76938 1464429760.0
536413.537385 5078423.81185 1464429774.0
536421.806526 5078430.19359 1464429793.0
536433.002796 5078427.25948 1464429814.0
536440.579887 5078419.30426 1464429831.0
536443.667542 5078409.10049 1464431909.0
536434.78902 5078413.93704 1464432620.0
536442.514855 5078407.09378 1464433453.0
536433.076686 5078401.4829 1464433462.0
536421.961263 5078403.86194 1464433482.0
536425.9087 5078392.66325 1464433504.0
536425.195738 5078381.8816 1464433581.0
536416.546871 5078374.05323 1464433708.0
536414.05231 5078362.59447 1464433713.0
536407.420485 5078355.00018 1464433720.0
536404.686482 5078344.65109 1464433728.0
536392.808364 5078344.69245 1464433791.0
536394.030884 5078334.81103 1464433805.0
536399.283028 5078326.17546 1464433920.0
536143.145144 5077904.46718 1464436001.0
536136.988671 5077895.09824 1464436141.0
536135.654044 5077884.31302 1464436176.0
536133.304958 5077874.41074 1464436179.0
536129.166988 5077865.05358 1464436188.0
536132.484061 5077855.40654 1464436233.0
536132.855482 5077844.96459 1464436281.0
536129.885929 5077834.94759 1464436293.0
536119.66829 5077829.66599 1464436418.0
536109.015206 5077832.49272 1464436435.0
536097.830318 5077833.31644 1464436447.0
536088.620657 5077841.5959 1464436462.0
536077.388543 5077837.19732 1464436480.0
536069.662416 5077844.04103 1464436555.0
536061.696933 5077851.99444 1464436570.0
536056.521863 5077860.74184 1464436580.0
536050.186137 5077868.81585 1464436601.0
536044.534296 5077879.44932 1464436619.0
536041.745968 5077891.65495 1464436634.0
536035.716961 5077900.3974 1464436645.0
536025.15265 5077901.33597 1464436772.0
536017.118054 5077907.84463 1464436829.0
536009.076374 5077915.57545 1464436839.0
536015.768722 5077926.28066 1464436850.0
536014.30673 5077937.38293 1464436858.0
536015.099398 5077947.94277 1464436870.0
536011.466205 5077958.58799 1464436879.0
536008.300771 5077968.90262 1464436889.0
536008.863121 5077979.01668 1464436903.0
536013.933457 5077988.26807 1464436913.0
536020.01755 5077996.74761 1464436918.0
536024.932586 5078005.99811 1464436925.0
536028.442434 5078016.57373 1464436932.0
536032.96281 5078026.93302 1464436943.0
536035.225963 5078038.27916 1464436951.0
536039.752125 5078047.63852 1464436961.0
536041.324302 5078057.64735 1464436967.0
536035.526418 5078066.72447 1464436977.0
536039.11966 5078076.30063 1464436986.0
536036.495735 5078086.95171 1464436997.0
536033.719781 5078097.04637 1464437008.0
536034.42959 5078108.49459 1464437016.0
536029.642287 5078117.35538 1464437024.0
536035.409883 5078126.83306 1464437031.0
536035.418403 5078138.72163 1464437041.0
536027.230125 5078145.00717 1464437240.0
536021.431049 5078154.30651 1464437245.0
536013.689236 5078163.9279 1464437250.0
536004.654153 5078168.98636 1464437264.0
536003.662543 5078179.31362 1464437309.0
535997.792999 5078187.39039 1464437339.0
535996.799468 5078198.05096 1464437350.0
535991.237899 5078206.57395 1464437385.0
535981.593448 5078209.62898 1464437448.0
535977.580037 5078218.93873 1464437456.0
535974.185759 5078228.58539 1464437465.0
535969.32229 5078237.22357 1464437497.0
535941.806805 5078256.28559 1464437621.0
535935.842391 5078267.36177 1464437709.0
535924.264361 5078269.18349 1464437744.0
535913.379227 5078272.00921 1464437783.0
535904.494497 5078277.95755 1464437808.0
535894.233655 5078280.23138 1464437817.0
535883.735424 5078283.28161 1464437846.0
535873.33284 5078283.22139 1464437861.0
535869.229148 5078294.75284 1464437900.0
535869.789756 5078305.20021 1464437925.0
535871.906194 5078315.10104 1464438088.0
535874.719372 5078325.33923 1464438476.0
535873.496394 5078335.44296 1464438479.0
535874.988555 5078345.89572 1464438489.0
535877.181957 5078355.9081 1464438500.0
535879.370849 5078366.69822 1464438507.0
535884.054187 5078375.72506 1464438520.0
535892.08525 5078383.10467 1464438538.0
535890.393257 5078393.76121 1464438551.0
535885.988733 5078403.6243 1464438563.0
535894.732579 5078408.56367 1464438572.0
535897.858123 5078418.47036 1464438584.0
535903.866243 5078426.61602 1464438595.0
535896.373922 5078433.4613 1464438646.0
535889.267833 5078440.64215 1464438661.0
535879.322284 5078442.14008 1464438684.0
535868.534393 5078441.6332 1464438797.0
535857.814487 5078442.79336 1464438804.0
535849.003314 5078436.07593 1464438851.0
535837.584739 5078437.23208 1464438854.0
535826.845565 5078441.7254 1464438860.0
535814.875254 5078444.32281 1464438865.0
535804.839264 5078448.04248 1464438871.0
535794.840503 5078445.31814 1464438877.0
535783.421315 5078446.5855 1464438887.0
535773.548302 5078448.97287 1464438907.0
535772.367797 5078438.29972 1464438946.0
535768.023717 5078424.27508 1464438954.0
535765.289964 5078413.70407 1464438958.0
535754.351243 5078412.41878 1464438965.0
535744.324851 5078414.47199 1464438972.0
535734.877745 5078410.30653 1464438980.0
535724.610142 5078413.80278 1464439000.0
535714.352154 5078415.6325 1464439008.0
535703.242807 5078417.01289 1464439019.0
535696.454921 5078409.41847 1464439033.0
535688.102908 5078403.81499 1464439052.0
535678.836193 5078408.76148 1464439069.0
535672.261588 5078418.05668 1464439089.0
535670.263302 5078428.04487 1464439102.0
535668.719288 5078440.03562 1464439150.0
535659.365424 5078446.64825 1464439154.0
535650.021806 5078451.48324 1464439159.0
535650.734188 5078462.5981 1464439166.0
535649.044548 5078472.9214 1464439178.0
535638.076522 5078476.74709 1464439187.0
535625.897106 5078475.23267 1464439277.0
535615.183054 5078475.39331 1464439304.0
535607.453121 5078483.12643 1464439349.0
535607.544547 5078494.23772 1464439358.0
535597.26567 5078499.73406 1464439487.0
535588.528534 5078507.1281 1464439490.0
535579.55981 5078514.2986 1464439494.0
535572.822556 5078524.92627 1464439500.0
535564.856027 5078533.32473 1464439505.0
535558.507596 5078543.84353 1464439515.0
535558.443214 5078555.06504 1464439528.0
535559.388628 5078566.18123 1464439539.0
535552.900918 5078573.92155 1464439568.0
535543.329152 5078577.97763 1464439578.0
535538.465916 5078586.72725 1464439589.0
535537.781188 5078597.83409 1464439601.0
535549.822336 5078596.34764 1464439606.0
535550.997453 5078608.02068 1464439621.0
535550.003471 5078618.90353 1464439635.0
535546.140484 5078629.21439 1464439645.0
535553.242002 5078636.25491 1464439677.0
535546.747998 5078645.10628 1464439708.0
535541.259973 5078654.51895 1464439723.0
535540.038232 5078664.51164 1464439735.0
535533.24269 5078671.80578 1464439761.0
535521.571993 5078676.4054 1464439771.0
535517.401768 5078686.15898 1464439781.0
535509.755572 5078692.89273 1464439791.0
535502.804208 5078700.29712 1464439802.0
535495.612983 5078708.92232 1464439815.0
535486.113999 5078713.86777 1464439822.0
535484.03593 5078724.3 1464439828.0
535476.927472 5078732.03684 1464439844.0
535471.521705 5078740.67229 1464439854.0
535467.896885 5078750.0957 1464439865.0
535460.013495 5078757.60591 1464439873.0
535456.616493 5078767.91949 1464439882.0
535451.208878 5078776.88828 1464439900.0
535450.139375 5078787.43739 1464439908.0
535444.265402 5078796.51462 1464439918.0
535439.711701 5078805.4883 1464439930.0
535443.071267 5078815.28499 1464439945.0
535439.131587 5078825.48437 1464439954.0
535437.829874 5078835.92105 1464439963.0
535435.832725 5078845.79821 1464439979.0
535435.539499 5078856.35177 1464439990.0
535435.321355 5078867.35018 1464439999.0
535443.42611 5078875.39629 1464440019.0
535441.196728 5078885.16102 1464440037.0
535431.923939 5078891.33002 1464440061.0
535420.104199 5078894.92901 1464440067.0
535420.582154 5078906.37583 1464440075.0
535420.826602 5078917.93243 1464440096.0
535424.96046 5078928.06686 1464440101.0
535416.92337 5078935.35403 1464440113.0
535406.714761 5078942.29548 1464440129.0
535402.079786 5078951.93537 1464440136.0
535393.95942 5078960.22207 1464440146.0
535385.315796 5078951.39519 1464440153.0
535373.868843 5078944.10784 1464440159.0
535367.300326 5078952.51453 1464440170.0
535365.303324 5078962.39172 1464440186.0
535355.960077 5078967.33825 1464440197.0
535350.242288 5078976.30536 1464440233.0
535342.130894 5078983.03666 1464440245.0
535332.239905 5078988.75786 1464440255.0
535321.355044 5078991.80682 1464440265.0
535311.352529 5078989.86099 1464440272.0
535301.408642 5078991.24873 1464440280.0
535292.911109 5078997.64457 1464440289.0
535287.120245 5079005.83357 1464440484.0
535280.39983 5079013.68395 1464440493.0
535272.442541 5079020.63843 1464440501.0
535266.648564 5079029.38296 1464440508.0
535259.926936 5079037.45558 1464440514.0
535254.363329 5079046.64586 1464440521.0
535244.490217 5079049.25628 1464440531.0
535237.924514 5079057.2187 1464440552.0
535227.945382 5079064.82839 1464440558.0
535221.532433 5079073.23612 1464440567.0
535212.328927 5079080.96135 1464440576.0
535206.460626 5079089.14998 1464440583.0
535199.968848 5079097.7795 1464440596.0
535189.628222 5079100.72067 1464440709.0
535180.670906 5079106.11409 1464440743.0
535174.646167 5079114.52407 1464440753.0
535167.850283 5079122.04082 1464440767.0
535157.423268 5079126.53707 1464440806.0
535146.873167 5079125.36614 1464440814.0
535136.557813 5079123.86324 1464440820.0
535126.980872 5079129.03101 1464440824.0
535117.212643 5079126.86459 1464440833.0
535106.035276 5079126.80126 1464440843.0
535095.476985 5079127.07477 1464440855.0
535084.758423 5079128.23626 1464440868.0
535074.413503 5079131.95536 1464440878.0
535064.077397 5079134.11901 1464440890.0
535057.050694 5079141.30126 1464440903.0
535052.176635 5079152.16223 1464440954.0
535043.606359 5079157.78025 1464440957.0
535033.501283 5079160.27859 1464440962.0
535023.838074 5079167.00153 1464440968.0
535017.2665 5079176.07522 1464440982.0
535014.027578 5079186.05661 1464440993.0
535011.256267 5079195.70732 1464441007.0
535006.314126 5079204.90133 1464441014.0
535005.166568 5079215.67229 1464441031.0
534999.063927 5079224.19311 1464441039.0
534990.413669 5079230.25518 1464441051.0
534983.310167 5079237.32596 1464441059.0
534976.741862 5079245.84417 1464441073.0
534971.103122 5079254.70096 1464441084.0
534969.79726 5079266.02658 1464441094.0
534966.249238 5079275.78403 1464441104.0
534958.682611 5079282.40779 1464441114.0
534949.174282 5079289.24283 1464441122.0
534939.885115 5079284.74614 1464441132.0
534931.774621 5079277.70062 1464441144.0
534924.20744 5079270.65819 1464441153.0
534919.056445 5079261.85165 1464441164.0
534913.677587 5079252.15497 1464441174.0
534908.293078 5079243.45824 1464441183.0
534906.493434 5079232.22622 1464441196.0
534903.212131 5079222.20805 1464441206.0
534902.571132 5079211.98253 1464441216.0
534899.443173 5079202.29855 1464441225.0
534895.149656 5079192.83022 1464441233.0
534889.691828 5079183.35533 1464441241.0
534883.840253 5079174.87821 1464441251.0
534878.222773 5079166.18019 1464441261.0
534870.579024 5079158.91517 1464441273.0
534864.261678 5079150.43544 1464441282.0
534856.066426 5079144.61174 1464441291.0
534850.140897 5079135.46759 1464441330.0
534841.089286 5079130.08352 1464441340.0
534832.041408 5079124.03284 1464441352.0
534823.620096 5079116.98573 1464441363.0
534816.912042 5079108.94828 1464441373.0
534807.069801 5079106.1153 1464441384.0
534797.238158 5079101.39356 1464441394.0
534787.238784 5079098.89305 1464441403.0
534781.855209 5079089.97422 1464441413.0
