534780.324354 5079044.63372 1431244782.0
534776.493779 5079035.61251 1431244794.0
534766.578768 5079031.89032 1431244803.0
534771.112319 5079040.13772 1431244815.0
534771.443071 5079050.36148 1431244822.0
534767.043279 5079059.78094 1431244832.0
534763.650707 5079069.53937 1431244836.0
534765.145787 5079079.76966 1431244845.0
534772.001701 5079089.14117 1431244852.0
534779.722649 5079096.5176 1431244859.0
534789.869786 5079100.35222 1431244867.0
534800.267245 5079101.07725 1431244875.0
534810.418732 5079104.13417 1431244883.0
534819.158675 5079109.73866 1431244887.0
534825.791603 5079117.33125 1431244895.0
534834.060793 5079123.82198 1431244901.0
534842.638574 5079130.64777 1431244911.0
534851.99004 5079137.92235 1431244917.0
534860.025689 5079144.52291 1431244923.0
534865.720835 5079153.22134 1431244931.0
534873.754573 5079160.15523 1431244937.0
534880.854977 5079167.41719 1431244945.0
534886.705937 5079176.00542 1431244950.0
534892.393508 5079186.03713 1431244959.0
534898.557417 5079194.1827 1431244966.0
534902.147344 5079204.53593 1431244971.0
534904.653716 5079214.32753 1431244977.0
534906.070905 5079224.55741 1431244986.0
534908.107791 5079235.01301 1431244995.0
534909.758452 5079245.13311 1431245003.0
534914.130154 5079254.49078 1431245010.0
534920.056725 5079263.41279 1431245018.0
534927.074952 5079271.4521 1431245024.0
534933.926647 5079281.49042 1431245030.0
534941.80929 5079287.64579 1431245040.0
534947.623791 5079288.90076 1431245067.0
534952.665864 5079289.48474 1431245078.0
534947.620658 5079289.45629 1431245105.0
534949.712599 5079290.13473 1431245146.0
534948.327998 5079287.90477 1431245186.0
534946.262374 5079282.55995 1431245226.0
534947.414832 5079270.90014 1431245234.0
534947.145715 5079263.56552 1431245244.0
534946.962361 5079254.78698 1431245254.0
534940.478077 5079248.41727 1431245264.0
534944.568781 5079238.77397 1431245273.0
534945.6148 5079232.22452 1431245284.0
534949.053234 5079228.13293 1431245294.0
534955.601463 5079223.17002 1431245304.0
534956.902919 5079212.62213 1431245311.0
534959.030614 5079206.96765 1431245321.0
534962.312578 5079203.09739 1431245331.0
534958.46231 5079197.63139 1431245341.0
534957.832682 5079185.406 1431245344.0
534959.050887 5079175.85761 1431245354.0
534960.32791 5079169.64279 1431245364.0
534967.651783 5079164.79538 1431245374.0
534971.325637 5079160.2607 1431245385.0
534976.483689 5079154.06778 1431245395.0
534979.929085 5079148.75406 1431245405.0
534985.929688 5079144.56585 1431245415.0
534991.365623 5079144.15211 1431245426.0
534996.570581 5079143.40375 1431245436.0
534995.129677 5079137.3958 1431245449.0
534994.178336 5079127.16852 1431245454.0
534997.410353 5079118.40927 1431245464.0
535001.771547 5079115.87843 1431245474.0
535008.631674 5079110.69512 1431245484.0
535011.085627 5079102.2648 1431245494.0
535017.46561 5079099.63427 1431245504.0
535027.955742 5079097.69362 1431245507.0
535038.390876 5079091.7528 1431245513.0
535040.593794 5079086.5432 1431245523.0
535043.518554 5079077.22669 1431245533.0
535044.481425 5079071.67676 1431245544.0
535045.295968 5079064.9038 1431245554.0
535051.505678 5079064.93892 1431245564.0
535056.713224 5079063.74619 1431245575.0
535067.666014 5079062.36377 1431245583.0
535074.859021 5079066.95989 1431245593.0
535085.890689 5079065.35573 1431245603.0
535093.57961 5079064.62151 1431245613.0
535105.15212 5079063.46488 1431245621.0
535115.3243 5079062.85587 1431245630.0
535120.581608 5079052.88597 1431245638.0
535121.337505 5079042.77946 1431245646.0
535126.03826 5079035.13967 1431245656.0
535132.685243 5079026.51096 1431245663.0
535140.472631 5079022.11081 1431245673.0
535146.95117 5079015.81441 1431245683.0
535153.050435 5079007.96036 1431245693.0
535157.79862 5079005.65404 1431245706.0
535158.447964 5079000.65788 1431245720.0
535163.719338 5079001.90997 1431245750.0
535159.05066 5079003.88342 1431245769.0
535157.183316 5079004.65058 1431245809.0
535159.660921 5079005.77571 1431245849.0
535158.376015 5078999.6575 1431245875.0
535165.323481 5078992.80825 1431245885.0
535170.613778 5078990.72722 1431245896.0
535177.707052 5078985.54543 1431245906.0
535181.851315 5078980.23578 1431245917.0
535184.213423 5078974.36049 1431245927.0
535185.203561 5078964.0331 1431245935.0
535186.581816 5078953.70791 1431245942.0
535192.761339 5078945.40993 1431245947.0
535191.085813 5078939.73392 1431245964.0
535189.579411 5078931.61451 1431245974.0
535191.746531 5078919.07165 1431245978.0
535195.693948 5078907.42776 1431245984.0
535198.925098 5078898.89082 1431245994.0
535207.497766 5078892.93971 1431245999.0
535214.49588 5078890.86842 1431246009.0
535223.148092 5078884.58446 1431246016.0
535226.663893 5078880.60457 1431246028.0
535237.011219 5078876.55241 1431246035.0
535245.274723 5078870.37737 1431246045.0
535256.456346 5078869.77433 1431246052.0
535266.39852 5078868.71983 1431246061.0
535274.118064 5078862.65284 1431246072.0
535283.938532 5078855.70897 1431246078.0
535293.440932 5078850.09658 1431246088.0
535303.551684 5078846.70984 1431246096.0
535311.864429 5078845.53501 1431246106.0
535320.651788 5078842.8074 1431246116.0
535323.239351 5078838.26673 1431246126.0
535320.081454 5078833.91554 1431246136.0
535317.730821 5078824.12466 1431246143.0
535315.074748 5078813.44319 1431246153.0
535310.170082 5078802.30448 1431246161.0
535307.049503 5078791.39815 1431246167.0
535308.40584 5078784.96163 1431246177.0
535313.196672 5078775.21145 1431246186.0
535313.306585 5078769.54559 1431246196.0
535310.513587 5078755.64121 1431246205.0
535310.96122 5078745.19965 1431246216.0
535313.894138 5078734.55002 1431246222.0
535312.309583 5078726.54124 1431246232.0
535316.01307 5078716.89598 1431246241.0
535317.156815 5078706.90281 1431246248.0
535319.233341 5078696.69274 1431246258.0
535319.448746 5078686.13874 1431246267.0
535321.197681 5078678.92671 1431246277.0
535320.874137 5078667.59189 1431246283.0
535321.454249 5078661.15095 1431246293.0
535319.80852 5078650.25302 1431246302.0
535321.453501 5078634.04068 1431246308.0
535324.30506 5078624.05724 1431246313.0
535327.777644 5078614.07735 1431246320.0
535336.586241 5078607.68333 1431246326.0
535345.116354 5078609.28747 1431246336.0
535349.635836 5078606.31334 1431246351.0
535353.54508 5078601.44691 1431246361.0
535361.498555 5078595.27025 1431246370.0
535368.174501 5078595.30835 1431246380.0
535376.439141 5078589.02238 1431246388.0
535379.983747 5078580.0429 1431246398.0
535388.026957 5078571.75575 1431246405.0
535397.519731 5078567.92119 1431246410.0
535407.483361 5078563.20048 1431246420.0
535412.553919 5078558.89625 1431246430.0
535416.491178 5078549.14127 1431246438.0
535422.981917 5078540.8453 1431246445.0
535426.377076 5078530.86501 1431246454.0
535433.954007 5078522.68636 1431246464.0
535439.361812 5078513.71756 1431246473.0
535449.234588 5078511.32966 1431246479.0
535449.972643 5078504.4452 1431246489.0
535452.441407 5078493.57078 1431246498.0
535456.696911 5078482.48436 1431246508.0
535456.990816 5078471.8197 1431246516.0
535459.594521 5078464.5015 1431246526.0
535463.606997 5078455.19141 1431246536.0
535468.31942 5078445.66312 1431246546.0
535467.99104 5078435.21713 1431246554.0
535470.75321 5078427.34429 1431246564.0
535474.917806 5078418.59062 1431246574.0
535475.13793 5078407.2589 1431246583.0
535478.456249 5078397.1671 1431246590.0
535482.315444 5078387.52283 1431246598.0
535489.036147 5078379.78378 1431246603.0
535497.971232 5078378.50165 1431246613.0
535508.607815 5078378.34037 1431246623.0
535516.871613 5078372.2768 1431246634.0
535525.604392 5078365.66039 1431246644.0
535531.68757 5078360.80652 1431246654.0
535534.836094 5078353.26925 1431246664.0
535539.273763 5078351.07254 1431246674.0
535545.032427 5078348.6612 1431246684.0
535548.239487 5078344.4575 1431246721.0
535553.042377 5078346.26277 1431246741.0
535554.623666 5078341.272 1431246761.0
535550.681718 5078338.24948 1431246790.0
535551.409707 5078333.14271 1431246829.0
535560.296564 5078326.74944 1431246839.0
535564.913112 5078320.4428 1431246850.0
535569.464789 5078311.91363 1431246860.0
535571.977033 5078307.03931 1431246870.0
535576.148865 5078297.06357 1431246877.0
535580.978572 5078294.20249 1431246887.0
535581.631511 5078288.65086 1431246899.0
535584.927739 5078282.44775 1431246909.0
535585.5005 5078277.34009 1431246937.0
535587.081194 5078272.46043 1431246969.0
535582.753611 5078268.99125 1431246995.0
535576.817447 5078261.73518 1431247005.0
535569.223589 5078259.24723 1431247015.0
535559.304604 5078256.0793 1431247024.0
535551.480387 5078253.14562 1431247034.0
535543.220955 5078244.87629 1431247040.0
535539.555791 5078234.18894 1431247046.0
535540.229721 5078224.97087 1431247056.0
535547.188663 5078216.34439 1431247064.0
535553.219862 5078207.04594 1431247075.0
535557.825016 5078202.73916 1431247085.0
535564.316301 5078194.44333 1431247094.0
535566.618002 5078185.67903 1431247104.0
535568.587503 5078180.69049 1431247114.0
535568.10528 5078170.0214 1431247124.0
535569.176348 5078159.2501 1431247131.0
535569.553823 5078147.58597 1431247141.0
535570.393273 5078136.59114 1431247151.0
535571.926323 5078126.48914 1431247160.0
535574.160627 5078115.94674 1431247169.0
535576.301364 5078108.1815 1431247179.0
535581.555099 5078099.10083 1431247189.0
535583.609925 5078092.77949 1431247199.0
535582.712763 5078086.77453 1431247224.0
535581.156263 5078087.43224 1431247264.0
535582.815908 5078082.33082 1431247277.0
535583.343577 5078071.55641 1431247284.0
535588.812393 5078065.588 1431247294.0
535591.415779 5078058.38095 1431247305.0
535587.885438 5078051.2498 1431247315.0
535588.617315 5078045.47641 1431247325.0
535589.66611 5078038.59376 1431247335.0
535585.289431 5078030.12445 1431247345.0
535585.94495 5078024.12841 1431247355.0
535585.201772 5078018.34655 1431247365.0
535584.063404 5078013.7846 1431247405.0
535586.659789 5078007.7997 1431247415.0
535586.283096 5078005.7976 1431247455.0
535586.003174 5078000.46283 1431247468.0
535586.143316 5077989.57509 1431247473.0
535587.10874 5077983.69193 1431247483.0
535588.22561 5077978.47628 1431247499.0
535586.859434 5077973.02417 1431247512.0
535587.124231 5077967.47031 1431247524.0
535588.861547 5077962.36934 1431247541.0
535590.913234 5077956.60352 1431247551.0
535595.208057 5077952.29499 1431247578.0
535600.48407 5077952.88082 1431247589.0
535605.695849 5077951.13304 1431247611.0
535606.580471 5077945.80495 1431247626.0
535610.797677 5077941.49598 1431247640.0
535613.154188 5077936.7319 1431247651.0
535616.220276 5077930.08306 1431247661.0
535621.207472 5077926.8896 1431247680.0
535624.026619 5077922.68371 1431247705.0
535631.64386 5077921.17198 1431247715.0
535634.636172 5077913.85608 1431247725.0
535636.760443 5077908.97956 1431247735.0
535638.884718 5077904.10304 1431247745.0
535638.221125 5077897.98831 1431247758.0
535635.845705 5077892.53038 1431247768.0
535632.841527 5077888.40213 1431247780.0
535626.922289 5077878.14621 1431247788.0
535625.117761 5077867.91395 1431247796.0
535625.476195 5077859.58294 1431247806.0
535626.749667 5077854.14599 1431247825.0
535630.042333 5077848.60953 1431247836.0
535627.847063 5077838.81945 1431247841.0
535631.062739 5077833.17145 1431247851.0
535638.237265 5077827.65731 1431247861.0
535644.934483 5077824.14038 1431247871.0
535649.06841 5077820.83092 1431247883.0
535653.059208 5077815.4096 1431247893.0
535656.961511 5077811.8766 1431247908.0
535661.661922 5077804.57054 1431247918.0
535670.078705 5077799.06359 1431247926.0
535675.872457 5077790.65276 1431247933.0
535680.855958 5077788.12596 1431247944.0
535689.641778 5077785.95439 1431247954.0
535691.842493 5077781.30054 1431247964.0
535692.181829 5077776.30265 1431247976.0
535696.166296 5077771.9924 1431247986.0
535699.838937 5077767.90257 1431247997.0
535700.049238 5077758.34853 1431248007.0
535706.054864 5077753.60549 1431248018.0
535715.494491 5077745.77123 1431248025.0
535718.397182 5077740.5659 1431248036.0
535722.531843 5077737.14539 1431248050.0
535723.10412 5077732.14885 1431248070.0
535726.412303 5077723.94596 1431248080.0
535733.749361 5077717.21068 1431248086.0
535735.055619 5077706.10746 1431248090.0
535728.344616 5077698.51346 1431248099.0
535724.719934 5077694.27048 1431248115.0
535724.681992 5077687.3816 1431248125.0
535726.18786 5077682.05711 1431248135.0
535727.643625 5077671.95472 1431248141.0
535728.230639 5077664.40279 1431248151.0
535727.407344 5077659.06488 1431248161.0
535730.784244 5077652.41789 1431248171.0
535729.266039 5077646.40933 1431248183.0
535730.957937 5077635.75276 1431248193.0
535730.327857 5077637.30463 1431248234.0
535733.743987 5077637.32432 1431248274.0
535733.743987 5077637.32432 1431248314.0
535733.743987 5077637.32432 1431248354.0
535733.743987 5077637.32432 1431248394.0
535733.743987 5077637.32432 1431248434.0
535733.743987 5077637.32432 1431248475.0
535734.44146 5077637.55056 1431248515.0
535734.44146 5077637.55056 1431248555.0
535734.44146 5077637.55056 1431248595.0
535735.694576 5077635.66895 1431248635.0
535738.284214 5077630.90625 1431248645.0
535738.284214 5077630.90625 1431248686.0
535739.215247 5077631.02273 1431248726.0
535741.727891 5077626.14848 1431248765.0
535740.826323 5077620.92123 1431248780.0
535745.112511 5077618.16825 1431248802.0
535746.878238 5077608.17876 1431248810.0
535747.14447 5077602.4027 1431248820.0
535746.720913 5077595.06716 1431248830.0
535748.550195 5077587.52239 1431248846.0
535749.617175 5077577.52887 1431248850.0
535750.815733 5077571.64708 1431248864.0
535757.746851 5077568.0205 1431248874.0
535761.496011 5077564.15337 1431248889.0
535766.693419 5077564.9611 1431248903.0
535771.388372 5077558.65506 1431248913.0
535775.943442 5077549.68163 1431248920.0
535779.231269 5077545.03409 1431248932.0
535783.833219 5077541.3941 1431248942.0
535788.661682 5077538.8665 1431248961.0
535793.105154 5077535.78114 1431248972.0
535798.389204 5077535.0339 1431248984.0
535803.058547 5077533.17203 1431248994.0
535813.098574 5077529.00794 1431249004.0
535813.285946 5077523.45364 1431249017.0
535817.970066 5077519.0364 1431249039.0
535819.784049 5077514.15815 1431249052.0
535825.851592 5077512.19327 1431249062.0
535832.849545 5077510.456 1431249072.0
535834.975391 5077505.35734 1431249089.0
535839.107061 5077502.49242 1431249110.0
535842.702313 5077498.40223 1431249132.0
535852.723148 5077497.57131 1431249140.0
535857.989888 5077499.82392 1431249150.0
535862.282639 5077495.95999 1431249160.0
535868.885345 5077495.44265 1431249184.0
535876.997309 5077489.04535 1431249189.0
535888.108358 5077487.66526 1431249195.0
535893.378953 5077489.25127 1431249205.0
535892.367045 5077489.68984 1431249245.0
535893.997509 5077489.69928 1431249285.0
535899.049975 5077488.72857 1431249297.0
535903.494825 5077485.42108 1431249312.0
535907.396834 5077481.99935 1431249323.0
535914.234413 5077481.15009 1431249333.0
535925.033632 5077479.99048 1431249341.0
535932.328049 5077480.69939 1431249352.0
535937.788056 5077476.39785 1431249362.0
535943.099873 5077470.87326 1431249372.0
535947.084064 5077466.67427 1431249391.0
535952.383656 5077463.26067 1431249401.0
535957.133319 5077460.95496 1431249411.0
535962.271194 5077458.6515 1431249421.0
535972.616216 5077455.4894 1431249428.0
535975.675184 5077450.17398 1431249438.0
535986.104962 5077445.79021 1431249445.0
535990.628821 5077442.26103 1431249455.0
535997.172017 5077438.63246 1431249465.0
536002.463919 5077436.55215 1431249477.0
536005.748104 5077432.57135 1431249499.0
536010.648578 5077431.0443 1431249509.0
536020.07165 5077426.21031 1431249518.0
536028.62518 5077424.03786 1431249528.0
536033.450606 5077422.06597 1431249548.0
536038.508317 5077420.20654 1431249560.0
536044.026069 5077419.34975 1431249571.0
536048.475568 5077415.26464 1431249582.0
536058.041056 5077412.65368 1431249592.0
536063.552355 5077412.90796 1431249603.0
536070.153876 5077412.61304 1431249613.0
536074.447466 5077408.63814 1431249626.0
536081.371846 5077406.23407 1431249636.0
536086.487179 5077407.81935 1431249650.0
536090.942536 5077402.73434 1431249663.0
536094.073452 5077398.41937 1431249673.0
536100.022141 5077390.23204 1431249683.0
536099.897261 5077385.00926 1431249705.0
536094.862142 5077382.98 1431249724.0
536089.666561 5077381.83868 1431249738.0
536092.953419 5077377.41351 1431249760.0
536098.405866 5077374.44535 1431249770.0
536104.002604 5077373.36687 1431249780.0
536113.2712 5077368.42101 1431249788.0
536120.348336 5077366.4623 1431249799.0
536125.528388 5077370.27013 1431249809.0
536128.762835 5077374.84439 1431249822.0
536135.84515 5077371.99687 1431249832.0
536139.454202 5077378.90658 1431249842.0
536144.310707 5077384.9347 1431249852.0
536150.737543 5077387.97207 1431249862.0
536157.993816 5077395.23638 1431249872.0
536166.733053 5077401.17606 1431249879.0
536170.188065 5077407.86267 1431249889.0
536168.025102 5077405.96122 1431249929.0
536170.328442 5077410.41896 1431249950.0
536165.20017 5077411.05569 1431249974.0
536169.564983 5077408.19235 1431250014.0
536176.164571 5077408.23086 1431250026.0
536184.092505 5077406.83272 1431250036.0
536193.826321 5077402.00081 1431250046.0
536195.346929 5077394.23215 1431250056.0
536199.051908 5077384.69853 1431250061.0
536206.610481 5077380.07615 1431250071.0
536214.65504 5077372.01228 1431250079.0
536219.641045 5077369.15261 1431250089.0
536224.506175 5077360.40353 1431250097.0
536232.323697 5077351.33839 1431250104.0
536242.34418 5077350.6192 1431250113.0
536251.76366 5077346.45218 1431250120.0
536260.18419 5077340.50161 1431250128.0
536264.266469 5077332.85906 1431250138.0
536267.009975 5077328.43081 1431250148.0
536266.267987 5077322.53776 1431250160.0
536266.391123 5077314.76095 1431250170.0
536271.024729 5077305.78834 1431250178.0
536276.665116 5077297.26606 1431250186.0
536280.90078 5077289.95774 1431250197.0
536283.653419 5077283.97404 1431250207.0
536286.643547 5077277.21397 1431250217.0
536293.917105 5077268.25683 1431250227.0
536296.132112 5077261.27002 1431250237.0
536302.319985 5077252.08432 1431250245.0
536309.736521 5077245.23908 1431250251.0
536315.178126 5077244.15987 1431250262.0
536322.675585 5077236.75958 1431250270.0
536329.632805 5077228.80059 1431250279.0
536334.348117 5077219.16186 1431250289.0
536344.007305 5077213.88531 1431250298.0
536352.931229 5077214.82649 1431250308.0
536357.321024 5077207.74134 1431250318.0
536365.428657 5077202.23351 1431250328.0
536375.321485 5077196.84727 1431250334.0
536383.178612 5077194.33789 1431250344.0
536390.135305 5077186.49008 1431250351.0
536397.762776 5077183.42383 1431250361.0
536400.892712 5077179.33123 1431250371.0
536404.907407 5077170.02176 1431250382.0
536412.540126 5077166.06671 1431250392.0
536419.162161 5077162.32794 1431250402.0
536426.888209 5077155.70687 1431250411.0
536434.43091 5077153.86236 1431250421.0
536445.763874 5077154.4845 1431250431.0
536455.397129 5077153.65227 1431250441.0
536464.057587 5077146.59231 1431250451.0
536472.924859 5077143.97788 1431250461.0
536475.204684 5077139.21367 1431250472.0
536475.622978 5077134.10518 1431250483.0
536471.999773 5077129.63956 1431250496.0
536470.553259 5077124.74232 1431250508.0
536473.400791 5077115.87046 1431250518.0
536472.448252 5077106.19849 1431250528.0
536476.99682 5077098.55883 1431250538.0
536480.707633 5077088.13654 1431250548.0
536479.816405 5077081.24263 1431250561.0
536482.823839 5077071.59396 1431250568.0
536486.45703 5077061.17123 1431250578.0
536489.129051 5077055.74268 1431250588.0
536492.589313 5077048.31883 1431250599.0
536497.209708 5077041.67957 1431250609.0
536496.075088 5077036.56194 1431250619.0
536496.119556 5077029.00689 1431250629.0
536500.024795 5077025.14111 1431250639.0
536499.123769 5077019.91375 1431250655.0
536500.404709 5077013.36594 1431250665.0
536503.237943 5077006.93838 1431250675.0
536504.05039 5077000.83225 1431250687.0
536511.472681 5076993.09842 1431250696.0
536513.087782 5076982.5527 1431250706.0
536514.360893 5076977.33815 1431250722.0
536516.36097 5076967.35024 1431250732.0
536520.905111 5076960.48833 1431250742.0
536524.193152 5076955.95229 1431250752.0
536528.19181 5076949.4205 1431250763.0
536528.998397 5076944.3143 1431250773.0
536533.90397 5076942.00994 1431250783.0
536534.792139 5076936.23758 1431250794.0
536540.266792 5076929.60338 1431250804.0
536541.153659 5076924.05323 1431250820.0
536543.438852 5076918.40021 1431250830.0
536544.400098 5076913.40603 1431250843.0
536546.086374 5076903.97183 1431250853.0
536549.62378 5076896.65958 1431250863.0
536547.738881 5076887.09321 1431250873.0
536548.079598 5076881.98427 1431250910.0
536552.978023 5076880.90207 1431250939.0
536551.744156 5076879.4504 1431250979.0
536550.161709 5076884.44091 1431250990.0
536548.405632 5076892.54142 1431251000.0
536549.074346 5076897.65631 1431251012.0
536553.601254 5076906.90492 1431251021.0
536558.359128 5076916.48822 1431251028.0
536560.971005 5076921.28125 1431251038.0
536565.03985 5076929.19388 1431251048.0
536568.511743 5076932.99201 1431251058.0
536570.310429 5076944.00227 1431251066.0
536572.611693 5076948.79347 1431251077.0
536577.222729 5076956.93152 1431251087.0
536581.906157 5076965.95886 1431251097.0
536584.718816 5076976.19736 1431251106.0
536577.686617 5076983.60008 1431251116.0
536575.094757 5076988.58463 1431251129.0
536574.73305 5076997.24889 1431251139.0
536576.848192 5077007.26105 1431251149.0
536579.540284 5077011.61013 1431251162.0
536582.532473 5077017.7387 1431251172.0
536587.60277 5077026.99055 1431251181.0
536590.333154 5077038.00631 1431251188.0
536593.79579 5077043.35991 1431251198.0
536592.121277 5077050.79424 1431251208.0
536594.952239 5077057.92184 1431251218.0
536597.014598 5077063.71161 1431251228.0
536597.426049 5077072.93597 1431251238.0
536598.560579 5077078.05361 1431251248.0
536600.438779 5077088.73103 1431251257.0
536600.386969 5077097.50823 1431251267.0
536600.110746 5077104.8397 1431251277.0
536598.448701 5077110.16306 1431251287.0
536597.717754 5077115.60302 1431251298.0
536599.709003 5077120.28129 1431251315.0
536604.584949 5077122.97666 1431251325.0
536609.911678 5077128.23016 1431251335.0
536615.883183 5077129.48761 1431251364.0
536619.198983 5077133.39596 1431251384.0
536621.189553 5077138.18534 1431251402.0
536625.179217 5077146.31977 1431251412.0
536630.218955 5077147.57172 1431251429.0
536635.204022 5077144.93459 1431251451.0
536638.413093 5077140.62035 1431251461.0
536636.641687 5077138.16552 1431251501.0
536631.202556 5077138.80003 1431251523.0
536627.840167 5077142.78004 1431251534.0
536630.483398 5077142.24012 1431251574.0
536629.927408 5077144.34788 1431251614.0
536635.055296 5077143.82264 1431251641.0
536636.869372 5077139.05573 1431251671.0
536636.062062 5077144.27301 1431251684.0
536635.256722 5077149.15699 1431251700.0
536637.051759 5077147.61209 1431251740.0
536637.051759 5077147.61209 1431251780.0
536637.051759 5077147.61209 1431251820.0
536637.051759 5077147.61209 1431251860.0
536638.991584 5077147.84577 1431251901.0
536640.513635 5077153.07682 1431251934.0
536642.735149 5077158.2009 1431251951.0
536644.258509 5077163.20975 1431251964.0
536643.913783 5077168.98531 1431251976.0
536640.848851 5077175.18923 1431251986.0
536641.045019 5077181.41241 1431251996.0
536642.78752 5077188.75582 1431252006.0
536643.301487 5077193.7587 1431252026.0
536647.525989 5077201.5612 1431252036.0
536649.120411 5077207.68155 1431252068.0
536657.316597 5077213.5076 1431252077.0
536661.331784 5077217.309 1431252090.0
536663.5526 5077222.54419 1431252101.0
536663.890891 5077230.99037 1431252112.0
536665.566875 5077236.44456 1431252124.0
536668.177873 5077241.34874 1431252135.0
536670.940213 5077246.92046 1431252145.0
536671.675256 5077253.92459 1431252155.0
536670.645511 5077257.36283 1431252201.0
536670.845587 5077262.9194 1431252211.0
536674.236295 5077267.27266 1431252221.0
536676.068862 5077272.50556 1431252231.0
536673.496755 5077274.15696 1431252271.0
536668.504546 5077278.0162 1431252292.0
536665.280412 5077284.88581 1431252302.0
536663.851945 5077290.09942 1431252321.0
536662.656411 5077295.31441 1431252331.0
536660.99436 5077300.63775 1431252354.0
536660.215297 5077301.07758 1431252395.0
536658.1762 5077304.50986 1431252435.0
536658.455242 5077309.84468 1431252464.0
536658.26711 5077315.39895 1431252478.0
536656.834057 5077321.39029 1431252488.0
536658.281033 5077326.17647 1431252512.0
536656.846011 5077332.50113 1431252542.0
536654.239778 5077339.92993 1431252552.0
536651.722359 5077345.47043 1431252578.0
536648.73449 5077351.78591 1431252588.0
536649.09118 5077357.12119 1431252603.0
536648.047673 5077362.89262 1431252614.0
536646.465265 5077367.88311 1431252625.0
536643.722816 5077372.08899 1431252665.0
536639.741371 5077375.73202 1431252675.0
536636.867281 5077375.93725 1431252715.0
536636.867281 5077375.93725 1431252756.0
536636.867281 5077375.93725 1431252796.0
536636.863341 5077376.60387 1431252837.0
536631.888961 5077377.46334 1431252848.0
536626.215799 5077378.31868 1431252886.0
536623.086469 5077382.30007 1431252912.0
536619.726183 5077385.94678 1431252930.0
536616.131661 5077389.81432 1431252948.0
536614.705227 5077394.69463 1431252969.0
536613.820978 5077399.80036 1431252995.0
536611.295746 5077406.67413 1431253005.0
536609.481764 5077411.44105 1431253016.0
536606.424854 5077416.31173 1431253026.0
536601.36631 5077418.28181 1431253055.0
536596.386722 5077420.03013 1431253069.0
536592.947518 5077423.8986 1431253101.0
536589.499795 5077429.21142 1431253111.0
536586.290249 5077433.63679 1431253124.0
536582.229924 5077437.5016 1431253141.0
536576.633155 5077438.57965 1431253161.0
536573.040002 5077442.22501 1431253171.0
536567.991974 5077442.41745 1431253183.0
536561.397007 5077441.6008 1431253198.0
536557.028757 5077445.01938 1431253228.0
536553.740945 5077449.55541 1431253238.0
536552.424311 5077448.99211 1431253278.0
536552.424311 5077448.99211 1431253318.0
536552.424311 5077448.99211 1431253359.0
536547.292753 5077450.18404 1431253382.0
536547.905372 5077451.63205 1431253422.0
536547.096208 5077457.18267 1431253456.0
536546.358792 5077463.73367 1431253466.0
536541.681965 5077466.81712 1431253478.0
536536.926845 5077470.01122 1431253488.0
536531.010383 5077472.64294 1431253498.0
536528.80631 5077477.7409 1431253508.0
536532.511491 5077481.42929 1431253529.0
536537.543116 5077484.01442 1431253541.0
536543.198487 5077486.15879 1431253551.0
536550.86401 5077489.75943 1431253561.0
536558.759827 5077493.80586 1431253572.0
536563.809779 5077493.2801 1431253582.0
536568.997975 5077495.64396 1431253595.0
536578.527513 5077499.14452 1431253605.0
536583.654448 5077498.73034 1431253617.0
536588.252321 5077495.86867 1431253631.0
536594.860998 5077494.35217 1431253641.0
536597.990256 5077490.37077 1431253664.0
536601.971603 5077486.72772 1431253685.0
536606.696567 5077488.64444 1431253698.0
536612.324353 5077495.45525 1431253708.0
536617.362496 5077496.9294 1431253720.0
536627.287432 5077499.21018 1431253730.0
536635.652974 5077502.59284 1431253740.0
536642.311718 5077505.74321 1431253750.0
536645.937204 5077509.76452 1431253761.0
536649.700233 5077516.78655 1431253772.0
536650.184468 5077513.67839 1431253812.0
536651.92344 5077508.46661 1431253822.0
536656.293013 5077504.82589 1431253841.0
536662.54503 5077497.97418 1431253851.0
536667.928552 5077493.56171 1431253862.0
536677.117816 5077488.94954 1431253866.0
536685.499124 5077489.66578 1431253876.0
536691.097182 5077488.36561 1431253903.0
536700.902997 5077484.53488 1431253910.0
536707.057709 5077481.01588 1431253920.0
536712.957792 5077481.16192 1431253942.0
536712.957792 5077481.16192 1431253983.0
536718.941438 5077480.30849 1431253997.0
536728.137317 5077487.69607 1431254003.0
536735.752084 5077486.74122 1431254013.0
536739.097242 5077485.64996 1431254053.0
536738.630077 5077485.86941 1431254093.0
536738.53466 5077488.86875 1431254133.0
536743.884661 5077490.12265 1431254173.0
536749.386651 5077491.93298 1431254185.0
536752.383701 5077497.17281 1431254206.0
536757.576435 5077498.7591 1431254218.0
536768.279706 5077500.7114 1431254228.0
536772.767073 5077503.4046 1431254243.0
536778.661862 5077504.43954 1431254257.0
536783.409171 5077502.57887 1431254267.0
536788.528207 5077503.49811 1431254289.0
536795.678437 5077502.31836 1431254299.0
536797.570839 5077497.44085 1431254309.0
536802.643893 5077493.02665 1431254321.0
536811.529292 5077487.3018 1431254328.0
536816.83133 5077483.55562 1431254338.0
536823.035376 5077484.81465 1431254362.0
536828.69989 5077485.40384 1431254382.0
536835.750724 5077487.89009 1431254392.0
536842.911546 5077484.93274 1431254402.0
536846.203515 5077479.73024 1431254413.0
536856.243687 5077475.67893 1431254423.0
536864.815953 5077470.39672 1431254431.0
536873.84417 5077466.78386 1431254441.0
536881.011644 5077462.7155 1431254451.0
536887.383541 5077461.86455 1431254464.0
536892.833658 5077459.3415 1431254482.0
536899.665459 5077459.49327 1431254492.0
536907.749446 5077457.98588 1431254502.0
536916.145989 5077456.14704 1431254512.0
536915.303177 5077454.25319 1431254553.0
536916.656825 5077448.59475 1431254582.0
536914.492118 5077447.02635 1431254623.0
536914.485503 5077448.13739 1431254663.0
536913.251834 5077446.68564 1431254704.0
536912.783337 5077447.12729 1431254745.0
536910.775235 5077445.33761 1431254785.0
536915.753571 5077443.81174 1431254796.0
536926.158235 5077443.76259 1431254805.0
536936.475991 5077445.26846 1431254814.0
536942.164365 5077441.85801 1431254824.0
536947.109431 5077432.88775 1431254834.0
536952.404976 5077430.25272 1431254846.0
536961.360961 5077425.75069 1431254856.0
536965.037296 5077421.21719 1431254866.0
536963.930957 5077411.43311 1431254877.0
536960.238572 5077405.63349 1431254887.0
536965.364288 5077405.44184 1431254904.0
536970.340682 5077404.24932 1431254920.0
536973.561121 5077398.04649 1431254962.0
536969.994872 5077397.13637 1431255005.0
536974.326281 5077399.93989 1431255018.0
536978.578056 5077403.07626 1431255040.0
536975.684749 5077406.50335 1431255080.0
536976.968223 5077412.62193 1431255105.0
536977.868785 5077417.84937 1431255115.0
536982.425149 5077421.98753 1431255137.0
536983.714578 5077427.10618 1431255147.0
536980.713815 5077435.53247 1431255157.0
536979.820655 5077442.0825 1431255167.0
536978.686619 5077449.96439 1431255177.0
536982.61321 5077455.5432 1431255187.0
536987.743525 5077454.57383 1431255209.0
536993.05034 5077450.05008 1431255219.0
537000.529143 5077445.87261 1431255229.0
537004.664052 5077442.56406 1431255249.0
537010.578096 5077440.3772 1431255259.0
537015.486117 5077437.62881 1431255270.0
537020.935645 5077435.21698 1431255299.0
537021.614519 5077438.55426 1431255339.0
537022.353121 5077444.89182 1431255349.0
537027.40581 5077443.92202 1431255361.0
537032.524197 5077444.95256 1431255397.0
537037.167439 5077447.53578 1431255427.0
537040.476165 5077452.55539 1431255458.0
537039.502647 5077459.54937 1431255469.0
537039.936635 5077464.88513 1431255492.0
537038.807837 5077471.87818 1431255502.0
537040.586953 5077472.99989 1431255542.0
537043.3535 5077477.79405 1431255568.0
537047.679508 5077481.48646 1431255600.0
537046.714617 5077487.03608 1431255617.0
537051.039953 5077490.83959 1431255635.0
537055.924046 5077492.09097 1431255650.0
537060.974045 5077491.56562 1431255671.0
537067.361218 5077488.15946 1431255681.0
537072.393284 5077490.63392 1431255714.0
537077.60322 5077489.33178 1431255726.0
537083.202694 5077487.80976 1431255740.0
537090.418679 5077488.63068 1431255750.0
537094.711551 5077484.8787 1431255790.0
537094.487269 5077483.43296 1431255831.0
537098.731613 5077487.79156 1431255841.0
537107.092266 5077491.95258 1431255851.0
537103.501487 5077495.15322 1431255892.0
537104.200922 5077495.0463 1431255932.0
537102.154991 5077499.58947 1431255944.0
537100.716228 5077506.46955 1431255954.0
537095.043779 5077507.21336 1431255964.0
537089.53326 5077506.84707 1431255983.0
537082.278752 5077512.47017 1431255994.0
537082.403465 5077517.58187 1431256035.0
537081.544763 5077518.35449 1431256076.0
537078.767632 5077515.33797 1431256117.0
537076.527341 5077513.43574 1431256157.0
537076.295083 5077513.32324 1431256197.0
537084.148116 5077511.48138 1431256208.0
537086.724226 5077509.16353 1431256248.0
537089.801949 5077513.84846 1431256261.0
537092.401193 5077520.64159 1431256271.0
537092.444267 5077526.41945 1431256283.0
537088.668989 5077534.50774 1431256293.0
537087.686123 5077543.05716 1431256303.0
537084.547934 5077548.48267 1431256313.0
537082.575687 5077553.69294 1431256324.0
537078.828346 5077557.11487 1431256346.0
537075.200509 5077553.53772 1431256368.0
537072.453861 5077558.41004 1431256378.0
537072.189714 5077563.63053 1431256391.0
537067.819934 5077567.27096 1431256409.0
537062.624014 5077566.23992 1431256423.0
537058.714106 5077570.88307 1431256440.0
537058.509679 5077579.10383 1431256450.0
537058.789689 5077584.21646 1431256460.0
537057.130691 5077588.98418 1431256473.0
537053.303089 5077592.85008 1431256483.0
537055.449781 5077597.41833 1431256506.0
537053.944076 5077602.52029 1431256519.0
537048.896159 5077602.71233 1431256540.0
537046.842335 5077608.58877 1431256558.0
537041.489175 5077607.89014 1431256573.0
537036.50961 5077609.63812 1431256606.0
537034.60577 5077616.40432 1431256616.0
537031.70191 5077621.60904 1431256626.0
537030.349519 5077627.04524 1431256646.0
537031.329632 5077631.93984 1431256658.0
537028.194191 5077636.92096 1431256673.0
537023.313525 5077635.11409 1431256691.0
537018.719531 5077637.30881 1431256708.0
537019.387767 5077642.42376 1431256725.0
537020.912024 5077647.2105 1431256739.0
537019.330047 5077652.0898 1431256755.0
537018.134277 5077657.30472 1431256779.0
537015.391035 5077661.62155 1431256789.0
537013.193261 5077665.60831 1431256831.0
537013.400971 5077669.83164 1431256871.0
537015.624639 5077674.51145 1431256890.0
537012.495202 5077678.49265 1431256907.0
537010.126901 5077685.03387 1431256917.0
537006.913865 5077690.01454 1431256937.0
537007.649795 5077696.79651 1431256970.0
537005.466627 5077698.33898 1431257010.0
536997.199801 5077704.51168 1431257016.0
536991.050445 5077707.14157 1431257038.0
536982.721914 5077710.64733 1431257048.0
536976.691399 5077719.38888 1431257056.0
536970.039794 5077728.12672 1431257063.0
536963.859336 5077735.97852 1431257070.0
536956.596598 5077743.04612 1431257076.0
536951.349153 5077750.68128 1431257086.0
536944.816969 5077752.42007 1431257096.0
536951.873413 5077753.90653 1431257106.0
536956.599391 5077755.60132 1431257122.0
536965.791802 5077750.43406 1431257130.0
536973.338589 5077747.81248 1431257140.0
536978.090413 5077745.17423 1431257151.0
536985.92854 5077745.77653 1431257161.0
536994.152205 5077746.82557 1431257171.0
536999.966436 5077748.30467 1431257182.0
537004.533814 5077750.55409 1431257206.0
537008.238548 5077754.24277 1431257239.0
537009.310887 5077756.69354 1431257280.0
537005.67517 5077754.44968 1431257320.0
537005.439604 5077754.8927 1431257360.0
537006.2976 5077754.23118 1431257400.0
537006.628049 5077750.89992 1431257440.0
537006.388503 5077752.00956 1431257481.0
537003.899446 5077752.77246 1431257521.0
537001.367899 5077747.64639 1431257534.0
536997.400403 5077748.95601 1431257574.0
537002.514563 5077750.65315 1431257614.0
537007.474771 5077752.12716 1431257634.0
537004.925983 5077749.88979 1431257675.0
537005.760767 5077753.1169 1431257715.0
537003.972442 5077753.55065 1431257755.0
537002.66785 5077750.98738 1431257795.0
537003.137656 5077750.32354 1431257835.0
537004.28233 5077753.66361 1431257876.0
537005.5909 5077755.56025 1431257916.0
537004.121085 5077754.66262 1431257956.0
537005.471438 5077749.55972 1431257994.0
537005.549076 5077749.56018 1431258035.0
537004.282993 5077753.55251 1431258075.0
537004.827122 5077753.44465 1431258115.0
537001.510575 5077749.75829 1431258154.0
537004.021518 5077745.32897 1431258191.0
537005.31152 5077750.33652 1431258219.0
537004.671846 5077753.44372 1431258259.0
537003.815839 5077753.77193 1431258299.0
537002.641986 5077755.32044 1431258339.0
537003.518551 5077751.548 1431258380.0
537005.373904 5077752.89237 1431258420.0
537002.056693 5077749.31712 1431261174.0
537005.608144 5077752.67155 1431261215.0
537005.136347 5077753.66871 1431261255.0
537009.180153 5077752.58177 1431261295.0
537003.280995 5077752.32434 1431261324.0
536992.949181 5077753.26265 1431261333.0
536984.483331 5077753.76767 1431261343.0
536977.556987 5077756.50405 1431261353.0
536967.689686 5077757.66739 1431261363.0
536956.809785 5077759.38024 1431261371.0
536948.356529 5077757.77434 1431261381.0
536943.959641 5077752.9705 1431261391.0
536946.929249 5077762.76569 1431261400.0
536942.622092 5077768.96206 1431261410.0
536934.890942 5077776.47132 1431261418.0
536931.143817 5077779.89334 1431261428.0
536926.781551 5077782.31172 1431261458.0
536925.58853 5077787.08225 1431261499.0
536925.58853 5077787.08225 1431261539.0
536925.58853 5077787.08225 1431261579.0
536925.58853 5077787.08225 1431261619.0
536925.630431 5077793.08232 1431261642.0
536927.459976 5077798.75972 1431261652.0
536929.295474 5077803.43718 1431261677.0
536930.197999 5077808.3313 1431261706.0
536934.180855 5077817.46587 1431261716.0
536933.902931 5077825.01955 1431261726.0
536932.835399 5077834.79068 1431261736.0
536930.104869 5077836.99657 1431261776.0
536925.932332 5077833.63848 1431261798.0
536918.261494 5077831.03731 1431261808.0
536913.513731 5077833.00898 1431261818.0
536907.683023 5077834.30755 1431261828.0
536901.906806 5077839.49523 1431261839.0
536897.298457 5077844.13433 1431261849.0
536893.163209 5077847.55406 1431261862.0
536888.042489 5077846.96805 1431261883.0
536884.218456 5077850.27853 1431261910.0
536878.927923 5077852.13588 1431261920.0
536873.480798 5077854.21453 1431261930.0
536865.938808 5077856.05851 1431261940.0
536861.725288 5077859.5889 1431261950.0
536858.673018 5077863.68174 1431261961.0
536856.233257 5077869.22262 1431261971.0
536851.258578 5077870.19302 1431261984.0
536846.274655 5077872.71887 1431261995.0
536841.378277 5077873.57863 1431262007.0
536840.724171 5077879.13014 1431262035.0
536838.832508 5077883.89653 1431262051.0
536840.667386 5077888.68507 1431262067.0
536842.734509 5077893.5861 1431262082.0
536841.463277 5077898.46729 1431262095.0
536842.831672 5077903.36417 1431262110.0
536838.005032 5077905.55764 1431262143.0
536832.946808 5077907.52752 1431262153.0
536832.021117 5077906.52205 1431262193.0
536826.572076 5077908.93405 1431262217.0
536821.28293 5077910.56924 1431262227.0
536819.213815 5077906.00153 1431262242.0
536814.466802 5077907.86217 1431262260.0
536813.932587 5077906.30349 1431262301.0
536815.804429 5077904.87021 1431262341.0
536815.810368 5077903.87027 1431262381.0
536815.564263 5077906.09097 1431262421.0
536811.817941 5077909.40195 1431262461.0
536808.37359 5077914.15914 1431262472.0
536803.396976 5077915.46288 1431262505.0
536802.356048 5077920.78988 1431262518.0
536799.379504 5077925.21652 1431262548.0
536794.479877 5077926.63183 1431262565.0
536790.264467 5077930.49559 1431262575.0
536784.674697 5077930.46241 1431262587.0
536779.927712 5077932.32308 1431262597.0
536776.178129 5077936.18961 1431262607.0
536771.889715 5077939.27519 1431262622.0
536767.981575 5077943.69632 1431262632.0
536762.853676 5077944.33255 1431262661.0
536765.391926 5077948.34748 1431262702.0
536764.943905 5077945.34492 1431262742.0
536759.348218 5077946.3117 1431262776.0
536753.736064 5077950.05609 1431262786.0
536751.999759 5077954.82343 1431262801.0
536750.801634 5077960.48282 1431262811.0
536748.21464 5077964.68958 1431262824.0
536747.081641 5077972.46041 1431262834.0
536747.406588 5077983.12869 1431262844.0
536747.682219 5077989.01904 1431262855.0
536747.805874 5077994.35295 1431262871.0
536752.454087 5077996.04712 1431262886.0
536757.167415 5077999.85273 1431262896.0
536761.40768 5078004.87773 1431262907.0
536760.655597 5078013.87301 1431262917.0
536763.220177 5078013.44378 1431262957.0
536762.102981 5078018.54812 1431262993.0
536759.027246 5078013.53003 1431263009.0
536763.926137 5078012.22578 1431263020.0
536770.979689 5078014.15646 1431263030.0
536775.381134 5078018.18245 1431263051.0
536782.551707 5078026.55808 1431263061.0
536787.392568 5078035.031 1431263071.0
536791.865687 5078040.0574 1431263081.0
536795.167031 5078046.29904 1431263091.0
536797.313089 5078050.97831 1431263108.0
536799.303875 5078055.65665 1431263133.0
536795.403042 5078058.85562 1431263151.0
536793.75426 5078061.95686 1431263191.0
536793.333775 5078067.39864 1431263202.0
536790.279673 5078071.82483 1431263214.0
536794.843587 5078074.62962 1431263225.0
536796.847558 5078077.08588 1431263266.0
536797.204069 5078082.42118 1431263288.0
536796.90785 5078093.08577 1431263295.0
536796.61493 5078103.19485 1431263305.0
536795.007519 5078112.40726 1431263315.0
536797.75879 5078119.75671 1431263325.0
536800.029084 5078129.65878 1431263330.0
536797.416401 5078138.19858 1431263340.0
536787.466835 5078140.25057 1431263350.0
536778.920604 5078141.31093 1431263360.0
536774.325093 5078143.83914 1431263376.0
536775.829784 5078138.84822 1431263388.0
536772.30993 5078143.27165 1431263398.0
536767.465047 5078148.57609 1431263408.0
536766.000434 5078159.9004 1431263417.0
536762.758841 5078169.76977 1431263423.0
536758.269981 5078167.40988 1431263445.0
536754.750155 5078171.83333 1431263478.0
536750.631012 5078172.58666 1431263518.0
536749.386254 5078173.02371 1431263558.0
536745.022359 5078175.77553 1431263594.0
536745.878294 5078175.44728 1431263637.0
536741.126239 5078178.19681 1431263654.0
536737.994594 5078182.62256 1431263668.0
536735.313604 5078189.60647 1431263678.0
536734.660938 5078194.93577 1431263705.0
536731.739159 5078203.25155 1431263715.0
536731.273366 5078203.24879 1431263755.0
536727.537141 5078204.89327 1431263796.0
536727.850962 5078204.33959 1431263836.0
536725.836472 5078203.661 1431263876.0
536725.674625 5078204.77112 1431263917.0
536726.325307 5078199.77512 1431263934.0
536724.800967 5078194.98845 1431263946.0
536719.829203 5078195.51454 1431263981.0
536722.208819 5078200.08406 1431264015.0
536721.89434 5078200.74884 1431264056.0
536722.487752 5078205.41889 1431264096.0
536721.603519 5078210.52461 1431264108.0
536714.902142 5078214.70701 1431264118.0
536708.91723 5078215.89375 1431264131.0
536703.627718 5078217.64015 1431264149.0
536700.342172 5078221.84279 1431264178.0
536701.313232 5078228.2928 1431264188.0
536697.948745 5078232.71719 1431264201.0
536694.893475 5078237.36563 1431264211.0
536689.908594 5078240.11382 1431264222.0
536688.094784 5078244.88072 1431264232.0
536682.019781 5078248.178 1431264242.0
536681.572446 5078258.17506 1431264248.0
536680.431688 5078267.27915 1431264258.0
536675.376438 5078268.80475 1431264272.0
536672.866594 5078273.1231 1431264312.0
536672.05544 5078279.00702 1431264322.0
536673.410074 5078286.23704 1431264332.0
536673.612728 5078291.3492 1431264364.0
536680.008776 5078299.38682 1431264373.0
536681.532466 5078304.28458 1431264383.0
536679.215418 5078315.38165 1431264392.0
536673.034589 5078323.45595 1431264402.0
536668.057018 5078324.98201 1431264432.0
536663.618263 5078327.28902 1431264457.0
536655.880912 5078336.02078 1431264466.0
536651.731668 5078341.88496 1431264476.0
536647.056756 5078344.74612 1431264489.0
536641.53251 5078346.82451 1431264504.0
536636.85892 5078349.46347 1431264515.0
536631.029413 5078350.6512 1431264526.0
536624.171018 5078355.16609 1431264536.0
536615.621832 5078356.7822 1431264546.0
536606.138461 5078358.83723 1431264556.0
536597.255802 5078364.34016 1431264565.0
536587.176986 5078362.0585 1431264573.0
536580.050737 5078359.34985 1431264583.0
536575.086986 5078358.54281 1431264593.0
536571.584443 5078360.07765 1431264633.0
536570.931933 5078365.40697 1431264646.0
536568.26694 5078369.72446 1431264657.0
536564.720859 5078365.48144 1431264668.0
536561.331344 5078361.01713 1431264681.0
536561.14528 5078366.2381 1431264698.0
536556.027582 5078365.20794 1431264712.0
536550.829632 5078364.62175 1431264728.0
536544.186184 5078359.02718 1431264738.0
536544.669983 5078369.14085 1431264748.0
536538.989224 5078371.44062 1431264758.0
536533.636672 5078370.74242 1431264769.0
536529.040122 5078373.49302 1431264783.0
536524.709202 5078370.6898 1431264814.0
536525.634872 5078371.69523 1431264854.0
536521.190313 5078375.00227 1431264884.0
536512.399783 5078378.0615 1431264894.0
536504.054757 5078384.56771 1431264902.0
536494.095875 5078388.28673 1431264911.0
536488.254006 5078391.58557 1431264921.0
536486.904865 5078396.57748 1431264939.0
536482.541898 5078399.21838 1431264953.0
536474.974536 5078405.50699 1431264963.0
536470.455014 5078408.3692 1431264976.0
536460.882378 5078412.42387 1431264986.0
536455.751633 5078413.61587 1431264997.0
536453.377134 5078408.15762 1431265009.0
536451.805719 5078398.14868 1431265016.0
536445.985442 5078397.78113 1431265035.0
536440.087535 5078397.41312 1431265052.0
536440.084269 5078397.96864 1431265092.0
536443.569118 5078399.43354 1431265132.0
536447.469436 5078409.45617 1431265140.0
536456.123443 5078416.39576 1431265150.0
536465.932227 5078411.78693 1431265158.0
536473.662023 5078404.27708 1431265165.0
536479.997116 5078396.3146 1431265171.0
536479.883054 5078389.31414 1431265181.0
536484.013137 5078386.67186 1431265222.0
536479.3488 5078387.75548 1431265262.0
536481.129057 5078388.65482 1431265305.0
536479.506675 5078387.31198 1431265345.0
536481.90928 5078387.99277 1431265386.0
536480.978375 5078387.87618 1431265427.0
536482.372444 5078388.43993 1431265467.0
536482.220454 5078387.88349 1431265507.0
536477.244944 5078389.07639 1431265523.0
536482.832338 5078389.4426 1431265555.0
536481.57718 5078391.65737 1431265595.0
536481.158294 5078396.87698 1431265625.0
536477.486151 5078400.85524 1431265637.0
536467.537117 5078402.90775 1431265646.0
536458.811866 5078408.07848 1431265656.0
536451.582503 5078409.70258 1431265666.0
536453.427318 5078412.82445 1431265706.0
536452.291625 5078407.92902 1431265729.0
536441.894471 5078406.97902 1431265738.0
536431.103941 5078406.91559 1431265746.0
536424.746793 5078405.43382 1431265757.0
536421.603147 5078398.74888 1431265767.0
536422.491679 5078392.86538 1431265784.0
536425.159825 5078387.99232 1431265802.0
536422.241879 5078382.53089 1431265816.0
536420.139993 5078383.51851 1431265857.0
536418.385839 5078378.17503 1431265872.0
536411.340431 5078374.9115 1431265882.0
536412.62037 5078368.47477 1431265903.0
536406.159474 5078358.2149 1431265912.0
536400.237402 5078348.73595 1431265920.0
536398.574552 5078341.05975 1431265930.0
536396.818409 5078336.04958 1431265946.0
536390.37246 5078336.45617 1431265956.0
536391.720883 5078331.57534 1431265972.0
536395.076616 5078328.59513 1431266012.0
536398.055291 5078323.72388 1431266034.0
536403.340707 5078322.64384 1431266047.0
536409.270668 5078317.56772 1431266057.0
536413.676696 5078320.81573 1431266079.0
536418.801633 5078320.62362 1431266098.0
536421.620498 5078316.5292 1431266131.0
536423.435388 5078311.54001 1431266148.0
536420.902947 5078306.52528 1431266160.0
536414.404139 5078302.70943 1431266170.0
536413.578918 5078297.81584 1431266184.0
536408.330026 5078292.67404 1431266194.0
536403.445789 5078291.53428 1431266217.0
536398.183834 5078288.61457 1431266228.0
536393.472469 5078284.47592 1431266238.0
536388.557556 5078275.33622 1431266245.0
536382.831096 5078272.19159 1431266255.0
536378.896674 5078267.9464 1431266275.0
536373.557708 5078264.91516 1431266285.0
536372.812037 5078259.68871 1431266295.0
536371.816518 5078257.34961 1431266336.0
536371.590143 5078256.2372 1431266378.0
536371.312867 5078250.56908 1431266414.0
536371.807995 5078245.57213 1431266429.0
536367.13504 5078234.87837 1431266437.0
536366.55766 5078227.43076 1431266447.0
536359.617058 5078219.50139 1431266455.0
536353.692824 5078210.3558 1431266465.0
536345.642532 5078206.30871 1431266475.0
536342.09881 5078201.62141 1431266487.0
536333.282596 5078195.79212 1431266493.0
536323.691343 5078189.73608 1431266502.0
536314.484329 5078184.34896 1431266509.0
536308.859461 5078177.09401 1431266519.0
536305.470309 5078172.51874 1431266529.0
536301.998964 5078168.72074 1431266545.0
536299.853227 5078163.93054 1431266563.0
536299.932161 5078163.70879 1431266603.0
536300.979126 5078157.27067 1431266639.0
536297.844977 5078148.91924 1431266649.0
536295.945791 5078141.79722 1431266659.0
536296.52045 5078136.46741 1431266670.0
536296.085229 5078131.2428 1431266681.0
536295.182907 5078126.23767 1431266693.0
536296.846385 5078120.58091 1431266716.0
536298.969811 5078115.92682 1431266729.0
536301.330044 5078110.60747 1431266748.0
536304.076496 5078105.62371 1431266771.0
536301.948957 5078097.7226 1431266781.0
536292.900957 5078091.6698 1431266790.0
536287.754138 5078082.30661 1431266799.0
536282.723551 5078079.61058 1431266828.0
536280.967237 5078074.60045 1431266860.0
536275.116478 5078066.12202 1431266865.0
536268.261011 5078056.85997 1431266872.0
536262.212052 5078055.7135 1431266883.0
536257.222024 5078059.35086 1431266894.0
536252.856322 5078062.43635 1431266904.0
536247.334562 5078064.07067 1431266915.0
536237.569566 5078061.12477 1431266923.0
536233.942199 5078057.43701 1431266946.0
536232.109504 5078052.20424 1431266971.0
536229.047646 5078044.74213 1431266981.0
536227.686593 5078038.51214 1431266994.0
536230.814694 5078034.64165 1431267015.0
536227.61379 5078024.40103 1431267023.0
536221.374088 5078016.03149 1431267031.0
536219.309115 5078010.68625 1431267041.0
536217.163258 5078005.89609 1431267071.0
536216.788716 5078003.56063 1431267112.0
536213.630356 5077999.32009 1431267141.0
536208.597723 5077996.95743 1431267171.0
536203.715813 5077995.37341 1431267182.0
536197.657051 5077995.89356 1431267193.0
536195.074556 5077986.101 1431267201.0
536193.01409 5077979.97805 1431267211.0
536189.237216 5077975.28947 1431267244.0
536183.542156 5077966.70094 1431267250.0
536178.772867 5077959.11778 1431267260.0
536176.789364 5077953.10638 1431267270.0
536171.994772 5077949.85628 1431267290.0
536170.162639 5077944.51242 1431267303.0
536167.712013 5077938.72052 1431267327.0
536163.811583 5077928.58697 1431267335.0
536157.416942 5077933.4384 1431267345.0
536157.618742 5077938.77275 1431267373.0
536152.580854 5077937.29897 1431267393.0
536148.251403 5077934.1627 1431267404.0
536144.548216 5077930.14123 1431267419.0
536143.335196 5077925.13431 1431267436.0
536139.277503 5077915.33318 1431267444.0
536137.690546 5077907.87971 1431267454.0
536142.006515 5077900.01623 1431267464.0
536141.417815 5077894.45742 1431267476.0
536141.088581 5077884.3447 1431267485.0
536133.630968 5077885.07898 1431267495.0
536131.598901 5077874.06747 1431267503.0
536131.886208 5077864.7361 1431267513.0
536132.461396 5077859.29518 1431267532.0
536131.659848 5077850.29079 1431267542.0
536135.576654 5077844.3138 1431267552.0
536136.492186 5077833.76391 1431267559.0
536129.238353 5077826.16631 1431267569.0
536119.765348 5077826.33332 1431267579.0
536113.950343 5077824.96615 1431267589.0
536107.970354 5077825.26464 1431267599.0
536100.508793 5077826.66558 1431267609.0
536092.433903 5077826.72967 1431267619.0
536085.504811 5077830.02256 1431267629.0
536080.184762 5077836.99138 1431267639.0
536075.503275 5077840.96401 1431267650.0
536070.746098 5077844.60288 1431267662.0
536063.421745 5077849.11568 1431267673.0
536054.938022 5077852.73288 1431267683.0
536048.137764 5077860.58197 1431267693.0
536043.509404 5077868.77703 1431267703.0
536041.116361 5077879.76277 1431267711.0
536035.798341 5077886.39831 1431267721.0
536032.632832 5077896.71292 1431267731.0
536028.947129 5077903.02464 1431267741.0
536023.541175 5077911.4374 1431267751.0
536020.143437 5077921.63956 1431267760.0
536017.211524 5077931.84443 1431267770.0
536019.590468 5077936.63588 1431267786.0
536021.660158 5077941.20332 1431267819.0
536021.394324 5077946.86827 1431267843.0
536018.692098 5077957.63001 1431267851.0
536021.894674 5077967.64831 1431267859.0
536023.698516 5077977.88069 1431267867.0
536024.342994 5077987.21748 1431267878.0
536029.254802 5077997.02351 1431267886.0
536034.249396 5078005.94115 1431267892.0
536037.905455 5078018.07314 1431267901.0
536038.854631 5078028.41167 1431267910.0
536040.813695 5078038.64497 1431267920.0
536045.64457 5078049.00608 1431267926.0
536050.322099 5078059.03297 1431267935.0
536050.178557 5078070.36512 1431267944.0
536050.038891 5078081.03064 1431267953.0
536055.264994 5078090.17187 1431267962.0
536058.394329 5078099.41201 1431267972.0
536055.921769 5078110.73061 1431267982.0
536051.670115 5078120.92779 1431267991.0
536045.42198 5078127.3357 1431268002.0
536041.822428 5078132.20351 1431268012.0
536037.458825 5078134.95583 1431268022.0
536033.696913 5078141.04488 1431268032.0
536029.632226 5078145.79889 1431268042.0
536024.516845 5078144.32475 1431268054.0
536017.81394 5078148.84122 1431268064.0
536012.181767 5078156.1416 1431268074.0
536010.827798 5078162.02244 1431268084.0
536008.547404 5078167.00904 1431268094.0
536004.610913 5078176.43033 1431268103.0
536002.327947 5078181.86134 1431268113.0
536002.919967 5078186.86463 1431268123.0
536001.959338 5078191.85889 1431268139.0
535999.447355 5078196.62194 1431268149.0
535995.542511 5078200.59913 1431268163.0
535992.954839 5078205.02842 1431268174.0
535992.143034 5078211.13463 1431268186.0
535987.468334 5078213.99628 1431268200.0
535984.031236 5078217.64288 1431268210.0
535979.267304 5078222.50397 1431268220.0
535980.235244 5078229.62048 1431268230.0
535976.255381 5078233.15282 1431268242.0
535977.929102 5078239.05124 1431268252.0
535973.336575 5078241.13564 1431268278.0
535968.511156 5078243.21868 1431268291.0
535963.63325 5078240.96822 1431268307.0
535960.196181 5078244.61483 1431268321.0
535955.359813 5078248.58665 1431268331.0
535952.77219 5078253.01595 1431268343.0
535947.715181 5078254.87545 1431268355.0
535942.022305 5078259.28674 1431268365.0
535937.731312 5078262.92842 1431268377.0
535933.831059 5078266.12793 1431268388.0
535929.81741 5078262.10478 1431268405.0
535926.456072 5078266.08517 1431268430.0
535923.636226 5078270.40203 1431268449.0
535917.886997 5078271.14647 1431268479.0
535913.555734 5078268.34368 1431268491.0
535903.998703 5078269.73271 1431268501.0
535898.537479 5078274.3676 1431268511.0
535901.972969 5078284.38719 1431268518.0
535896.967894 5078290.69134 1431268528.0
535892.682741 5078293.33311 1431268539.0
535886.446522 5078297.74131 1431268549.0
535882.507278 5078294.27416 1431268563.0
535878.029757 5078289.91504 1431268573.0
535873.282683 5078291.8875 1431268590.0
535872.62691 5078297.88352 1431268600.0
535873.745076 5078305.88975 1431268610.0
535871.9999 5078312.32389 1431268620.0
535866.168585 5078313.84565 1431268630.0
535862.962578 5078317.82698 1431268641.0
535861.764688 5078323.59765 1431268652.0
535859.254151 5078328.13854 1431268670.0
535860.850968 5078333.92538 1431268683.0
535860.04445 5078339.14277 1431268694.0
535861.944713 5078346.15355 1431268704.0
535866.432491 5078348.735 1431268717.0
535871.304559 5078351.98532 1431268732.0
535871.972367 5078357.32235 1431268744.0
535875.196826 5078363.56305 1431268754.0
535878.275666 5078368.13628 1431268770.0
535884.144039 5078373.61453 1431268780.0
535885.489918 5078382.51094 1431268790.0
535882.413464 5078390.93732 1431268800.0
535883.693934 5078397.7223 1431268810.0
535886.683541 5078404.29496 1431268823.0
535888.669103 5078409.97295 1431268833.0
535885.141676 5078415.84124 1431268843.0
535882.787702 5078420.16081 1431268860.0
535886.952677 5078424.85145 1431268870.0
535883.710047 5078435.16569 1431268875.0
535879.500697 5078438.14123 1431268896.0
535876.139486 5078442.12165 1431268920.0
535869.614129 5078442.86164 1431268938.0
535858.04866 5078442.5725 1431268948.0
535847.724616 5078442.40167 1431268957.0
535840.437748 5078440.5818 1431268967.0
535831.42312 5078442.1963 1431268977.0
535820.087968 5078442.35299 1431268987.0
535809.362939 5078444.40206 1431268995.0
535804.637827 5078442.59704 1431269005.0
535796.96601 5078440.21947 1431269015.0
535786.177468 5078439.82384 1431269024.0
535776.158163 5078440.65486 1431269033.0
535771.718548 5078443.18471 1431269056.0
535763.274273 5078440.13607 1431269066.0
535763.928004 5078434.47335 1431269077.0
535757.998621 5078426.10606 1431269084.0
535751.675947 5078418.62537 1431269094.0
535745.591914 5078410.1461 1431269104.0
535735.512875 5078407.86582 1431269113.0
535726.726634 5078410.25954 1431269123.0
535720.595175 5078410.00198 1431269151.0
535709.708464 5078413.16137 1431269161.0
535699.605738 5078414.992 1431269166.0
535692.499009 5078408.84015 1431269176.0
535689.261596 5078404.82163 1431269186.0
535683.462628 5078414.23239 1431269196.0
535678.486021 5078415.64814 1431269215.0
535673.873263 5078421.28808 1431269225.0
535669.949587 5078428.59861 1431269235.0
535667.747831 5078433.47467 1431269247.0
535663.668912 5078440.78431 1431269257.0
535662.061988 5078450.21921 1431269267.0
535658.128116 5078459.30741 1431269277.0
535653.647658 5078468.948 1431269286.0
535650.905722 5078473.26543 1431269296.0
535647.310513 5078477.46684 1431269309.0
535642.521487 5078486.77234 1431269320.0
535639.596837 5078495.86635 1431269330.0
535634.209167 5078501.27965 1431269340.0
535630.302194 5078505.7015 1431269353.0
535623.652051 5078514.66299 1431269363.0
535623.373825 5078522.55004 1431269373.0
535614.118192 5078525.60786 1431269383.0
535610.603219 5078529.36532 1431269393.0
535608.851354 5078537.02169 1431269403.0
535599.426454 5078542.52293 1431269413.0
535592.007773 5078550.14675 1431269420.0
535588.085549 5078557.23512 1431269430.0
535586.110405 5078563.22359 1431269440.0
535586.758656 5078572.00482 1431269450.0
535583.617192 5078578.31992 1431269460.0
535579.474869 5078583.18488 1431269470.0
535574.873166 5078586.93612 1431269508.0
535564.702702 5078587.09996 1431269517.0
535559.556345 5078591.07031 1431269527.0
535559.75289 5078597.40458 1431269537.0
535556.048953 5078607.04969 1431269544.0
535552.037069 5078616.24862 1431269553.0
535545.168931 5078622.65347 1431269563.0
535539.852708 5078629.17833 1431269573.0
535539.742588 5078634.84419 1431269587.0
535538.275861 5078646.94652 1431269597.0
535534.879307 5078657.14895 1431269605.0
535532.27113 5078665.24486 1431269615.0
535531.140409 5078672.9048 1431269625.0
535528.618787 5078679.4457 1431269635.0
535517.721187 5078684.6053 1431269641.0
535507.523513 5078689.54671 1431269647.0
535503.29415 5078696.07783 1431269657.0
535495.1116 5078701.58635 1431269667.0
535491.274842 5078707.34197 1431269677.0
535491.01206 5078712.56253 1431269698.0
535483.211946 5078719.07322 1431269707.0
535476.900728 5078723.14807 1431269717.0
535471.45294 5078725.56125 1431269731.0
535473.126363 5078731.57065 1431269744.0
535469.215197 5078736.77032 1431269754.0
535465.45611 5078742.52641 1431269764.0
535458.120541 5078749.262 1431269774.0
535452.739603 5078753.56442 1431269784.0
535447.572483 5078761.20129 1431269794.0
535445.822787 5078768.52439 1431269804.0
535444.627909 5078773.85072 1431269814.0
535440.573616 5078776.93855 1431269824.0
535437.445744 5078780.92054 1431269836.0
535436.222921 5078791.13546 1431269844.0
535429.346203 5078799.09589 1431269852.0
535427.142223 5078804.41646 1431269862.0
535430.211003 5078810.76715 1431269873.0
535427.434302 5078807.64026 1431269913.0
535425.649571 5078807.51895 1431269953.0
535425.649571 5078807.51895 1431269993.0
535423.600212 5078812.95151 1431270020.0
535420.391569 5078817.48858 1431270030.0
535419.096236 5078826.81423 1431270040.0
535418.408567 5078838.4766 1431270046.0
535416.902593 5078843.91227 1431270065.0
535416.685753 5078854.68848 1431270074.0
535416.863382 5078864.35587 1431270084.0
535416.675751 5078870.02129 1431270094.0
535420.975057 5078878.37894 1431270104.0
535419.705136 5078883.26042 1431270133.0
535418.279335 5078888.25211 1431270148.0
535410.233314 5078897.09475 1431270156.0
535404.980488 5078906.17557 1431270162.0
535403.377876 5078914.94392 1431270172.0
535406.281855 5078922.96027 1431270182.0
535409.206142 5078927.42128 1431270195.0
535407.000319 5078933.07517 1431270212.0
535401.721951 5078933.04502 1431270229.0
535396.736307 5078936.12755 1431270242.0
535390.016946 5078943.75561 1431270250.0
535380.782357 5078943.25845 1431270260.0
535375.41369 5078945.44995 1431270270.0
535370.066588 5078943.86392 1431270282.0
535366.628987 5078947.73307 1431270298.0
535367.607647 5078953.07183 1431270312.0
535364.16181 5078958.38533 1431270322.0
535358.870151 5078960.6884 1431270332.0
535353.932381 5078968.9933 1431270342.0
535345.040946 5078976.3868 1431270352.0
535336.556651 5078980.44939 1431270362.0
535327.373133 5078984.61913 1431270369.0
535317.566115 5078989.22975 1431270376.0
535308.931676 5078992.40267 1431270386.0
535298.511934 5078995.56543 1431270393.0
535288.494234 5078996.28613 1431270399.0
535284.206031 5078999.59494 1431270416.0
535279.426166 5079007.45637 1431270426.0
535271.697941 5079015.07881 1431270436.0
535263.664938 5079021.69955 1431270443.0
535256.877063 5079027.77185 1431270453.0
535253.897724 5079032.97696 1431270463.0
535248.898962 5079038.3928 1431270473.0
535246.079302 5079042.82107 1431270492.0
535242.531985 5079052.35616 1431270497.0
535238.241318 5079056.10942 1431270509.0
535228.139786 5079057.94082 1431270515.0
535223.006664 5079059.68936 1431270526.0
535218.760168 5079069.33159 1431270536.0
535210.996109 5079083.28704 1431270541.0
535202.876801 5079091.46288 1431270546.0
535193.833004 5079098.41129 1431270551.0
535186.124555 5079102.58961 1431270561.0
535181.177035 5079112.67232 1431270570.0
535173.924246 5079118.63096 1431270580.0
535166.684712 5079122.25642 1431270590.0
535156.577005 5079125.19898 1431270595.0
535146.863714 5079127.03271 1431270605.0
535134.83252 5079126.96448 1431270611.0
535123.87416 5079129.34672 1431270616.0
535113.607467 5079132.95509 1431270624.0
535103.194987 5079134.89603 1431270632.0
535095.10924 5079137.18349 1431270642.0
535087.871662 5079140.47573 1431270652.0
535078.231005 5079143.19884 1431270660.0
535068.678666 5079144.03364 1431270671.0
535059.452526 5079142.0926 1431270681.0
535059.501859 5079147.09272 1431270699.0
535059.548048 5079152.64837 1431270714.0
535054.346232 5079152.84115 1431270724.0
535047.828014 5079152.47096 1431270737.0
535038.239884 5079159.63874 1431270742.0
535031.481274 5079160.60049 1431270752.0
535024.061514 5079168.66941 1431270759.0
535019.65765 5079178.75532 1431270766.0
535018.694188 5079184.41636 1431270779.0
535013.840947 5079191.61094 1431270789.0
535011.01148 5079197.81698 1431270799.0
535005.46847 5079203.45215 1431270809.0
534999.218736 5079210.52774 1431270819.0
534995.611842 5079216.95161 1431270829.0
534987.424157 5079223.57184 1431270836.0
534982.576001 5079229.8776 1431270846.0
534986.451321 5079230.89945 1431270887.0
534979.582563 5079237.63824 1431270897.0
534974.099677 5079246.3848 1431270906.0
534970.168559 5079255.25123 1431270916.0
534966.691879 5079266.12016 1431270926.0
534963.84243 5079275.88155 1431270934.0
534955.11466 5079281.94323 1431270942.0
534947.231938 5079289.5652 1431270952.0
534938.698909 5079288.62822 1431270962.0
534932.599614 5079282.81623 1431270972.0
534931.385901 5079277.80954 1431270983.0
534929.941209 5079272.46823 1431271010.0
534923.701681 5079263.98887 1431271019.0
534918.004217 5079255.7348 1431271026.0
534912.230995 5079247.14698 1431271033.0
534908.555354 5079238.23765 1431271043.0
534908.905265 5079231.23984 1431271053.0
534904.455293 5079221.99284 1431271063.0
534902.793977 5079213.76151 1431271073.0
534902.464707 5079203.31554 1431271079.0
534897.628483 5079193.73304 1431271089.0
534892.632624 5079184.9274 1431271097.0
534887.794493 5079175.67822 1431271103.0
534883.972915 5079165.10148 1431271112.0
534875.855946 5079159.16709 1431271118.0
534865.940567 5079155.55584 1431271124.0
534856.8965 5079148.8385 1431271134.0
534849.022343 5079141.12778 1431271141.0
534840.287469 5079134.63442 1431271150.0
534830.915999 5079130.91519 1431271158.0
534821.943859 5079125.19827 1431271166.0
534813.836766 5079117.48629 1431271175.0
534807.047334 5079110.11505 1431271185.0
534797.51495 5079107.39493 1431271196.0
534787.061088 5079102.89193 1431271205.0
534779.400317 5079098.62684 1431271215.0
534770.818058 5079092.57886 1431271224.0
534760.593275 5079088.74384 1431271233.0
534757.779877 5079078.28394 1431271242.0
534760.707954 5079068.30068 1431271248.0
534765.496461 5079058.77229 1431271255.0
534771.90506 5079051.03071 1431271261.0
534775.837888 5079041.83085 1431271268.0
534769.443293 5079033.23968 1431271277.0
534764.330853 5079031.32217 1431271289.0
534756.854859 5079035.61343 1431271299.0
534755.733881 5079041.71806 1431271336.0
534752.120915 5079049.25312 1431271346.0
534745.86509 5079057.44 1431271355.0
534743.248764 5079067.2028 1431271365.0
534746.375792 5079077.10891 1431271375.0
534747.118985 5079083.00178 1431271385.0
534747.508336 5079082.78175 1431271425.0
534747.508336 5079082.78175 1431271466.0
534747.508336 5079082.78175 1431271506.0
534748.026763 5079087.22896 1431271547.0
534748.018664 5079088.67331 1431271587.0
534747.942912 5079088.33956 1431271627.0
534746.294803 5079091.55244 1431271667.0
534746.824444 5079093.99978 1431271707.0
