534808.216015 5079109.34386 1477114597.0
534809.454203 5079110.01746 1477114598.0
534812.860779 5079111.5921 1477114601.0
534814.177835 5079112.04393 1477114602.0
534815.339026 5079112.606 1477114603.0
534823.922462 5079118.43183 1477114611.0
534826.323083 5079119.44529 1477114613.0
534835.128119 5079127.27231 1477114622.0
534856.229791 5079143.16826 1477114639.0
534880.110672 5079161.74651 1477114658.0
534888.43422 5079172.3486 1477114671.0
534898.820312 5079188.85101 1477114687.0
534899.125159 5079189.8527 1477114692.0
534900.970512 5079192.97411 1477114695.0
534905.804865 5079216.66727 1477114710.0
534906.957891 5079218.6737 1477114712.0
534909.494922 5079236.79855 1477114726.0
534914.139545 5079252.82422 1477114740.0
534921.202223 5079266.75248 1477114752.0
534929.742756 5079280.13354 1477114770.0
534930.985281 5079280.02944 1477114791.0
534932.985201 5079283.26283 1477114794.0
534937.152176 5079287.61953 1477114798.0
534951.485918 5079292.25578 1477114813.0
534952.411699 5079293.26097 1477114818.0
534961.883665 5079292.86998 1477114825.0
534967.402104 5079291.56783 1477114829.0
534971.977207 5079292.3714 1477114833.0
534990.287469 5079307.58542 1477114852.0
534993.829048 5079312.71637 1477114857.0
535001.074957 5079321.64592 1477114874.0
535002.759961 5079325.65531 1477114894.0
535007.541525 5079331.1266 1477114908.0
535015.692437 5079344.7278 1477114925.0
535023.052062 5079360.99112 1477114943.0
535031.958973 5079378.15206 1477114962.0
535035.889192 5079383.17413 1477114967.0
535045.184748 5079400.22618 1477114985.0
535048.340028 5079405.02166 1477114991.0
535058.432432 5079418.41168 1477115008.0
535072.823273 5079426.60399 1477115025.0
535087.60279 5079434.68743 1477115042.0
535093.703677 5079440.16626 1477115049.0
535106.682845 5079450.90613 1477115065.0
535107.298111 5079451.90959 1477115068.0
535121.893319 5079465.10302 1477115084.0
535130.890018 5079480.04246 1477115101.0
535132.430372 5079482.16224 1477115115.0
535132.879059 5079485.1647 1477115125.0
535134.555742 5079490.61848 1477115129.0
535143.578942 5079514.55783 1477115147.0
535151.317908 5079532.26786 1477115162.0
535159.767346 5079547.87089 1477115176.0
535164.616124 5079555.12042 1477115183.0
535179.13335 5079568.31354 1477115201.0
535181.314773 5079566.88153 1477115219.0
535180.050851 5079570.76313 1477115246.0
535182.518129 5079573.66594 1477115282.0
535182.275821 5079575.33118 1477115300.0
535182.108603 5079577.44128 1477115319.0
535180.218086 5079582.31928 1477115323.0
535178.582516 5079596.97622 1477115338.0
535182.631111 5079608.44332 1477115351.0
535191.351072 5079617.38146 1477115362.0
535202.652482 5079622.77884 1477115373.0
535215.219068 5079624.07244 1477115385.0
535223.977492 5079626.23328 1477115395.0
535237.520194 5079633.31008 1477115412.0
535246.435089 5079635.24962 1477115424.0
535258.064581 5079637.53795 1477115440.0
535266.754843 5079638.03184 1477115453.0
535277.702243 5079637.42752 1477115469.0
535286.923781 5079640.03551 1477115481.0
535298.223169 5079645.76638 1477115496.0
535310.765628 5079651.28213 1477115511.0
535315.699361 5079657.19897 1477115546.0
535316.388387 5079658.86951 1477115570.0
535317.863685 5079658.76682 1477115575.0
535325.913364 5079662.70148 1477115585.0
535329.314438 5079665.16525 1477115589.0
535334.957439 5079669.19731 1477115595.0
535340.917859 5079672.009 1477115602.0
535356.223887 5079682.87379 1477115617.0
535374.904671 5079687.20253 1477115636.0
535385.307432 5079686.8175 1477115650.0
535399.956724 5079690.34553 1477115672.0
535408.706737 5079693.95099 1477115690.0
535412.262353 5079696.52679 1477115696.0
535415.190072 5079700.32119 1477115699.0
535425.533096 5079710.38003 1477115715.0
535435.870367 5079721.43883 1477115734.0
535452.541306 5079724.3119 1477115754.0
535456.335448 5079725.88912 1477115759.0
535467.633253 5079731.84251 1477115778.0
535468.642223 5079731.84828 1477115779.0
535469.310208 5079737.18528 1477115788.0
535479.672171 5079743.91109 1477115806.0
535483.778019 5079745.2679 1477115812.0
535487.208866 5079756.06501 1477115840.0
535485.088503 5079760.38607 1477115880.0
535483.304684 5079760.15364 1477115908.0
535483.99938 5079760.82427 1477115944.0
535497.145156 5079769.34377 1477115965.0
535510.328469 5079771.30816 1477115979.0
535527.788109 5079771.9638 1477115995.0
535539.558448 5079776.69784 1477116011.0
535551.120797 5079777.0975 1477116023.0
535566.455539 5079782.85202 1477116039.0
535586.579493 5079779.07881 1477116056.0
535596.244025 5079785.57859 1477116077.0
535610.168912 5079793.54727 1477116097.0
535621.096274 5079796.38779 1477116117.0
535628.319964 5079795.42936 1477116135.0
535634.272463 5079799.57458 1477116155.0
535642.977815 5079797.4025 1477116171.0
535658.193651 5079796.82342 1477116192.0
535672.446593 5079788.23905 1477116210.0
535680.488657 5079779.95227 1477116231.0
535681.885041 5079780.07142 1477116233.0
535699.12205 5079778.94854 1477116250.0
535705.920571 5079784.432 1477116259.0
535710.010333 5079788.56657 1477116265.0
535722.766402 5079797.30653 1477116280.0
535733.5513 5079797.92426 1477116296.0
535739.984783 5079799.40578 1477116311.0
535742.983456 5079804.31183 1477116326.0
535744.111099 5079810.65148 1477116340.0
535749.661342 5079817.23888 1477116354.0
535761.346122 5079823.30614 1477116372.0
535769.458809 5079829.68613 1477116388.0
535770.777569 5079829.80486 1477116390.0
535783.697675 5079836.99038 1477116405.0
535794.939824 5079839.05527 1477116422.0
535806.61617 5079846.56697 1477116440.0
535825.164066 5079846.89642 1477116457.0
535834.20686 5079840.06003 1477116473.0
535845.604212 5079842.12591 1477116495.0
535855.9328 5079854.51866 1477116510.0
535861.121197 5079856.54864 1477116517.0
535874.067522 5079859.17907 1477116532.0
535884.24917 5079870.12662 1477116548.0
535889.295568 5079883.2666 1477116565.0
535898.952542 5079890.989 1477116586.0
535907.526801 5079898.03849 1477116604.0
535914.371702 5079908.85564 1477116622.0
535919.718139 5079923.77511 1477116638.0
535932.391513 5079933.29279 1477116656.0
535941.810367 5079941.90274 1477116671.0
535944.56373 5079948.91852 1477116688.0
535947.286141 5079961.26731 1477116704.0
535953.288797 5079970.07967 1477116723.0
535956.156727 5079984.09593 1477116741.0
535958.160397 5079986.55193 1477116744.0
535969.358352 5079996.17223 1477116758.0
535981.838037 5079998.9113 1477116774.0
535995.446856 5079994.32382 1477116786.0
536015.314964 5079994.4393 1477116804.0
536025.962367 5079991.94572 1477116821.0
536039.866808 5079989.91555 1477116838.0
536041.713284 5079992.70399 1477116859.0
536047.076766 5079991.29079 1477116868.0
536049.861022 5079992.97361 1477116871.0
536065.194778 5079998.72937 1477116888.0
536082.185489 5079999.82829 1477116907.0
536093.802997 5080004.00696 1477116923.0
536104.489175 5080008.18023 1477116940.0
536110.333105 5080017.54737 1477116957.0
536119.292406 5080025.04384 1477116978.0
536132.796445 5080025.12259 1477116998.0
536147.643832 5080021.09821 1477117013.0
536158.022749 5080024.71424 1477117030.0
536164.982302 5080029.08808 1477117046.0
536172.298101 5080038.9083 1477117066.0
536178.389651 5080045.72147 1477117084.0
536188.246015 5080045.77904 1477117100.0
536199.738015 5080044.84621 1477117121.0
536214.713989 5080045.37817 1477117138.0
536224.947355 5080047.32684 1477117154.0
536228.122182 5080048.5676 1477117175.0
536228.50503 5080049.4587 1477117197.0
536226.626817 5080052.11431 1477117236.0
536224.616777 5080050.76926 1477117258.0
536225.212312 5080055.10596 1477117285.0
536234.050645 5080056.71316 1477117300.0
536245.755308 5080059.22601 1477117316.0
536257.062161 5080063.40318 1477117335.0
536265.095117 5080070.00558 1477117356.0
536269.30571 5080079.91885 1477117370.0
536273.226022 5080086.38607 1477117386.0
536277.000869 5080091.18583 1477117398.0
536281.639165 5080094.32402 1477117416.0
536279.553019 5080105.97815 1477117444.0
536282.586424 5080118.1067 1477117460.0
536283.283113 5080131.66596 1477117475.0
536281.330547 5080133.76558 1477117493.0
536280.865549 5080133.65175 1477117497.0
536279.065598 5080136.1967 1477117500.0
536268.391664 5080143.24511 1477117518.0
536268.231244 5080144.13304 1477117554.0
536265.998176 5080141.12004 1477117585.0
536265.53513 5080140.6729 1477117618.0
536265.846213 5080140.56361 1477117660.0
536265.767304 5080140.78537 1477117703.0
536267.169451 5080139.90471 1477117730.0
536278.790953 5080130.08414 1477117749.0
536283.122691 5080132.55389 1477117775.0
536288.6589 5080128.142 1477117786.0
536294.230919 5080117.61937 1477117805.0
536301.876247 5080110.88657 1477117818.0
536297.314142 5080094.74917 1477117838.0
536297.108658 5080090.08142 1477117844.0
536297.437183 5080073.75046 1477117863.0
536297.805558 5080063.864 1477117880.0
536302.427458 5080056.55795 1477117897.0
536309.30329 5080048.70957 1477117913.0
536309.683407 5080036.82323 1477117928.0
536317.548651 5080032.31391 1477117946.0
536321.144087 5080028.00177 1477117965.0
536327.224332 5080023.48199 1477117979.0
536327.696505 5080022.37368 1477118014.0
536328.57171 5080018.71225 1477118039.0
536324.423142 5080011.46589 1477118064.0
536318.520808 5079998.87607 1477118085.0
536316.179387 5079987.86265 1477118104.0
536316.282398 5079983.53004 1477118127.0
536316.998474 5079980.53432 1477118151.0
536316.488422 5079974.86481 1477118172.0
536315.067238 5079965.74562 1477118190.0
536316.743947 5079957.75567 1477118202.0
536317.193225 5079947.31414 1477118217.0
536315.437494 5079942.30399 1477118226.0
536320.396001 5079930.5556 1477118241.0
536325.204517 5079917.91747 1477118258.0
536330.164365 5079905.94689 1477118273.0
536332.971972 5079890.40822 1477118291.0
536339.630832 5079879.89201 1477118307.0
536353.05038 5079867.97108 1477118324.0
536364.906009 5079858.04093 1477118339.0
536370.837752 5079852.40924 1477118347.0
536379.143525 5079839.01393 1477118363.0
536387.496275 5079830.84099 1477118376.0
536393.552669 5079817.21027 1477118396.0
536395.829527 5079812.77933 1477118413.0
536393.449006 5079808.43213 1477118427.0
536396.997036 5079799.00879 1477118443.0
536398.594322 5079791.35171 1477118458.0
536398.37069 5079776.57303 1477118473.0
536395.798439 5079765.22489 1477118489.0
536395.017149 5079752.88731 1477118504.0
536393.861441 5079751.43612 1477118506.0
536388.357496 5079737.07085 1477118520.0
536385.460401 5079728.16519 1477118531.0
536385.860212 5079726.16759 1477118533.0
536384.843446 5079714.27306 1477118548.0
536382.323963 5079707.14735 1477118555.0
536369.19686 5079695.62615 1477118574.0
536367.889821 5079693.50742 1477118576.0
536363.022323 5079676.47932 1477118590.0
536361.702872 5079663.24972 1477118604.0
536360.552336 5079647.68784 1477118619.0
536359.547241 5079633.79344 1477118634.0
536360.30315 5079624.02037 1477118644.0
536362.882686 5079620.92449 1477118648.0
536366.490778 5079614.5014 1477118666.0
536364.463656 5079602.82316 1477118681.0
536363.557044 5079585.37388 1477118698.0
536363.992722 5079577.26555 1477118706.0
536360.256092 5079565.9106 1477118719.0
536363.210016 5079551.92833 1477118733.0
536364.993851 5079538.93916 1477118748.0
536366.128726 5079530.72383 1477118759.0
536367.228378 5079515.28627 1477118774.0
536363.659335 5079501.82125 1477118791.0
536370.078631 5079492.52586 1477118809.0
536386.358469 5079482.73283 1477118826.0
536398.795995 5079479.58376 1477118839.0
536403.000982 5079477.27519 1477118842.0
536411.798395 5079472.77146 1477118851.0
536420.541715 5079464.26753 1477118866.0
536426.057057 5079463.5222 1477118884.0
536428.79519 5079459.87173 1477118914.0
536432.474525 5079454.56018 1477118935.0
536433.434017 5079449.78818 1477118951.0
536433.95721 5079440.01375 1477118982.0
536434.940225 5079431.242 1477118994.0
536444.704419 5079420.74416 1477119009.0
536448.502584 5079408.43352 1477119023.0
536450.227318 5079392.333 1477119040.0
536452.539831 5079368.6806 1477119059.0
536459.027386 5079347.83047 1477119077.0
536473.411765 5079330.47117 1477119096.0
536489.440361 5079323.89906 1477119111.0
536506.515996 5079310.8889 1477119126.0
536522.838126 5079307.20742 1477119143.0
536536.347665 5079306.62042 1477119155.0
536553.735509 5079306.50075 1477119169.0
536558.124363 5079312.52648 1477119198.0
536560.772565 5079310.98659 1477119219.0
536559.95023 5079305.64856 1477119239.0
536566.852372 5079306.68926 1477119268.0
536573.747954 5079308.84101 1477119284.0
536574.419631 5079313.4004 1477119307.0
536562.04724 5079305.43871 1477119319.0
536565.564986 5079301.23737 1477119347.0
536564.259239 5079298.89639 1477119375.0
536560.469041 5079296.65187 1477119391.0
536559.836948 5079298.53698 1477119433.0
536561.216382 5079301.54503 1477119456.0
536559.03913 5079302.19883 1477119483.0
536558.809552 5079301.64194 1477119497.0
536556.102081 5079300.07045 1477119543.0
536552.090823 5079295.82468 1477119595.0
536556.336248 5079299.84962 1477119637.0
536559.125926 5079300.64383 1477119693.0
536557.572245 5079300.85688 1477119740.0
536559.033886 5079303.08767 1477119759.0
536561.034922 5079305.98828 1477119787.0
536561.65718 5079305.76974 1477119790.0
536571.422024 5079308.38285 1477119804.0
536576.391571 5079308.07886 1477119815.0
536578.567511 5079307.64727 1477119817.0
536593.688671 5079310.18093 1477119835.0
536607.941576 5079315.15388 1477119851.0
536620.75517 5079314.11851 1477119865.0
536637.689112 5079311.99646 1477119884.0
536658.509246 5079309.00858 1477119902.0
536670.283576 5079313.07814 1477119918.0
536685.480333 5079315.9458 1477119940.0
536691.428655 5079320.75866 1477119949.0
536703.702832 5079332.16438 1477119964.0
536708.634848 5079338.19343 1477119984.0
536709.64125 5079338.64382 1477119985.0
536712.661113 5079339.8839 1477119988.0
536718.27785 5079348.25029 1477119996.0
536728.421433 5079352.42141 1477120007.0
536740.835025 5079353.38387 1477120021.0
536746.497176 5079354.08409 1477120029.0
536762.933048 5079357.40372 1477120040.0
536779.722241 5079353.50347 1477120053.0
536783.995182 5079352.86219 1477120056.0
536801.021215 5079348.29675 1477120072.0
536816.423237 5079342.72174 1477120088.0
536830.186061 5079338.69253 1477120102.0
536844.983706 5079330.33629 1477120119.0
536855.156675 5079316.50828 1477120137.0
536869.850343 5079312.59581 1477120153.0
536879.012621 5079312.0948 1477120161.0
536891.160121 5079305.61173 1477120174.0
536897.742927 5079295.09566 1477120190.0
536899.951316 5079289.22008 1477120211.0
536902.664461 5079276.79214 1477120226.0
536903.226983 5079273.57335 1477120229.0
536907.018205 5079262.59624 1477120242.0
536919.995809 5079260.11806 1477120256.0
536923.644567 5079260.0287 1477120260.0
536935.635652 5079253.767 1477120275.0
536947.326223 5079245.83692 1477120294.0
536958.056896 5079242.67878 1477120307.0
536968.803489 5079236.85416 1477120321.0
536972.07676 5079234.65153 1477120326.0
536976.671553 5079232.12346 1477120331.0
536987.662979 5079224.30038 1477120345.0
536996.000771 5079218.90586 1477120353.0
537002.043826 5079207.83114 1477120366.0
537013.788296 5079203.90139 1477120378.0
537022.905656 5079197.95603 1477120386.0
537027.138954 5079190.98151 1477120396.0
537042.72471 5079180.74161 1477120415.0
537050.302352 5079172.67603 1477120429.0
537066.503174 5079163.43984 1477120445.0
537083.509994 5079162.2083 1477120462.0
537086.103382 5079156.89063 1477120473.0
537086.379285 5079162.6699 1477120490.0
537093.69089 5079160.15818 1477120528.0
537097.412675 5079160.84711 1477120568.0
537099.5754 5079162.63779 1477120583.0
537100.078829 5079169.30729 1477120598.0
537110.225119 5079173.03461 1477120614.0
537115.873422 5079176.06836 1477120620.0
537118.57615 5079178.41782 1477120623.0
537122.055077 5079180.77193 1477120630.0
537124.379685 5079181.45251 1477120632.0
537127.711356 5079182.47244 1477120635.0
537140.246513 5079189.10294 1477120648.0
537140.943761 5079189.32933 1477120649.0
537157.805282 5079186.43051 1477120664.0
537162.942861 5079184.01694 1477120669.0
537172.32622 5079185.51763 1477120682.0
537173.410234 5079185.96856 1477120683.0
537184.185414 5079188.36648 1477120696.0
537187.373167 5079187.49675 1477120708.0
537192.670666 5079184.30641 1477120726.0
537194.142112 5079184.87078 1477120763.0
537196.075943 5079185.99347 1477120765.0
537208.659286 5079197.51316 1477120783.0
537211.051491 5079199.86079 1477120786.0
537214.673599 5079204.21576 1477120790.0
537225.115559 5079210.38943 1477120804.0
537237.704808 5079220.90924 1477120819.0
537243.515591 5079222.72189 1477120828.0
537260.22997 5079231.3777 1477120846.0
537272.847855 5079237.12011 1477120863.0
537285.806948 5079237.75361 1477120875.0
537290.936512 5079236.6734 1477120880.0
537309.397865 5079225.89594 1477120898.0
537322.702256 5079220.75397 1477120910.0
537337.43261 5079210.84298 1477120927.0
537338.453047 5079208.96029 1477120929.0
537340.929561 5079197.30886 1477120939.0
537337.717768 5079176.40118 1477120957.0
537337.90916 5079170.40249 1477120963.0
537330.095645 5079153.13365 1477120978.0
537328.572036 5079135.45828 1477120993.0
537328.675759 5079131.12569 1477120996.0
537326.721201 5079120.55864 1477121004.0
537327.365593 5079116.67374 1477121007.0
537324.359802 5079100.21163 1477121020.0
537325.609782 5079085.99731 1477121035.0
537333.367249 5079073.93326 1477121046.0
537338.375858 5079067.18584 1477121052.0
537348.262584 5079062.46777 1477121066.0
537351.685969 5079061.15511 1477121069.0
537368.827038 5079050.59208 1477121086.0
537379.403148 5079034.54518 1477121102.0
537379.902511 5079016.10425 1477121119.0
537380.124775 5079004.99478 1477121136.0
537378.287423 5078987.87304 1477121157.0
537375.570076 5078975.07922 1477121172.0
537374.045097 5078970.51459 1477121178.0
537379.568491 5078955.65941 1477121195.0
537386.434295 5078937.03467 1477121210.0
537388.71419 5078932.27078 1477121215.0
537393.397874 5078915.07728 1477121230.0
537395.416903 5078902.08981 1477121247.0
537395.590252 5078899.09094 1477121249.0
537397.70971 5078882.32641 1477121262.0
537401.000756 5078877.23529 1477121267.0
537410.004635 5078864.51221 1477121281.0
537410.781726 5078851.51725 1477121294.0
537411.184603 5078849.07531 1477121296.0
537413.367656 5078834.64443 1477121310.0
537417.022904 5078820.66688 1477121327.0
537417.533597 5078813.22572 1477121345.0
537425.028509 5078806.16006 1477121383.0
537425.486877 5078807.38502 1477121396.0
537419.472202 5078813.57075 1477121445.0
537418.143861 5078815.00714 1477121471.0
537418.225511 5078814.34098 1477121481.0
537415.00418 5078807.87726 1477121499.0
537415.70951 5078806.77044 1477121525.0
537418.88743 5078807.56738 1477121555.0
537415.882872 5078803.77157 1477121573.0
537408.518747 5078789.17195 1477121590.0
537398.334602 5078778.77743 1477121604.0
537389.227122 5078770.05605 1477121615.0
537386.573914 5078759.48477 1477121627.0
537385.636501 5078747.59055 1477121641.0
537387.488915 5078736.49092 1477121655.0
537390.569942 5078727.62086 1477121669.0
537398.500509 5078725.55766 1477121680.0
537413.620279 5078715.64919 1477121698.0
537421.189574 5078709.13952 1477121708.0
537429.950118 5078698.19272 1477121721.0
537445.391251 5078686.50854 1477121739.0
537447.951154 5078673.9688 1477121755.0
537452.503173 5078665.77431 1477121775.0
537458.141977 5078657.58639 1477121805.0
537460.125623 5078650.48746 1477121826.0
537458.43328 5078647.92175 1477121852.0
537455.065113 5078652.90125 1477121883.0
537458.038431 5078649.03044 1477121909.0
537462.545763 5078635.39139 1477121926.0
537464.528077 5078628.51467 1477121935.0
537464.446703 5078616.29229 1477121955.0
537467.203282 5078609.75358 1477121971.0
537472.686901 5078601.56474 1477121984.0
537473.469221 5078600.56949 1477121985.0
537475.891793 5078597.91755 1477121988.0
537478.900088 5078588.26934 1477122003.0
537482.511942 5078581.51359 1477122022.0
537486.74953 5078573.98387 1477122039.0
537494.845664 5078570.25517 1477122057.0
537502.484781 5078565.07931 1477122070.0
537515.871063 5078559.49382 1477122086.0
537523.830813 5078552.6533 1477122102.0
537531.583263 5078541.58944 1477122116.0
537541.461315 5078525.6497 1477122134.0
537551.019479 5078511.26356 1477122150.0
537557.381446 5078499.08022 1477122165.0
537577.21784 5078492.42286 1477122182.0
537590.260813 5078492.27974 1477122195.0
537605.610974 5078482.92867 1477122212.0
537621.433698 5078472.46943 1477122228.0
537642.573747 5078468.48679 1477122245.0
537649.280889 5078463.41656 1477122253.0
537652.713436 5078447.88228 1477122271.0
537656.722483 5078439.68464 1477122288.0
537663.111061 5078423.16835 1477122306.0
537668.805731 5078405.8701 1477122324.0
537670.074169 5078388.76716 1477122343.0
537670.217976 5078377.87945 1477122364.0
537668.885456 5078367.20497 1477122386.0
537670.758738 5078352.77231 1477122403.0
537674.315591 5078342.34977 1477122419.0
537675.856758 5078331.47055 1477122438.0
537682.755136 5078320.51278 1477122456.0
537685.57079 5078317.08555 1477122461.0
537695.022918 5078307.47663 1477122475.0
537695.960648 5078293.70493 1477122492.0
537700.083971 5078279.50818 1477122508.0
537702.964532 5078265.41497 1477122526.0
537710.318005 5078256.23774 1477122543.0
537714.986047 5078254.59952 1477122551.0
537727.479343 5078255.56442 1477122569.0
537734.568024 5078264.38511 1477122582.0
537747.150927 5078276.12807 1477122597.0
537760.341296 5078290.09692 1477122615.0
537767.604109 5078295.80769 1477122630.0
537769.366607 5078299.5961 1477122633.0
537777.378624 5078309.75576 1477122647.0
537791.133269 5078320.28377 1477122668.0
537801.697552 5078332.01455 1477122685.0
537803.167793 5078332.80127 1477122686.0
537819.015988 5078331.00911 1477122701.0
537824.620998 5078328.48783 1477122723.0
537830.906379 5078328.97062 1477122744.0
537834.452302 5078333.10327 1477122760.0
537834.003472 5078330.32282 1477122784.0
537832.303055 5078329.09026 1477122804.0
537829.36936 5078326.40575 1477122828.0
537829.927016 5078324.07589 1477122851.0
537829.696158 5078323.74115 1477122880.0
537829.472081 5078322.29538 1477122895.0
537830.416536 5078320.19009 1477122897.0
537837.689113 5078311.56805 1477122908.0
537845.222418 5078298.39218 1477122924.0
537850.702737 5078290.8703 1477122936.0
537852.341815 5078289.4359 1477122938.0
537856.119688 5078281.01476 1477122945.0
537865.236922 5078262.73761 1477122961.0
537876.736354 5078248.47493 1477122978.0
537881.644133 5078245.72722 1477122984.0
537889.890766 5078242.88882 1477122994.0
537905.692162 5078236.09673 1477123010.0
537906.704775 5078235.54738 1477123011.0
537909.075185 5078228.78428 1477123021.0
537908.315852 5078226.00194 1477123023.0
537909.465217 5078215.78702 1477123034.0
537923.016047 5078208.8701 1477123047.0
537923.949674 5078208.54249 1477123048.0
537927.60859 5078206.89826 1477123051.0
537935.145045 5078205.94441 1477123058.0
537959.918606 5078204.65167 1477123078.0
537971.374803 5078197.49981 1477123095.0
537973.483812 5078195.40168 1477123099.0
537977.01199 5078189.75678 1477123116.0
537977.878882 5078187.65104 1477123136.0
537975.635706 5078186.304 1477123155.0
537972.456854 5078185.61788 1477123173.0
537972.831404 5078187.84233 1477123212.0
537972.045549 5078189.39303 1477123244.0
537972.836168 5078187.0646 1477123282.0
537972.676139 5078187.84138 1477123325.0
537972.445283 5078187.50664 1477123360.0
537972.29274 5078187.06127 1477123388.0
537973.992489 5078188.40499 1477123405.0
537977.103918 5078187.42408 1477123408.0
537982.948147 5078183.90443 1477123423.0
537988.846864 5078184.16279 1477123432.0
537996.452136 5078184.65384 1477123443.0
537999.55131 5078185.67281 1477123459.0
538005.514033 5078188.15375 1477123465.0
538013.578962 5078189.64761 1477123476.0
538024.44411 5078190.26979 1477123487.0
538026.616458 5078190.50534 1477123489.0
538030.730983 5078190.53058 1477123493.0
538035.082495 5078189.89063 1477123497.0
538038.191888 5078189.24306 1477123503.0
538053.705566 5078178.78302 1477123520.0
538054.565664 5078177.78832 1477123521.0
538055.694132 5078171.01766 1477123529.0
538055.033636 5078164.79155 1477123544.0
538049.954199 5078157.53834 1477123562.0
538046.021515 5078153.18098 1477123570.0
538042.014601 5078148.26763 1477123575.0
538036.610285 5078143.34571 1477123580.0
538020.818106 5078135.91568 1477123595.0
538019.510608 5078133.90772 1477123597.0
538011.274709 5078122.30197 1477123612.0
538002.568209 5078111.47109 1477123630.0
537996.174343 5078103.32101 1477123646.0
537994.468447 5078102.97723 1477123664.0
537982.427723 5078091.4593 1477123680.0
537971.800019 5078077.39457 1477123697.0
537970.181276 5078075.49581 1477123699.0
537961.830148 5078070.00037 1477123712.0
537953.76633 5078055.61805 1477123729.0
537945.126388 5078046.5654 1477123744.0
537930.708157 5078042.92169 1477123761.0
537918.877673 5078035.07175 1477123776.0
537918.179642 5078034.95637 1477123777.0
537915.45344 5078023.71778 1477123790.0
537919.402457 5078012.74224 1477123804.0
537919.728474 5077997.52243 1477123820.0
537914.737927 5077988.38104 1477123838.0
537910.927522 5077976.69139 1477123849.0
537912.667434 5077971.47995 1477123854.0
537914.87452 5077966.04915 1477123858.0
537915.866464 5077943.50029 1477123875.0
537915.80242 5077941.27773 1477123877.0
537916.866051 5077932.3956 1477123885.0
537917.65736 5077929.95606 1477123887.0
537915.609443 5077922.05486 1477123899.0
537909.382087 5077912.01705 1477123910.0
537905.841402 5077906.99554 1477123915.0
537899.106083 5077903.84333 1477123923.0
537894.773403 5077901.37247 1477123927.0
537886.41586 5077896.87706 1477123937.0
537876.465961 5077886.14988 1477123953.0
537879.667381 5077883.16953 1477123966.0
537881.309966 5077881.17962 1477123968.0
537883.860872 5077870.30662 1477123980.0
537885.153982 5077861.98142 1477123989.0
537888.554153 5077851.89137 1477124006.0
537886.012282 5077835.87628 1477124023.0
537885.750623 5077827.87491 1477124030.0
537890.953446 5077815.01818 1477124040.0
537893.065056 5077799.80928 1477124051.0
537892.340975 5077791.24954 1477124059.0
537886.756955 5077777.54912 1477124074.0
537884.153259 5077771.64449 1477124080.0
537886.78117 5077760.88307 1477124098.0
537890.273518 5077761.12663 1477124126.0
537889.999636 5077755.12512 1477124153.0
537889.941012 5077752.01374 1477124155.0
537885.921257 5077736.43405 1477124168.0
537878.923388 5077725.3916 1477124181.0
537882.006276 5077716.41069 1477124195.0
537882.734895 5077711.52639 1477124203.0
537885.960173 5077704.6574 1477124209.0
537886.755338 5077688.88493 1477124227.0
537889.980631 5077682.01594 1477124233.0
537892.285129 5077673.3636 1477124245.0
537892.531628 5077671.14295 1477124247.0
537901.167017 5077655.64062 1477124266.0
537907.717734 5077638.23672 1477124286.0
537909.060514 5077621.80094 1477124301.0
537915.421353 5077610.0624 1477124316.0
537916.535491 5077605.62489 1477124320.0
537919.280748 5077601.08625 1477124324.0
537921.254367 5077595.76514 1477124330.0
537920.951116 5077581.87479 1477124343.0
537921.267793 5077580.87675 1477124344.0
537924.815293 5077572.12092 1477124356.0
537925.012033 5077565.34454 1477124363.0
537926.27331 5077562.24123 1477124366.0
537928.622234 5077559.03347 1477124369.0
537931.603161 5077554.05185 1477124374.0
537931.928678 5077551.60946 1477124376.0
537932.763546 5077542.05929 1477124385.0
537935.254706 5077528.29714 1477124402.0
537935.972509 5077525.19051 1477124416.0
537936.427339 5077514.30471 1477124427.0
537935.251027 5077503.52004 1477124442.0
537935.420586 5077501.18781 1477124456.0
537934.733372 5077499.29477 1477124477.0
537934.159829 5077491.5137 1477124490.0
537936.802352 5077491.08544 1477124492.0
537943.721947 5077489.57227 1477124497.0
537950.115058 5077485.27819 1477124507.0
537947.059163 5077489.81491 1477124520.0
537943.088577 5077491.56834 1477124523.0
537935.000287 5077493.741 1477124529.0
537933.613621 5077491.95479 1477124531.0
537921.359891 5077489.65767 1477124545.0
537916.699374 5077489.96249 1477124549.0
537906.908418 5077491.23591 1477124558.0
537904.651386 5077492.11097 1477124560.0
537892.363014 5077495.4802 1477124575.0
537886.654905 5077489.33438 1477124588.0
537889.541893 5077487.01875 1477124611.0
537886.983124 5077486.44758 1477124636.0
537885.603232 5077483.55034 1477124660.0
537887.927483 5077471.67599 1477124678.0
537884.877493 5077462.5465 1477124692.0
537883.422668 5077459.20437 1477124695.0
537886.333432 5077453.00011 1477124710.0
537900.423481 5077459.75271 1477124726.0
537907.718402 5077460.35285 1477124745.0
537909.382845 5077454.80763 1477124762.0
537908.893021 5077446.0271 1477124777.0
537919.403212 5077441.42484 1477124795.0
537919.684385 5077433.5379 1477124820.0
537922.36227 5077427.33223 1477124830.0
537920.844765 5077421.54533 1477124837.0
537925.15858 5077414.46081 1477124855.0
537920.384174 5077407.98735 1477124879.0
537919.525352 5077408.75985 1477124898.0
537919.120655 5077398.75766 1477124912.0
537929.575041 5077390.59962 1477124931.0
537930.602067 5077387.71709 1477124952.0
537929.566048 5077379.37766 1477124964.0
537922.648882 5077367.78012 1477124984.0
537922.347145 5077366.33387 1477124985.0
537909.25044 5077349.47648 1477125001.0
537902.861083 5077340.43767 1477125018.0
537906.871152 5077332.2402 1477125036.0
537906.688489 5077324.0171 1477125051.0
537905.515479 5077312.67691 1477125069.0
537904.586263 5077299.5605 1477125088.0
537902.61643 5077291.54868 1477125098.0
537898.050163 5077276.41009 1477125112.0
537894.785489 5077264.27937 1477125125.0
537894.485098 5077262.61092 1477125126.0
537891.39471 5077247.37025 1477125142.0
537881.127069 5077237.64112 1477125154.0
537880.443881 5077235.08146 1477125156.0
537880.310313 5077231.52519 1477125158.0
537890.411329 5077217.69842 1477125172.0
537891.287828 5077214.03722 1477125175.0
537892.518362 5077203.26727 1477125190.0
537896.465798 5077192.62504 1477125208.0
537898.036355 5077189.74583 1477125239.0
537898.626728 5077182.08299 1477125260.0
537894.910625 5077180.28255 1477125284.0
537894.399024 5077175.05735 1477125325.0
537895.160303 5077164.84008 1477125343.0
537898.402165 5077155.30461 1477125358.0
537901.795254 5077146.43672 1477125367.0
537904.533905 5077143.00912 1477125370.0
537910.689445 5077126.825 1477125386.0
537913.998127 5077119.06767 1477125400.0
537909.647029 5077106.8192 1477125415.0
537905.242041 5077090.68163 1477125431.0
537898.654098 5077075.97511 1477125448.0
537891.499512 5077065.04281 1477125466.0
537881.092561 5077052.64625 1477125486.0
537874.021672 5077040.71451 1477125505.0
537875.844598 5077021.94842 1477125524.0
537878.857632 5077011.7449 1477125539.0
537880.347184 5077009.42073 1477125542.0
537888.345027 5076984.02589 1477125562.0
537886.764662 5076975.79425 1477125571.0
537887.743277 5076968.13379 1477125577.0
537885.252853 5076956.34114 1477125591.0
537883.659579 5076950.22047 1477125598.0
537879.065851 5076939.52605 1477125612.0
537876.13869 5076922.9531 1477125630.0
537866.501166 5076911.67235 1477125646.0
537863.332501 5076909.20863 1477125649.0
537850.739533 5076898.68761 1477125661.0
537842.272082 5076886.52517 1477125675.0
537839.587593 5076881.0645 1477125681.0
537838.60627 5076863.72569 1477125698.0
537841.971949 5076846.63562 1477125716.0
537845.624511 5076833.43608 1477125733.0
537853.763136 5076823.15273 1477125751.0
537857.604597 5076817.17636 1477125777.0
537857.311308 5076801.61947 1477125791.0
537857.319448 5076800.28622 1477125792.0
537855.818675 5076791.72176 1477125814.0
537857.828433 5076780.51214 1477125828.0
537852.936815 5076767.70488 1477125846.0
537856.605722 5076751.83885 1477125867.0
537857.415463 5076746.39951 1477125882.0
537860.081716 5076729.41629 1477125900.0
537871.519835 5076712.93107 1477125918.0
537872.855212 5076697.71746 1477125938.0
537875.787345 5076688.06898 1477125957.0
537880.948304 5076682.21179 1477125974.0
537886.239189 5076667.8001 1477125990.0
537895.009492 5076655.85404 1477126006.0
537897.098371 5076644.4227 1477126024.0
537898.562646 5076633.54308 1477126040.0
537899.494903 5076620.77138 1477126057.0
537903.313203 5076605.90627 1477126079.0
537904.018187 5076604.91061 1477126081.0
537906.137658 5076588.47961 1477126101.0
537906.965797 5076580.04048 1477126120.0
537905.64638 5076579.92131 1477126121.0
537895.415913 5076576.63666 1477126138.0
537888.299013 5076572.14886 1477126160.0
537881.02476 5076567.99343 1477126179.0
537875.433756 5076567.95928 1477126196.0
537865.074722 5076573.00698 1477126212.0
537851.425131 5076582.81225 1477126233.0
537842.500185 5076594.64632 1477126250.0
537838.085211 5076605.50794 1477126265.0
537816.88314 5076618.60044 1477126281.0
537806.633049 5076618.53794 1477126287.0
537791.013445 5076620.33157 1477126300.0
537776.011008 5076622.79564 1477126314.0
537754.780856 5076627.77731 1477126333.0
537745.124386 5076619.49656 1477126349.0
537732.942546 5076605.08952 1477126370.0
537728.983708 5076592.06582 1477126387.0
537727.363819 5076590.27824 1477126405.0
537723.340755 5076587.8094 1477126421.0
537719.789009 5076584.45456 1477126441.0
537710.614514 5076586.2876 1477126461.0
537697.697182 5076577.87598 1477126476.0
537689.771878 5076565.82817 1477126493.0
537681.756739 5076555.77977 1477126513.0
537674.986723 5076545.29451 1477126530.0
537666.405017 5076539.02034 1477126550.0
537664.556185 5076536.56474 1477126570.0
537658.615343 5076530.19553 1477126586.0
537650.696646 5076517.03673 1477126602.0
537640.462573 5076514.30802 1477126618.0
537628.002285 5076520.12112 1477126637.0
537611.35076 5076525.57549 1477126661.0
537596.632321 5076519.59754 1477126682.0
537589.874452 5076519.8899 1477126701.0
537582.905843 5076516.51443 1477126721.0
537569.477851 5076515.4331 1477126735.0
537558.996649 5076515.03629 1477126750.0
537548.740335 5076515.97415 1477126764.0
537547.098177 5076517.85304 1477126773.0
537544.834119 5076519.83927 1477126776.0
537538.236583 5076532.13229 1477126792.0
537532.024321 5076532.09469 1477126796.0
537521.250683 5076528.69627 1477126802.0
537504.661095 5076523.92939 1477126819.0
537491.65227 5076517.73981 1477126837.0
537482.298508 5076510.68348 1477126856.0
537481.602984 5076510.12374 1477126860.0
537471.162719 5076502.94976 1477126882.0
537463.353261 5076497.34719 1477126901.0
537455.473515 5076490.52203 1477126917.0
537452.36468 5076490.94768 1477126921.0
537442.209475 5076487.99756 1477126934.0
537436.803218 5076483.07619 1477126941.0
537424.939057 5076467.3384 1477126958.0
537416.192971 5076462.50799 1477126975.0
537413.333173 5076460.26859 1477126990.0
537409.495367 5076452.80122 1477127004.0
537401.85383 5076445.0887 1477127019.0
537393.644575 5076441.37264 1477127039.0
537385.624778 5076431.99125 1477127054.0
537382.323137 5076425.74932 1477127068.0
537376.283488 5076422.82412 1477127086.0
537369.185455 5076415.11491 1477127104.0
537370.773362 5076409.34688 1477127119.0
537370.399817 5076406.90026 1477127137.0
537374.010772 5076400.47778 1477127152.0
537369.928536 5076394.8978 1477127165.0
537360.329437 5076389.84012 1477127180.0
537344.360597 5076385.07742 1477127199.0
537337.393711 5076381.36892 1477127206.0
537324.833638 5076377.96009 1477127222.0
537316.849193 5076375.57878 1477127238.0
537315.843686 5076374.90609 1477127240.0
537304.700763 5076368.2837 1477127258.0
537290.224647 5076360.64132 1477127275.0
537283.003184 5076347.59831 1477127294.0
537276.498622 5076331.55972 1477127313.0
537270.00671 5076313.41016 1477127333.0
537269.411501 5076309.07338 1477127336.0
537265.997757 5076295.60885 1477127353.0
537256.125169 5076284.32766 1477127372.0
537246.40519 5076273.49185 1477127390.0
537244.557447 5076270.81417 1477127394.0
537235.859637 5076257.87346 1477127413.0
537223.194622 5076246.02003 1477127433.0
537211.494438 5076241.61662 1477127449.0
537200.65113 5076236.77395 1477127466.0
537192.168828 5076226.72339 1477127481.0
537183.282893 5076219.2259 1477127494.0
537170.148845 5076220.81379 1477127518.0
537167.351432 5076208.13076 1477127538.0
537156.673995 5076201.51144 1477127560.0
537149.661077 5076192.46971 1477127577.0
537142.732926 5076195.20591 1477127599.0
537132.343455 5076192.36601 1477127617.0
537120.368907 5076194.84981 1477127640.0
537111.443617 5076193.90753 1477127658.0
537099.809617 5076191.39357 1477127673.0
537095.391778 5076189.92274 1477127678.0
537080.526702 5076182.27854 1477127693.0
537071.329938 5076174.77936 1477127708.0
537070.256675 5076172.43968 1477127731.0
537070.599845 5076166.99746 1477127752.0
537056.718348 5076163.69239 1477127766.0
537046.241174 5076162.51873 1477127780.0
537035.73945 5076165.45591 1477127800.0
537032.720082 5076163.88238 1477127819.0
537031.325558 5076163.31851 1477127824.0
537020.995074 5076163.59017 1477127845.0
537011.224108 5076161.19859 1477127864.0
537001.856006 5076156.36507 1477127882.0
536992.312032 5076154.97485 1477127900.0
536983.777607 5076153.59067 1477127913.0
536979.291992 5076150.45291 1477127935.0
536976.019758 5076152.21112 1477127960.0
536968.800877 5076151.61255 1477127977.0
536958.212908 5076155.99375 1477128002.0
536945.780358 5076157.14187 1477128023.0
536937.004351 5076157.2007 1477128043.0
536929.526037 5076161.04494 1477128060.0
536925.057867 5076168.01811 1477128082.0
536923.889031 5076168.67779 1477128084.0
536902.260191 5076162.21594 1477128104.0
536889.180287 5076154.69393 1477128124.0
536883.150055 5076150.10266 1477128147.0
536881.754193 5076149.76103 1477128172.0
536887.345257 5076162.90497 1477128194.0
536884.805365 5076172.11179 1477128215.0
536875.533709 5076177.1676 1477128232.0
536864.563507 5076180.54672 1477128254.0
536852.353436 5076183.47407 1477128274.0
536848.334152 5076193.33875 1477128298.0
536842.430645 5076206.63659 1477128319.0
536839.2071 5076213.28389 1477128338.0
536834.393013 5076213.14419 1477128382.0
536830.58781 5076213.12159 1477128415.0
536828.887268 5076211.7782 1477128443.0
536829.264338 5076213.66927 1477128465.0
536827.729666 5076210.54915 1477128495.0
536832.716685 5076220.80065 1477128513.0
536832.925903 5076224.80177 1477128516.0
536836.314231 5076242.7102 1477128531.0
536841.124777 5076256.51611 1477128549.0
536835.702667 5076254.15064 1477128574.0
536838.040734 5076265.83082 1477128592.0
536849.088852 5076275.4517 1477128609.0
536858.779142 5076291.39766 1477128629.0
536871.040617 5076305.91452 1477128649.0
536877.733273 5076316.62063 1477128660.0
536889.85752 5076341.1364 1477128682.0
536893.697668 5076361.38082 1477128701.0
536893.215874 5076364.04453 1477128703.0
536897.769433 5076381.84883 1477128720.0
536897.110172 5076401.28873 1477128738.0
536897.714542 5076417.18071 1477128755.0
536892.935634 5076437.26275 1477128776.0
536884.804069 5076446.54742 1477128794.0
536883.512043 5076454.8728 1477128815.0
536879.466757 5076456.07093 1477128840.0
536887.777411 5076468.89772 1477128865.0
536882.471169 5076473.19936 1477128878.0
536880.586991 5076476.63249 1477128896.0
536864.636898 5076481.75971 1477128912.0
536853.55261 5076491.36019 1477128928.0
536849.715643 5076509.78125 1477128947.0
536849.429209 5076518.77926 1477128962.0
536848.037805 5076530.77061 1477128981.0
536837.897347 5076538.37679 1477128994.0
536834.833899 5076544.2473 1477129001.0
536816.044318 5076556.80199 1477129019.0
536812.497345 5076552.55884 1477129054.0
536805.263092 5076554.62695 1477129061.0
536795.327337 5076567.01204 1477129077.0
536785.923328 5076581.40023 1477129094.0
536787.640135 5076593.07671 1477129110.0
536788.865316 5076609.08347 1477129128.0
536781.963384 5076620.59772 1477129144.0
536778.129339 5076638.5744 1477129164.0
536776.589382 5076649.45381 1477129184.0
536774.421062 5076648.44099 1477129193.0
536771.886796 5076656.75903 1477129219.0
536762.266485 5076668.36829 1477129235.0
536751.803239 5076678.08374 1477129252.0
536747.619244 5076689.61413 1477129265.0
536738.852533 5076701.33959 1477129280.0
536729.897651 5076705.50863 1477129296.0
536721.341579 5076721.01302 1477129315.0
536714.327349 5076725.30469 1477129335.0
536704.075472 5076725.57732 1477129347.0
536694.105929 5076730.62927 1477129362.0
536686.764037 5076737.80782 1477129380.0
536677.170953 5076744.86196 1477129396.0
536674.596 5076746.95778 1477129416.0
536680.84166 5076754.43892 1477129444.0
536681.610278 5076755.77676 1477129472.0
536679.963847 5076758.4336 1477129495.0
536677.385613 5076761.08494 1477129514.0
536659.328698 5076768.08905 1477129532.0
536641.123745 5076773.87015 1477129548.0
536627.569957 5076781.01207 1477129562.0
536623.23096 5076792.54164 1477129574.0
536623.217837 5076794.76371 1477129576.0
536618.597357 5076814.51357 1477129594.0
536612.390219 5076826.80986 1477129614.0
536605.640872 5076838.88074 1477129632.0
536590.506091 5076850.79103 1477129654.0
536584.348861 5076854.64347 1477129670.0
536585.627599 5076861.65079 1477129684.0
536583.440316 5076863.86004 1477129686.0
536571.169474 5076877.34278 1477129705.0
536564.98018 5076886.63932 1477129722.0
536563.821688 5076898.74321 1477129747.0
536561.873267 5076899.95391 1477129761.0
536556.934542 5076894.70274 1477129769.0
536554.542206 5076905.35496 1477129788.0
536547.123031 5076912.53322 1477129803.0
536543.962093 5076921.84763 1477129821.0
536540.937472 5076934.38496 1477129838.0
536537.073138 5076944.47298 1477129855.0
536531.89993 5076952.66446 1477129870.0
536528.646332 5076964.5338 1477129885.0
536525.326878 5076974.40283 1477129902.0
536519.968314 5076987.70417 1477129922.0
536517.334626 5076999.79939 1477129940.0
536509.368805 5077007.53001 1477129954.0
536506.356722 5077017.95639 1477129976.0
536501.114469 5077024.70309 1477129995.0
536499.210393 5077031.58056 1477130017.0
536497.756506 5077041.12725 1477130035.0
536496.281043 5077054.34037 1477130051.0
536491.455017 5077069.53371 1477130068.0
536489.119579 5077083.74174 1477130082.0
536483.621581 5077094.37571 1477130095.0
536479.616524 5077102.01857 1477130108.0
536476.785317 5077108.11284 1477130125.0
536475.473701 5077119.88253 1477130142.0
536474.367576 5077136.31994 1477130160.0
536470.765815 5077141.40971 1477130166.0
536457.669098 5077150.2213 1477130181.0
536451.217341 5077151.40555 1477130186.0
536440.780856 5077156.78847 1477130201.0
536435.177332 5077158.97769 1477130214.0
536432.209835 5077161.84906 1477130218.0
536422.834964 5077171.57145 1477130234.0
536421.196584 5077172.89511 1477130236.0
536410.166409 5077186.82989 1477130257.0
536397.449619 5077197.08823 1477130275.0
536382.584246 5077203.0008 1477130294.0
536373.83002 5077212.83801 1477130310.0
536356.033757 5077215.40022 1477130326.0
536354.790913 5077228.72584 1477130342.0
536338.496802 5077239.9633 1477130362.0
536331.251792 5077244.03182 1477130377.0
536323.037309 5077254.53891 1477130394.0
536320.839192 5077258.63702 1477130403.0
536309.048569 5077269.90093 1477130423.0
536300.682123 5077279.85163 1477130441.0
536287.475784 5077294.21831 1477130458.0
536288.079375 5077297.22174 1477130461.0
536292.986782 5077307.80569 1477130476.0
536291.254166 5077325.23944 1477130494.0
536290.783755 5077326.01444 1477130495.0
536273.40496 5077336.9124 1477130513.0
536248.595887 5077343.76708 1477130532.0
536247.464066 5077351.42688 1477130539.0
536237.370204 5077364.70079 1477130554.0
536230.428835 5077369.99339 1477130562.0
536218.534983 5077385.70118 1477130578.0
536219.299725 5077387.70558 1477130586.0
536216.994874 5077396.80294 1477130605.0
536210.309196 5077398.20829 1477130609.0
536197.946551 5077401.136 1477130616.0
536187.51006 5077406.63046 1477130636.0
536178.031873 5077407.57511 1477130654.0
536172.356862 5077408.76418 1477130672.0
536167.628465 5077407.4033 1477130682.0
536154.024337 5077396.87984 1477130699.0
536147.697827 5077389.95428 1477130715.0
536144.967472 5077378.82761 1477130735.0
536139.321584 5077375.01704 1477130754.0
536131.189181 5077371.5253 1477130772.0
536127.423535 5077364.83691 1477130793.0
536121.072365 5077362.13332 1477130803.0
536121.161659 5077360.1339 1477130805.0
536118.922963 5077357.89871 1477130820.0
536119.836553 5077361.01504 1477130848.0
536119.980835 5077362.90471 1477130870.0
536112.413247 5077369.08265 1477130886.0
536112.176436 5077369.74792 1477130904.0
536101.991004 5077358.80006 1477130949.0
536101.920477 5077357.57747 1477130952.0
536105.992843 5077351.60137 1477130996.0
536106.93297 5077350.16245 1477131003.0
536117.386934 5077355.00096 1477131029.0
536115.663906 5077357.5464 1477131063.0
536118.011288 5077367.78197 1477131067.0
536121.223734 5077376.13376 1477131099.0
536121.295551 5077377.13414 1477131123.0
536117.694892 5077368.7801 1477131153.0
536118.609776 5077371.67422 1477131182.0
536115.878691 5077373.99157 1477131207.0
536118.759883 5077372.56396 1477131236.0
536119.926464 5077372.23743 1477131264.0
536120.944234 5077370.79896 1477131292.0
536120.550842 5077371.68553 1477131320.0
536120.071393 5077374.016 1477131350.0
536113.484713 5077371.75548 1477131381.0
536113.179967 5077370.75373 1477131389.0
536116.933351 5077366.22019 1477131420.0
536117.298911 5077370.11108 1477131447.0
536115.676829 5077368.65723 1477131478.0
536119.843643 5077373.12581 1477131508.0
536122.25186 5077372.91763 1477131542.0
536122.003397 5077375.58276 1477131574.0
536123.157031 5077377.47831 1477131605.0
536124.621882 5077379.26457 1477131640.0
536121.451483 5077377.02394 1477131666.0
536123.620944 5077377.81434 1477131677.0
536122.945465 5077373.81053 1477131706.0
536121.476081 5077372.802 1477131712.0
536117.456786 5077369.66757 1477131739.0
536119.700656 5077371.01393 1477131767.0
536120.948765 5077370.02124 1477131798.0
536125.656483 5077374.9374 1477131829.0
536129.813575 5077381.07254 1477131859.0
536120.744964 5077365.02021 1477131914.0
536119.286552 5077375.45582 1477132120.0
536120.96362 5077380.79876 1477132149.0
536123.603466 5077380.81414 1477132213.0
536121.732312 5077368.80362 1477132298.0
536103.63056 5077357.2541 1477132411.0
536115.728584 5077373.10184 1477132446.0
536123.180335 5077373.47857 1477132487.0
536122.141852 5077378.47236 1477132539.0
536124.233709 5077365.9294 1477132606.0
536117.08667 5077379.88731 1477133021.0
536118.823933 5077374.89759 1477133048.0
536128.176655 5077368.84117 1477133106.0
536126.997772 5077371.27867 1477133138.0
536120.996017 5077361.91066 1477133225.0
536122.093338 5077373.47224 1477133665.0
536117.213502 5077371.44388 1477133708.0
536115.298323 5077366.98842 1477133739.0
536116.572297 5077374.88447 1477133792.0
536117.22321 5077369.77732 1477133861.0
536114.287026 5077367.31585 1477133886.0
536108.36418 5077371.05901 1477133912.0
536107.697102 5077365.61085 1477133940.0
536107.153603 5077365.60769 1477133967.0
536109.315305 5077367.73132 1477133993.0
536108.315655 5077366.05888 1477134021.0
536111.260255 5077367.076 1477134050.0
536112.27867 5077365.52643 1477134117.0
536112.094264 5077370.5252 1477134141.0
536111.288717 5077375.52034 1477134178.0
536104.12036 5077366.47888 1477134217.0
536103.604034 5077361.80936 1477134221.0
536117.744106 5077347.0033 1477134315.0
536136.883195 5077327.11546 1477134320.0
536112.684384 5077335.86307 1477134337.0
536102.271141 5077324.02502 1477134390.0
536105.855024 5077321.93485 1477134459.0
536095.378331 5077307.65208 1477134497.0
536094.442729 5077308.31328 1477134524.0
536097.805351 5077317.55478 1477134545.0
536093.39391 5077315.08473 1477134566.0
536090.317961 5077323.28879 1477134585.0
536094.128302 5077322.311 1477134608.0
536080.959389 5077330.3452 1477134626.0
536074.162414 5077337.52764 1477134640.0
536075.011317 5077338.42144 1477134665.0
536077.259796 5077352.32297 1477134673.0
536099.991711 5077368.7881 1477134681.0
536103.58463 5077378.47538 1477134697.0
536106.329294 5077387.15776 1477134717.0
536099.552405 5077390.89595 1477134738.0
536089.794717 5077399.83886 1477134755.0
536078.279735 5077403.88282 1477134772.0
536072.498008 5077410.0712 1477134791.0
536065.120063 5077410.3616 1477134808.0
536055.25563 5077410.97087 1477134828.0
536046.927894 5077414.36678 1477134845.0
536038.447466 5077417.31739 1477134862.0
536032.520839 5077421.72724 1477134882.0
536021.62449 5077426.21933 1477134901.0
536014.214297 5077432.06498 1477134921.0
536006.596358 5077433.57624 1477134938.0
536000.523518 5077436.42977 1477134956.0
535993.026041 5077443.94156 1477134973.0
535986.614275 5077451.68187 1477134995.0
535977.952209 5077459.18691 1477135012.0
535970.692223 5077465.92234 1477135032.0
535960.813068 5077469.08715 1477135052.0
535950.304417 5077473.69272 1477135072.0
535942.280948 5077478.20161 1477135091.0
535939.305459 5077482.51756 1477135111.0
535937.593488 5077483.17428 1477135132.0
535938.500997 5077473.95761 1477135161.0
535929.42726 5077472.1273 1477135197.0
535918.07102 5077475.61694 1477135216.0
535910.511494 5077480.46188 1477135234.0
535904.049895 5077483.42436 1477135249.0
535899.214908 5077487.06291 1477135272.0
535889.401888 5077492.22815 1477135288.0
535883.478655 5077496.08263 1477135305.0
535879.255816 5077501.28025 1477135319.0
535872.070558 5077495.12775 1477135338.0
535862.591275 5077496.29509 1477135365.0
535851.783103 5077499.01027 1477135383.0
535841.751993 5077501.61885 1477135400.0
535840.861331 5077507.94683 1477135420.0
535827.199737 5077507.31233 1477135438.0
535829.182444 5077513.54581 1477135458.0
535832.965655 5077517.23423 1477135489.0
535835.657395 5077521.69409 1477135505.0
535831.756735 5077524.89366 1477135522.0
535821.505593 5077525.27885 1477135542.0
535825.723185 5077534.41404 1477135560.0
535809.106172 5077534.65136 1477135581.0
535804.112791 5077538.84461 1477135603.0
535796.321794 5077543.46613 1477135621.0
535788.935686 5077545.20121 1477135639.0
535785.684406 5077543.51583 1477135674.0
535785.2269 5077542.06879 1477135718.0
535783.543819 5077537.72588 1477135763.0
535783.924327 5077539.06137 1477135804.0
535782.061595 5077538.93951 1477135836.0
535780.637134 5077543.59781 1477135846.0
535777.33071 5077551.46736 1477135853.0
535777.897974 5077560.80367 1477135868.0
535775.285837 5077569.45498 1477135880.0
535773.752974 5077579.44581 1477135894.0
535776.79574 5077590.35191 1477135912.0
535769.193516 5077602.64098 1477135928.0
535767.49834 5077613.85307 1477135944.0
535765.0948 5077626.72767 1477135958.0
535760.10729 5077629.92102 1477135979.0
535764.215128 5077631.1669 1477136007.0
535758.617498 5077645.91192 1477136019.0
535759.556312 5077658.13916 1477136033.0
535757.692431 5077671.68353 1477136048.0
535751.983145 5077678.8726 1477136059.0
535747.449344 5077684.17961 1477136073.0
535746.391351 5077692.61769 1477136089.0
535741.589418 5077704.03408 1477136105.0
535742.653937 5077707.92898 1477136110.0
535738.227403 5077721.56969 1477136126.0
535734.754961 5077731.32714 1477136140.0
535729.677106 5077736.74214 1477136155.0
535723.088755 5077734.81534 1477136173.0
535713.877535 5077743.42866 1477136190.0
535709.08466 5077753.28962 1477136205.0
535700.564549 5077763.24023 1477136221.0
535701.160057 5077767.68796 1477136245.0
535693.372621 5077771.7541 1477136270.0
535691.344685 5077786.85305 1477136287.0
535683.477723 5077791.25207 1477136296.0
535673.950978 5077800.75249 1477136310.0
535663.031907 5077809.35605 1477136326.0
535649.695895 5077819.72345 1477136342.0
535640.800561 5077827.44983 1477136359.0
535635.555457 5077834.97499 1477136373.0
535629.373616 5077843.38363 1477136392.0
535629.337856 5077849.60545 1477136407.0
535634.010463 5077860.63196 1477136422.0
535638.121075 5077874.87736 1477136439.0
535639.045685 5077876.10486 1477136441.0
535643.839029 5077893.13188 1477136459.0
535646.027226 5077904.14411 1477136478.0
535636.84766 5077907.31345 1477136497.0
535626.377666 5077905.36444 1477136516.0
535623.539355 5077912.90344 1477136541.0
535620.868453 5077918.33236 1477136554.0
535620.286697 5077924.99548 1477136569.0
535617.460531 5077930.42351 1477136584.0
535616.204317 5077932.86066 1477136602.0
535609.024187 5077939.37475 1477136618.0
535600.729311 5077937.21606 1477136633.0
535595.028741 5077942.96092 1477136647.0
535589.558537 5077949.15154 1477136662.0
535584.015811 5077954.45288 1477136680.0
535584.191953 5077964.34247 1477136699.0
535589.030027 5077973.59217 1477136719.0
535587.771919 5077976.36264 1477136743.0
535583.811256 5077976.56211 1477136776.0
535581.134038 5077983.10209 1477136787.0
535576.656556 5077992.18721 1477136802.0
535577.449323 5078002.85809 1477136820.0
535577.001208 5078013.29963 1477136837.0
535578.04983 5078019.97211 1477136865.0
535584.964224 5078032.67806 1477136889.0
535583.031481 5078044.77769 1477136905.0
535590.508412 5078054.15366 1477136920.0
535588.213648 5078061.6958 1477136934.0
535585.644072 5078063.01434 1477136937.0
535583.570101 5078072.66879 1477136950.0
535582.61681 5078076.44098 1477136954.0
535580.911882 5078089.43078 1477136965.0
535576.076116 5078106.84691 1477136981.0
535574.82872 5078121.28374 1477136996.0
535572.695003 5078127.82684 1477137002.0
535572.513594 5078132.38122 1477137007.0
535573.827459 5078146.94385 1477137021.0
535573.43228 5078148.16377 1477137022.0
535572.77296 5078154.82644 1477137028.0
535576.50427 5078167.51412 1477137042.0
535576.211429 5078177.95656 1477137055.0
535570.683426 5078194.25765 1477137070.0
535565.832609 5078200.78516 1477137077.0
535556.208638 5078213.84065 1477137091.0
535552.605699 5078219.37536 1477137097.0
535546.598088 5078224.56296 1477137104.0
535547.898609 5078241.45878 1477137122.0
535557.741904 5078244.29293 1477137137.0
535571.754344 5078251.15089 1477137152.0
535580.170269 5078259.19895 1477137174.0
535588.826083 5078266.02621 1477137188.0
535592.538355 5078268.49189 1477137197.0
535591.286045 5078270.26242 1477137214.0
535590.778789 5078277.48151 1477137228.0
535586.085191 5078283.67658 1477137243.0
535585.842091 5078285.45291 1477137273.0
535586.903411 5078289.90331 1477137285.0
535586.513342 5078290.23439 1477137286.0
535585.030058 5078291.67028 1477137289.0
535582.298938 5078294.09896 1477137292.0
535578.548412 5078298.29952 1477137298.0
535579.265409 5078308.63665 1477137308.0
535574.161372 5078318.71815 1477137324.0
535561.59015 5078331.31228 1477137337.0
535555.260643 5078338.49796 1477137345.0
535550.51487 5078353.80359 1477137359.0
535546.427755 5078362.55765 1477137368.0
535530.761029 5078373.46748 1477137386.0
535517.600162 5078380.61404 1477137403.0
535501.989536 5078381.74679 1477137420.0
535493.433698 5078384.58659 1477137439.0
535485.59946 5078396.98578 1477137459.0
535485.900461 5078412.20925 1477137476.0
535483.044097 5078422.97034 1477137492.0
535477.928185 5078421.60776 1477137523.0
535475.643862 5078427.37228 1477137537.0
535474.09323 5078440.58522 1477137552.0
535467.270821 5078452.54579 1477137568.0
535465.47461 5078467.97948 1477137583.0
535464.861275 5078480.19781 1477137597.0
535460.8794 5078497.73003 1477137615.0
535457.216958 5078513.70858 1477137635.0
535447.287628 5078525.98473 1477137653.0
535437.67012 5078538.04046 1477137669.0
535428.505713 5078552.32096 1477137687.0
535423.858993 5078563.9607 1477137703.0
535409.543126 5078569.54538 1477137718.0
535393.900638 5078576.3447 1477137736.0
535389.507818 5078584.31937 1477137751.0
535380.342709 5078585.1559 1477137785.0
535370.197249 5078594.54214 1477137802.0
535358.497374 5078604.25285 1477137819.0
535341.149769 5078610.59815 1477137838.0
535333.297398 5078612.66442 1477137856.0
535328.404993 5078612.96985 1477137875.0
535328.680034 5078619.19345 1477137898.0
535327.668711 5078633.18724 1477137915.0
535330.609383 5078648.42575 1477137935.0
535329.438373 5078663.1964 1477137958.0
535327.896337 5078674.96502 1477137977.0
535328.462879 5078684.5235 1477138001.0
535326.057463 5078697.95382 1477138020.0
535318.621576 5078708.68888 1477138040.0
535318.583329 5078729.02136 1477138061.0
535316.166554 5078744.45155 1477138081.0
535318.08756 5078747.90684 1477138085.0
535322.689722 5078771.26568 1477138108.0
535320.485563 5078790.25252 1477138127.0
535324.511016 5078805.83054 1477138144.0
535327.840362 5078820.96016 1477138162.0
535334.134617 5078833.44011 1477138180.0
535331.446617 5078841.98007 1477138194.0
535325.906799 5078846.94834 1477138200.0
535320.079924 5078847.80399 1477138220.0
535306.801769 5078848.50608 1477138236.0
535293.964052 5078853.65501 1477138254.0
535287.037166 5078856.83769 1477138278.0
535282.356321 5078860.92202 1477138285.0
535273.53359 5078869.87151 1477138296.0
535263.96942 5078872.70588 1477138304.0
535247.877912 5078876.72532 1477138321.0
535232.923618 5078885.52889 1477138336.0
535212.788162 5078890.85872 1477138358.0
535198.725045 5078906.77833 1477138381.0
535190.640878 5078922.3986 1477138399.0
535183.165749 5078940.13338 1477138420.0
535173.519117 5078957.52252 1477138441.0
535154.686514 5078965.85984 1477138462.0
535140.06511 5078970.77675 1477138480.0
535123.082937 5078981.34681 1477138500.0
535121.441532 5078983.33745 1477138523.0
535114.1381 5078984.51824 1477138548.0
535109.126833 5078992.15628 1477138567.0
535102.152367 5079003.78307 1477138589.0
535100.803841 5079008.88638 1477138611.0
535108.854506 5079012.82076 1477138640.0
535112.532517 5079021.28578 1477138659.0
535105.226615 5079022.911 1477138674.0
535097.993933 5079025.3144 1477138695.0
535094.490252 5079027.18339 1477138714.0
535095.480459 5079030.52223 1477138741.0
535101.283844 5079033.77722 1477138775.0
535100.826294 5079032.33023 1477138820.0
535101.037133 5079036.22019 1477138835.0
535099.547216 5079038.87833 1477138854.0
535098.842957 5079039.87431 1477138876.0
535099.317497 5079038.32149 1477138898.0
535100.968322 5079034.66429 1477138924.0
535105.685625 5079037.80203 1477138942.0
535108.611959 5079041.92959 1477138961.0
535108.253633 5079050.37175 1477138975.0
535099.221212 5079055.32042 1477138995.0
535088.765587 5079051.15022 1477139013.0
535078.68988 5079048.4266 1477139030.0
535076.407772 5079040.19171 1477139050.0
535073.571258 5079047.61987 1477139067.0
535068.732939 5079052.1479 1477139080.0
535064.133151 5079055.67731 1477139100.0
535055.646638 5079060.18471 1477139121.0
535047.992607 5079068.47449 1477139140.0
535046.149174 5079065.01973 1477139159.0
535044.900321 5079066.23485 1477139173.0
535042.010738 5079069.32952 1477139200.0
535039.321982 5079078.09182 1477139215.0
535029.253576 5079087.81237 1477139232.0
535017.475028 5079097.96771 1477139251.0
535014.319965 5079106.83849 1477139264.0
535012.679255 5079108.71805 1477139266.0
535006.287986 5079113.34846 1477139274.0
534998.433856 5079115.85957 1477139290.0
534994.898883 5079123.28382 1477139310.0
534998.09055 5079135.41258 1477139328.0
534994.717104 5079141.72667 1477139334.0
534993.617242 5079144.05372 1477139356.0
534994.084846 5079143.72303 1477139397.0
534989.190998 5079144.36204 1477139405.0
534983.326816 5079151.88426 1477139421.0
534972.40793 5079161.04456 1477139438.0
534964.396753 5079163.88815 1477139456.0
534960.892564 5079165.86831 1477139480.0
534962.641467 5079172.32243 1477139511.0
534964.267726 5079172.99825 1477139527.0
534964.700845 5079178.77829 1477139537.0
534962.561224 5079186.54375 1477139550.0
534961.411232 5079197.75914 1477139570.0
534953.35749 5079208.15783 1477139583.0
534943.806449 5079222.54795 1477139599.0
534938.993982 5079236.29817 1477139619.0
534943.349356 5079248.54457 1477139637.0
534946.5774 5079254.22927 1477139654.0
534948.246165 5079261.12735 1477139668.0
534949.024773 5079274.46467 1477139685.0
534945.941247 5079284.44697 1477139698.0
534939.2366 5079289.63122 1477139713.0
534939.614043 5079291.52218 1477139738.0
534941.481273 5079290.75495 1477139779.0
534935.768196 5079285.27846 1477139819.0
534924.822754 5079271.66162 1477139837.0
534913.822808 5079253.93351 1477139857.0
534906.172317 5079234.11324 1477139874.0
534902.426532 5079210.09289 1477139894.0
534899.989639 5079201.74609 1477139911.0
534899.226584 5079199.40853 1477139913.0
534897.540225 5079195.62137 1477139916.0
534881.820257 5079175.20016 1477139938.0
534864.852009 5079155.88304 1477139958.0
534844.750721 5079141.54819 1477139977.0
534826.812101 5079129.1144 1477139995.0
534811.800526 5079120.69697 1477140011.0
534791.43994 5079111.02737 1477140030.0
534775.586914 5079100.38315 1477140047.0
534761.704901 5079084.30577 1477140066.0
534760.92399 5079071.3018 1477140079.0
534767.511801 5079045.45068 1477140101.0
534773.080917 5079035.14892 1477140110.0
534774.110574 5079031.48815 1477140142.0
