0,0,1
1,1,0
2,1,2
3,2,1
4,2,3
5,3,2
6,3,4
7,4,3
8,4,5
9,5,4
10,5,6
11,6,5
12,6,7
13,7,6
14,7,8
15,8,7
16,8,9
17,8,1354
18,9,8
19,10,11
20,10,316
21,11,10
22,11,19
23,12,13
24,12,522
25,13,12
26,13,14
27,14,13
28,14,15
29,15,14
30,15,16
31,16,15
32,17,18
33,17,743
34,18,17
35,18,19
36,18,774
37,19,18
38,19,11
39,20,21
40,20,275
41,21,20
42,21,22
43,22,21
44,22,23
45,23,22
46,23,24
47,24,23
48,24,25
49,25,24
50,25,26
51,26,25
52,26,27
53,27,26
54,27,421
55,28,29
56,29,28
57,29,30
58,30,29
59,30,31
60,30,113
61,31,30
62,31,32
63,32,31
64,32,33
65,33,32
66,33,34
67,34,33
68,34,35
69,35,34
70,35,36
71,36,35
72,36,37
73,37,36
74,37,38
75,38,37
76,38,39
77,39,38
78,39,40
79,40,39
80,40,41
81,41,40
82,41,42
83,42,41
84,42,43
85,43,42
86,43,44
87,44,43
88,44,45
89,45,44
90,45,46
91,46,45
92,46,47
93,47,46
94,47,48
95,48,47
96,48,49
97,49,48
98,49,50
99,50,49
100,50,51
101,51,50
102,51,52
103,52,51
104,52,53
105,53,52
106,53,54
107,54,53
108,54,55
109,55,54
110,55,56
111,56,55
112,56,57
113,57,56
114,57,58
115,58,57
116,58,59
117,59,58
118,59,60
119,60,59
120,60,61
121,61,60
122,61,62
123,62,61
124,62,63
125,63,62
126,63,64
127,64,63
128,64,65
129,65,64
130,65,66
131,66,65
132,66,67
133,67,66
134,67,68
135,68,67
136,68,69
137,69,68
138,69,70
139,70,69
140,70,71
141,71,70
142,71,72
143,72,71
144,72,73
145,73,72
146,73,74
147,74,73
148,74,75
149,75,74
150,75,76
151,76,75
152,76,77
153,77,76
154,77,78
155,78,77
156,78,79
157,79,78
158,79,80
159,80,79
160,80,81
161,81,80
162,81,82
163,82,81
164,82,83
165,83,82
166,83,84
167,84,83
168,84,85
169,85,84
170,85,86
171,86,85
172,86,87
173,87,86
174,87,88
175,88,87
176,88,89
177,89,88
178,89,90
179,90,89
180,90,91
181,91,90
182,91,92
183,92,91
184,92,93
185,93,92
186,93,94
187,94,93
188,94,95
189,95,94
190,95,96
191,96,95
192,96,97
193,97,96
194,97,98
195,98,97
196,98,99
197,99,98
198,99,100
199,100,99
200,100,101
201,101,100
202,101,102
203,102,101
204,102,103
205,103,102
206,103,104
207,103,932
208,104,103
209,104,105
210,105,104
211,105,106
212,106,105
213,106,107
214,106,1221
215,107,106
216,107,1227
217,108,109
218,108,741
219,109,108
220,109,110
221,110,109
222,110,111
223,111,110
224,111,112
225,112,111
226,112,941
227,113,30
228,113,114
229,113,227
230,114,113
231,115,116
232,115,925
233,116,115
234,116,117
235,117,116
236,117,118
237,118,117
238,118,328
239,118,440
240,118,444
241,119,120
242,120,119
243,120,121
244,121,120
245,121,122
246,122,121
247,122,123
248,123,122
249,123,124
250,123,386
251,124,123
252,124,125
253,125,124
254,125,126
255,125,385
256,126,125
257,126,132
258,127,128
259,127,195
260,128,127
261,128,196
262,129,130
263,130,129
264,130,131
265,130,523
266,131,130
267,132,126
268,132,133
269,133,132
270,133,134
271,134,133
272,134,135
273,135,134
274,135,136
275,136,135
276,136,137
277,137,136
278,137,138
279,138,137
280,138,139
281,139,138
282,139,140
283,140,139
284,140,454
285,141,142
286,142,141
287,142,143
288,143,142
289,143,144
290,144,143
291,144,145
292,144,1105
293,145,144
294,146,147
295,146,250
296,147,146
297,147,148
298,148,147
299,148,149
300,149,148
301,149,150
302,150,149
303,150,151
304,151,150
305,151,152
306,152,151
307,152,153
308,153,152
309,153,154
310,154,153
311,154,155
312,155,154
313,155,156
314,156,155
315,156,157
316,157,156
317,157,158
318,158,157
319,158,159
320,159,158
321,159,160
322,160,159
323,160,161
324,161,160
325,161,162
326,162,161
327,162,163
328,163,162
329,163,164
330,164,163
331,164,165
332,165,164
333,165,166
334,166,165
335,166,167
336,167,166
337,167,168
338,168,167
339,168,169
340,169,168
341,169,170
342,170,169
343,170,171
344,171,170
345,171,172
346,172,171
347,172,173
348,173,172
349,173,174
350,174,173
351,174,175
352,175,174
353,175,176
354,176,175
355,176,177
356,177,176
357,177,178
358,178,177
359,178,179
360,179,178
361,179,180
362,180,179
363,180,296
364,181,182
365,181,878
366,182,181
367,182,183
368,183,182
369,183,184
370,184,183
371,184,185
372,185,184
373,185,186
374,186,185
375,186,187
376,187,186
377,187,188
378,188,187
379,188,189
380,189,188
381,189,190
382,190,189
383,190,191
384,191,190
385,191,192
386,192,191
387,192,193
388,193,192
389,193,194
390,194,193
391,194,195
392,195,194
393,195,127
394,196,128
395,196,197
396,197,196
397,197,198
398,198,197
399,198,199
400,199,198
401,199,200
402,200,199
403,200,201
404,201,200
405,201,202
406,202,201
407,202,203
408,203,202
409,203,204
410,204,203
411,204,205
412,205,204
413,205,206
414,206,205
415,206,207
416,207,206
417,207,208
418,208,207
419,208,209
420,209,208
421,209,210
422,210,209
423,210,211
424,211,210
425,211,212
426,212,211
427,212,213
428,213,212
429,213,214
430,214,213
431,214,215
432,215,214
433,215,216
434,216,215
435,216,217
436,217,216
437,217,218
438,218,217
439,218,219
440,219,218
441,219,220
442,220,219
443,220,221
444,221,220
445,221,222
446,222,221
447,222,223
448,223,222
449,223,224
450,224,223
451,224,225
452,225,224
453,225,226
454,226,225
455,226,227
456,227,226
457,227,113
458,228,229
459,229,228
460,229,230
461,230,229
462,230,231
463,231,230
464,231,232
465,232,231
466,232,233
467,233,232
468,233,234
469,234,233
470,234,235
471,235,234
472,235,236
473,236,235
474,236,237
475,237,236
476,237,238
477,238,237
478,238,239
479,239,238
480,239,240
481,240,239
482,240,241
483,241,240
484,241,242
485,242,241
486,242,243
487,243,242
488,243,244
489,244,243
490,244,245
491,245,244
492,245,246
493,246,245
494,246,247
495,247,246
496,247,248
497,248,247
498,248,249
499,249,248
500,250,146
501,250,251
502,251,250
503,251,252
504,252,251
505,252,253
506,253,252
507,253,254
508,254,253
509,254,255
510,255,254
511,255,256
512,256,255
513,256,257
514,257,256
515,257,258
516,258,257
517,258,259
518,259,258
519,259,260
520,260,259
521,260,261
522,261,260
523,261,262
524,262,261
525,262,263
526,263,262
527,263,264
528,264,263
529,264,265
530,265,264
531,265,266
532,265,462
533,266,265
534,266,267
535,267,266
536,267,268
537,268,267
538,268,269
539,268,810
540,269,268
541,269,270
542,270,269
543,270,271
544,270,811
545,271,270
546,271,272
547,272,271
548,272,273
549,273,272
550,273,274
551,274,273
552,274,275
553,275,274
554,275,20
555,276,277
556,276,926
557,277,276
558,277,278
559,278,277
560,278,279
561,279,278
562,279,280
563,280,279
564,280,281
565,281,280
566,281,282
567,282,281
568,282,283
569,283,282
570,283,284
571,284,283
572,284,285
573,285,284
574,285,286
575,286,285
576,286,287
577,287,286
578,287,288
579,288,287
580,288,289
581,289,288
582,289,290
583,290,289
584,291,292
585,292,291
586,292,293
587,293,292
588,293,294
589,294,293
590,294,295
591,295,294
592,295,663
593,296,180
594,296,297
595,297,296
596,297,298
597,298,297
598,298,299
599,299,298
600,299,300
601,300,299
602,300,301
603,301,300
604,301,302
605,302,301
606,302,303
607,303,302
608,303,304
609,304,303
610,304,305
611,305,304
612,305,306
613,306,305
614,306,307
615,307,306
616,307,308
617,308,307
618,308,309
619,309,308
620,309,310
621,310,309
622,310,311
623,311,310
624,311,312
625,312,311
626,312,313
627,313,312
628,313,314
629,314,313
630,314,315
631,315,314
632,315,316
633,316,315
634,316,10
635,317,318
636,317,1124
637,318,317
638,318,319
639,319,318
640,319,320
641,320,319
642,320,321
643,321,320
644,321,322
645,322,321
646,322,323
647,323,322
648,323,324
649,324,323
650,324,325
651,325,324
652,325,326
653,326,325
654,326,327
655,327,326
656,327,1228
657,328,118
658,328,329
659,329,328
660,329,937
661,330,331
662,330,420
663,331,330
664,331,332
665,332,331
666,333,334
667,334,333
668,334,335
669,335,334
670,335,336
671,336,335
672,336,337
673,337,336
674,337,338
675,338,337
676,338,339
677,339,338
678,339,340
679,340,339
680,340,341
681,341,340
682,341,342
683,342,341
684,342,343
685,343,342
686,343,344
687,344,343
688,344,345
689,345,344
690,345,346
691,346,345
692,346,347
693,347,346
694,347,348
695,348,347
696,348,349
697,349,348
698,349,350
699,350,349
700,350,351
701,351,350
702,351,352
703,352,351
704,352,353
705,353,352
706,353,354
707,354,353
708,354,355
709,355,354
710,355,356
711,356,355
712,356,357
713,357,356
714,357,358
715,358,357
716,358,359
717,359,358
718,359,360
719,360,359
720,360,361
721,361,360
722,361,362
723,362,361
724,362,363
725,363,362
726,363,364
727,364,363
728,364,365
729,365,364
730,365,366
731,366,365
732,366,842
733,367,368
734,368,367
735,368,369
736,369,368
737,369,370
738,370,369
739,370,371
740,371,370
741,371,372
742,372,371
743,372,373
744,373,372
745,373,374
746,374,373
747,374,375
748,375,374
749,375,376
750,376,375
751,376,377
752,377,376
753,377,378
754,378,377
755,378,379
756,379,378
757,379,380
758,380,379
759,380,381
760,381,380
761,381,382
762,382,381
763,382,383
764,383,382
765,383,384
766,384,383
767,384,385
768,385,384
769,385,125
770,386,123
771,386,387
772,387,386
773,387,388
774,388,387
775,388,389
776,389,388
777,390,391
778,390,1102
779,391,390
780,391,392
781,392,391
782,392,693
783,393,394
784,394,393
785,394,395
786,395,394
787,395,396
788,396,395
789,396,397
790,397,396
791,397,398
792,398,397
793,398,399
794,399,398
795,399,400
796,400,399
797,400,401
798,401,400
799,401,402
800,402,401
801,402,403
802,403,402
803,403,404
804,404,403
805,404,405
806,405,404
807,405,406
808,406,405
809,406,407
810,407,406
811,407,408
812,408,407
813,408,409
814,409,408
815,409,410
816,410,409
817,410,411
818,411,410
819,411,412
820,412,411
821,412,413
822,413,412
823,413,414
824,414,413
825,414,415
826,415,414
827,415,416
828,416,415
829,416,417
830,417,416
831,417,418
832,418,417
833,418,419
834,419,418
835,419,420
836,420,419
837,420,330
838,421,27
839,421,422
840,422,421
841,422,423
842,423,422
843,423,424
844,424,423
845,424,425
846,425,424
847,425,426
848,426,425
849,426,427
850,427,426
851,427,428
852,428,427
853,428,429
854,429,428
855,429,430
856,430,429
857,430,431
858,431,430
859,431,432
860,431,934
861,432,431
862,432,433
863,433,432
864,433,434
865,434,433
866,434,435
867,435,434
868,435,436
869,436,435
870,436,437
871,437,436
872,437,438
873,438,437
874,438,439
875,439,438
876,440,118
877,440,441
878,441,440
879,441,442
880,442,441
881,442,443
882,443,442
883,444,118
884,444,445
885,445,444
886,445,446
887,446,445
888,446,447
889,447,446
890,447,448
891,448,447
892,448,449
893,449,448
894,449,450
895,450,449
896,450,451
897,451,450
898,451,452
899,452,451
900,452,453
901,453,452
902,453,1103
903,454,140
904,454,455
905,455,454
906,455,456
907,456,455
908,456,457
909,457,456
910,457,458
911,458,457
912,458,459
913,459,458
914,459,460
915,460,459
916,460,461
917,461,460
918,461,462
919,462,461
920,462,265
921,463,464
922,463,977
923,464,463
924,464,465
925,465,464
926,465,466
927,466,465
928,466,467
929,467,466
930,467,468
931,468,467
932,468,469
933,469,468
934,469,470
935,470,469
936,470,471
937,471,470
938,471,472
939,472,471
940,472,473
941,473,472
942,473,474
943,474,473
944,474,475
945,475,474
946,475,476
947,476,475
948,476,477
949,477,476
950,477,478
951,478,477
952,478,479
953,479,478
954,479,480
955,480,479
956,480,481
957,481,480
958,481,482
959,482,481
960,482,483
961,483,482
962,483,484
963,484,483
964,484,485
965,485,484
966,485,486
967,486,485
968,486,487
969,487,486
970,487,488
971,488,487
972,488,489
973,489,488
974,489,490
975,490,489
976,490,491
977,491,490
978,491,492
979,492,491
980,492,493
981,493,492
982,493,494
983,494,493
984,494,495
985,495,494
986,495,496
987,496,495
988,496,497
989,497,496
990,497,498
991,498,497
992,498,499
993,499,498
994,499,500
995,500,499
996,500,501
997,501,500
998,501,502
999,502,501
1000,502,503
1001,503,502
1002,503,504
1003,504,503
1004,504,505
1005,505,504
1006,505,506
1007,506,505
1008,506,507
1009,507,506
1010,507,508
1011,508,507
1012,508,509
1013,509,508
1014,509,559
1015,510,511
1016,510,553
1017,511,510
1018,511,512
1019,512,511
1020,512,513
1021,513,512
1022,513,514
1023,514,513
1024,514,515
1025,515,514
1026,515,516
1027,516,515
1028,516,517
1029,517,516
1030,517,518
1031,518,517
1032,518,519
1033,519,518
1034,519,520
1035,520,519
1036,520,521
1037,521,520
1038,521,522
1039,522,521
1040,522,12
1041,523,130
1042,523,524
1043,524,523
1044,524,525
1045,525,524
1046,525,526
1047,526,525
1048,526,527
1049,527,526
1050,528,529
1051,528,662
1052,529,528
1053,529,530
1054,530,529
1055,530,531
1056,531,530
1057,531,532
1058,532,531
1059,532,533
1060,533,532
1061,533,534
1062,534,533
1063,534,535
1064,535,534
1065,535,536
1066,536,535
1067,536,537
1068,537,536
1069,537,538
1070,538,537
1071,538,539
1072,539,538
1073,539,540
1074,540,539
1075,540,541
1076,541,540
1077,541,542
1078,542,541
1079,542,543
1080,543,542
1081,543,544
1082,544,543
1083,544,545
1084,545,544
1085,545,546
1086,546,545
1087,546,547
1088,547,546
1089,547,548
1090,548,547
1091,548,549
1092,549,548
1093,549,550
1094,550,549
1095,550,551
1096,551,550
1097,551,552
1098,552,551
1099,552,553
1100,553,552
1101,553,510
1102,554,555
1103,555,554
1104,555,556
1105,556,555
1106,556,557
1107,557,556
1108,557,558
1109,558,557
1110,558,894
1111,559,509
1112,559,560
1113,560,559
1114,560,561
1115,560,775
1116,561,560
1117,562,563
1118,562,1220
1119,563,562
1120,563,564
1121,564,563
1122,564,565
1123,565,564
1124,565,566
1125,566,565
1126,566,567
1127,567,566
1128,567,568
1129,568,567
1130,568,569
1131,569,568
1132,569,570
1133,570,569
1134,570,571
1135,571,570
1136,571,572
1137,572,571
1138,572,573
1139,573,572
1140,573,574
1141,574,573
1142,574,575
1143,575,574
1144,575,576
1145,576,575
1146,576,577
1147,577,576
1148,577,578
1149,578,577
1150,578,579
1151,579,578
1152,579,580
1153,580,579
1154,580,581
1155,581,580
1156,581,582
1157,582,581
1158,582,583
1159,583,582
1160,583,584
1161,584,583
1162,584,585
1163,585,584
1164,585,586
1165,586,585
1166,586,587
1167,587,586
1168,587,588
1169,588,587
1170,588,589
1171,589,588
1172,589,590
1173,590,589
1174,590,591
1175,591,590
1176,591,592
1177,592,591
1178,592,593
1179,593,592
1180,593,594
1181,594,593
1182,594,595
1183,595,594
1184,595,596
1185,596,595
1186,596,597
1187,597,596
1188,597,598
1189,598,597
1190,598,599
1191,599,598
1192,599,600
1193,600,599
1194,600,601
1195,601,600
1196,601,602
1197,602,601
1198,602,603
1199,603,602
1200,603,604
1201,604,603
1202,604,605
1203,605,604
1204,605,606
1205,606,605
1206,606,607
1207,607,606
1208,607,608
1209,608,607
1210,608,609
1211,609,608
1212,609,610
1213,610,609
1214,610,611
1215,611,610
1216,611,612
1217,612,611
1218,612,613
1219,613,612
1220,613,614
1221,614,613
1222,614,615
1223,615,614
1224,615,616
1225,616,615
1226,616,617
1227,617,616
1228,617,618
1229,618,617
1230,618,619
1231,619,618
1232,619,620
1233,620,619
1234,620,621
1235,621,620
1236,621,622
1237,622,621
1238,622,623
1239,623,622
1240,623,624
1241,624,623
1242,624,625
1243,625,624
1244,625,626
1245,626,625
1246,626,627
1247,627,626
1248,627,628
1249,628,627
1250,628,629
1251,628,1257
1252,629,628
1253,629,630
1254,630,629
1255,630,631
1256,631,630
1257,631,632
1258,632,631
1259,632,1125
1260,633,634
1261,634,633
1262,634,635
1263,635,634
1264,635,636
1265,636,635
1266,636,637
1267,637,636
1268,637,638
1269,638,637
1270,638,639
1271,639,638
1272,639,640
1273,640,639
1274,640,641
1275,641,640
1276,641,642
1277,642,641
1278,642,643
1279,643,642
1280,643,644
1281,644,643
1282,644,645
1283,645,644
1284,646,647
1285,647,646
1286,647,648
1287,647,863
1288,648,647
1289,648,649
1290,649,648
1291,649,650
1292,650,649
1293,650,651
1294,651,650
1295,651,652
1296,652,651
1297,652,653
1298,653,652
1299,653,654
1300,654,653
1301,654,655
1302,655,654
1303,655,656
1304,656,655
1305,656,657
1306,657,656
1307,657,658
1308,658,657
1309,658,659
1310,659,658
1311,659,660
1312,660,659
1313,660,661
1314,661,660
1315,661,662
1316,662,661
1317,662,528
1318,663,295
1319,663,664
1320,664,663
1321,664,665
1322,665,664
1323,665,666
1324,666,665
1325,666,667
1326,667,666
1327,667,668
1328,668,667
1329,668,669
1330,669,668
1331,669,670
1332,670,669
1333,670,671
1334,671,670
1335,671,672
1336,672,671
1337,672,673
1338,673,672
1339,673,674
1340,674,673
1341,674,675
1342,675,674
1343,675,676
1344,676,675
1345,676,677
1346,677,676
1347,677,678
1348,678,677
1349,678,679
1350,679,678
1351,679,680
1352,680,679
1353,680,681
1354,681,680
1355,681,682
1356,682,681
1357,682,683
1358,683,682
1359,683,684
1360,684,683
1361,684,685
1362,685,684
1363,685,686
1364,686,685
1365,686,687
1366,687,686
1367,687,688
1368,688,687
1369,688,689
1370,689,688
1371,689,690
1372,690,689
1373,690,691
1374,690,695
1375,691,690
1376,691,692
1377,692,691
1378,692,802
1379,693,392
1380,693,694
1381,694,693
1382,695,690
1383,695,696
1384,696,695
1385,696,697
1386,697,696
1387,697,698
1388,698,697
1389,698,699
1390,699,698
1391,699,700
1392,700,699
1393,700,701
1394,701,700
1395,701,702
1396,702,701
1397,702,703
1398,703,702
1399,703,704
1400,704,703
1401,704,705
1402,705,704
1403,705,706
1404,706,705
1405,706,707
1406,707,706
1407,707,708
1408,708,707
1409,708,709
1410,709,708
1411,709,710
1412,710,709
1413,710,711
1414,711,710
1415,711,712
1416,712,711
1417,712,713
1418,713,712
1419,713,714
1420,714,713
1421,714,715
1422,715,714
1423,715,716
1424,716,715
1425,716,717
1426,717,716
1427,717,718
1428,718,717
1429,718,719
1430,719,718
1431,719,720
1432,720,719
1433,720,721
1434,721,720
1435,721,722
1436,722,721
1437,722,723
1438,723,722
1439,724,725
1440,724,1111
1441,725,724
1442,725,726
1443,726,725
1444,726,727
1445,727,726
1446,727,728
1447,728,727
1448,728,729
1449,729,728
1450,729,730
1451,730,729
1452,730,731
1453,731,730
1454,731,732
1455,732,731
1456,732,733
1457,733,732
1458,733,734
1459,734,733
1460,734,735
1461,735,734
1462,735,1364
1463,736,737
1464,737,736
1465,737,738
1466,738,737
1467,738,739
1468,739,738
1469,739,740
1470,740,739
1471,741,108
1472,741,742
1473,742,741
1474,742,743
1475,743,742
1476,743,17
1477,744,745
1478,744,1375
1479,745,744
1480,745,746
1481,746,745
1482,746,747
1483,747,746
1484,747,748
1485,748,747
1486,748,749
1487,749,748
1488,749,750
1489,750,749
1490,750,751
1491,751,750
1492,751,752
1493,752,751
1494,752,753
1495,753,752
1496,753,754
1497,754,753
1498,754,755
1499,755,754
1500,755,756
1501,756,755
1502,756,757
1503,757,756
1504,757,758
1505,758,757
1506,758,759
1507,759,758
1508,759,760
1509,760,759
1510,760,761
1511,761,760
1512,761,762
1513,762,761
1514,762,763
1515,763,762
1516,763,764
1517,764,763
1518,764,765
1519,765,764
1520,765,766
1521,766,765
1522,766,767
1523,767,766
1524,767,768
1525,768,767
1526,768,769
1527,769,768
1528,769,770
1529,770,769
1530,770,771
1531,771,770
1532,771,772
1533,772,771
1534,772,773
1535,773,772
1536,773,774
1537,774,773
1538,774,18
1539,775,560
1540,775,776
1541,776,775
1542,776,777
1543,777,776
1544,777,778
1545,778,777
1546,778,779
1547,779,778
1548,779,780
1549,780,779
1550,780,781
1551,781,780
1552,781,782
1553,782,781
1554,782,783
1555,783,782
1556,783,784
1557,784,783
1558,784,785
1559,785,784
1560,785,786
1561,786,785
1562,786,787
1563,787,786
1564,787,788
1565,788,787
1566,788,789
1567,789,788
1568,789,790
1569,790,789
1570,790,791
1571,791,790
1572,791,792
1573,792,791
1574,792,793
1575,793,792
1576,793,794
1577,794,793
1578,794,795
1579,795,794
1580,795,796
1581,796,795
1582,796,797
1583,797,796
1584,797,798
1585,798,797
1586,798,799
1587,799,798
1588,799,800
1589,800,799
1590,800,801
1591,801,800
1592,801,802
1593,802,801
1594,802,692
1595,803,804
1596,804,803
1597,804,805
1598,805,804
1599,805,806
1600,806,805
1601,806,807
1602,807,806
1603,807,808
1604,808,807
1605,808,809
1606,809,808
1607,809,810
1608,810,809
1609,810,268
1610,811,270
1611,811,812
1612,812,811
1613,812,813
1614,813,812
1615,813,814
1616,814,813
1617,814,815
1618,815,814
1619,815,816
1620,816,815
1621,816,817
1622,817,816
1623,817,818
1624,818,817
1625,818,819
1626,819,818
1627,819,820
1628,820,819
1629,820,821
1630,821,820
1631,821,822
1632,822,821
1633,822,823
1634,823,822
1635,823,824
1636,824,823
1637,824,825
1638,825,824
1639,825,826
1640,826,825
1641,826,827
1642,827,826
1643,827,828
1644,828,827
1645,828,829
1646,829,828
1647,829,830
1648,830,829
1649,830,831
1650,831,830
1651,831,832
1652,832,831
1653,832,833
1654,833,832
1655,833,834
1656,834,833
1657,834,835
1658,835,834
1659,835,836
1660,836,835
1661,836,837
1662,837,836
1663,837,838
1664,838,837
1665,838,839
1666,839,838
1667,839,840
1668,840,839
1669,840,841
1670,841,840
1671,841,842
1672,842,841
1673,842,366
1674,843,844
1675,843,1135
1676,844,843
1677,844,845
1678,845,844
1679,845,846
1680,846,845
1681,846,847
1682,847,846
1683,847,848
1684,848,847
1685,848,849
1686,849,848
1687,849,850
1688,850,849
1689,850,851
1690,851,850
1691,851,852
1692,852,851
1693,852,853
1694,853,852
1695,853,854
1696,854,853
1697,854,855
1698,855,854
1699,855,856
1700,856,855
1701,856,857
1702,857,856
1703,857,858
1704,858,857
1705,858,859
1706,859,858
1707,859,860
1708,860,859
1709,860,861
1710,861,860
1711,861,862
1712,862,861
1713,863,647
1714,863,864
1715,864,863
1716,864,865
1717,865,864
1718,865,866
1719,866,865
1720,866,867
1721,867,866
1722,867,868
1723,868,867
1724,868,869
1725,869,868
1726,869,870
1727,870,869
1728,870,871
1729,871,870
1730,871,872
1731,872,871
1732,872,873
1733,873,872
1734,873,874
1735,874,873
1736,874,875
1737,875,874
1738,875,876
1739,876,875
1740,876,877
1741,877,876
1742,877,878
1743,878,877
1744,878,181
1745,879,880
1746,880,879
1747,880,881
1748,881,880
1749,881,882
1750,882,881
1751,882,883
1752,883,882
1753,883,884
1754,884,883
1755,884,885
1756,885,884
1757,885,886
1758,886,885
1759,886,887
1760,887,886
1761,887,888
1762,888,887
1763,888,889
1764,889,888
1765,889,890
1766,890,889
1767,890,891
1768,891,890
1769,891,892
1770,892,891
1771,892,893
1772,893,892
1773,893,894
1774,894,893
1775,894,558
1776,895,896
1777,896,895
1778,896,897
1779,897,896
1780,897,898
1781,898,897
1782,898,899
1783,899,898
1784,899,900
1785,900,899
1786,900,901
1787,901,900
1788,901,902
1789,902,901
1790,902,903
1791,903,902
1792,903,904
1793,904,903
1794,904,905
1795,905,904
1796,905,906
1797,906,905
1798,906,907
1799,907,906
1800,907,908
1801,908,907
1802,908,909
1803,909,908
1804,909,910
1805,910,909
1806,910,911
1807,911,910
1808,911,912
1809,912,911
1810,912,913
1811,913,912
1812,913,914
1813,914,913
1814,914,915
1815,915,914
1816,916,917
1817,917,916
1818,917,918
1819,918,917
1820,918,919
1821,919,918
1822,919,920
1823,920,919
1824,920,921
1825,921,920
1826,921,922
1827,922,921
1828,922,923
1829,923,922
1830,923,924
1831,924,923
1832,924,925
1833,925,924
1834,925,115
1835,926,276
1836,926,927
1837,927,926
1838,927,928
1839,928,927
1840,928,929
1841,929,928
1842,929,930
1843,930,929
1844,930,931
1845,931,930
1846,932,103
1847,932,933
1848,933,932
1849,934,431
1850,934,935
1851,935,934
1852,935,936
1853,936,935
1854,936,1032
1855,937,329
1856,937,938
1857,938,937
1858,938,939
1859,939,938
1860,939,940
1861,940,939
1862,940,941
1863,941,940
1864,941,112
1865,942,943
1866,943,942
1867,943,944
1868,944,943
1869,944,945
1870,945,944
1871,945,946
1872,946,945
1873,946,947
1874,947,946
1875,947,948
1876,948,947
1877,948,949
1878,949,948
1879,949,950
1880,950,949
1881,950,951
1882,951,950
1883,951,952
1884,952,951
1885,952,953
1886,953,952
1887,953,954
1888,954,953
1889,954,955
1890,955,954
1891,955,956
1892,956,955
1893,956,957
1894,957,956
1895,957,958
1896,958,957
1897,958,959
1898,959,958
1899,959,960
1900,960,959
1901,960,961
1902,961,960
1903,961,962
1904,962,961
1905,962,963
1906,963,962
1907,963,964
1908,964,963
1909,964,965
1910,965,964
1911,965,966
1912,966,965
1913,966,967
1914,967,966
1915,967,968
1916,968,967
1917,968,969
1918,969,968
1919,969,970
1920,970,969
1921,970,971
1922,971,970
1923,971,972
1924,972,971
1925,972,973
1926,973,972
1927,973,974
1928,974,973
1929,974,975
1930,975,974
1931,975,976
1932,976,975
1933,976,977
1934,977,976
1935,977,463
1936,978,979
1937,979,978
1938,979,980
1939,980,979
1940,980,981
1941,981,980
1942,981,982
1943,982,981
1944,982,983
1945,983,982
1946,983,984
1947,984,983
1948,984,985
1949,985,984
1950,985,986
1951,986,985
1952,986,987
1953,987,986
1954,987,988
1955,988,987
1956,988,989
1957,989,988
1958,989,990
1959,990,989
1960,990,991
1961,991,990
1962,991,992
1963,992,991
1964,992,993
1965,993,992
1966,993,994
1967,994,993
1968,994,995
1969,995,994
1970,995,996
1971,996,995
1972,996,997
1973,997,996
1974,997,998
1975,998,997
1976,998,999
1977,999,998
1978,999,1000
1979,1000,999
1980,1000,1001
1981,1001,1000
1982,1001,1002
1983,1002,1001
1984,1002,1003
1985,1003,1002
1986,1003,1004
1987,1004,1003
1988,1004,1005
1989,1005,1004
1990,1005,1006
1991,1006,1005
1992,1006,1007
1993,1007,1006
1994,1007,1008
1995,1008,1007
1996,1008,1009
1997,1009,1008
1998,1009,1010
1999,1010,1009
2000,1010,1011
2001,1011,1010
2002,1011,1012
2003,1012,1011
2004,1012,1013
2005,1013,1012
2006,1013,1014
2007,1014,1013
2008,1014,1015
2009,1015,1014
2010,1015,1016
2011,1016,1015
2012,1016,1017
2013,1017,1016
2014,1017,1018
2015,1018,1017
2016,1018,1019
2017,1019,1018
2018,1020,1021
2019,1021,1020
2020,1021,1022
2021,1022,1021
2022,1022,1023
2023,1023,1022
2024,1024,1025
2025,1025,1024
2026,1025,1026
2027,1026,1025
2028,1026,1027
2029,1027,1026
2030,1027,1028
2031,1028,1027
2032,1028,1029
2033,1029,1028
2034,1029,1030
2035,1030,1029
2036,1030,1031
2037,1031,1030
2038,1032,936
2039,1032,1033
2040,1033,1032
2041,1033,1034
2042,1034,1033
2043,1034,1035
2044,1035,1034
2045,1035,1036
2046,1036,1035
2047,1036,1037
2048,1037,1036
2049,1037,1038
2050,1038,1037
2051,1038,1039
2052,1039,1038
2053,1039,1040
2054,1040,1039
2055,1040,1041
2056,1041,1040
2057,1041,1042
2058,1041,1116
2059,1042,1041
2060,1042,1043
2061,1043,1042
2062,1043,1044
2063,1044,1043
2064,1044,1045
2065,1045,1044
2066,1045,1046
2067,1046,1045
2068,1046,1047
2069,1047,1046
2070,1047,1048
2071,1048,1047
2072,1048,1049
2073,1049,1048
2074,1049,1050
2075,1050,1049
2076,1050,1051
2077,1051,1050
2078,1051,1052
2079,1052,1051
2080,1052,1053
2081,1053,1052
2082,1053,1054
2083,1054,1053
2084,1054,1055
2085,1055,1054
2086,1055,1056
2087,1056,1055
2088,1056,1057
2089,1057,1056
2090,1057,1058
2091,1058,1057
2092,1058,1059
2093,1059,1058
2094,1059,1060
2095,1060,1059
2096,1060,1061
2097,1061,1060
2098,1061,1062
2099,1062,1061
2100,1062,1063
2101,1063,1062
2102,1063,1064
2103,1064,1063
2104,1064,1065
2105,1065,1064
2106,1065,1066
2107,1066,1065
2108,1066,1067
2109,1067,1066
2110,1067,1068
2111,1068,1067
2112,1068,1069
2113,1069,1068
2114,1069,1070
2115,1070,1069
2116,1070,1071
2117,1071,1070
2118,1071,1072
2119,1072,1071
2120,1072,1073
2121,1073,1072
2122,1073,1074
2123,1074,1073
2124,1074,1075
2125,1075,1074
2126,1075,1076
2127,1076,1075
2128,1076,1077
2129,1077,1076
2130,1077,1078
2131,1078,1077
2132,1078,1079
2133,1079,1078
2134,1079,1080
2135,1080,1079
2136,1080,1081
2137,1081,1080
2138,1081,1082
2139,1082,1081
2140,1082,1083
2141,1083,1082
2142,1083,1084
2143,1084,1083
2144,1084,1085
2145,1085,1084
2146,1085,1086
2147,1086,1085
2148,1086,1087
2149,1087,1086
2150,1087,1088
2151,1088,1087
2152,1088,1089
2153,1089,1088
2154,1089,1090
2155,1090,1089
2156,1090,1091
2157,1091,1090
2158,1091,1092
2159,1092,1091
2160,1092,1093
2161,1093,1092
2162,1093,1094
2163,1094,1093
2164,1094,1095
2165,1095,1094
2166,1095,1096
2167,1096,1095
2168,1096,1097
2169,1097,1096
2170,1097,1098
2171,1098,1097
2172,1098,1099
2173,1099,1098
2174,1099,1100
2175,1100,1099
2176,1100,1101
2177,1101,1100
2178,1101,1102
2179,1102,1101
2180,1102,390
2181,1103,453
2182,1103,1104
2183,1104,1103
2184,1104,1284
2185,1105,144
2186,1105,1106
2187,1105,1232
2188,1106,1105
2189,1106,1107
2190,1107,1106
2191,1107,1108
2192,1108,1107
2193,1108,1109
2194,1109,1108
2195,1109,1110
2196,1110,1109
2197,1110,1111
2198,1111,1110
2199,1111,724
2200,1112,1113
2201,1113,1112
2202,1113,1114
2203,1114,1113
2204,1114,1115
2205,1115,1114
2206,1115,1116
2207,1116,1115
2208,1116,1041
2209,1117,1118
2210,1118,1117
2211,1118,1119
2212,1119,1118
2213,1119,1120
2214,1120,1119
2215,1120,1121
2216,1121,1120
2217,1121,1122
2218,1122,1121
2219,1122,1123
2220,1123,1122
2221,1123,1124
2222,1124,1123
2223,1124,317
2224,1125,632
2225,1125,1126
2226,1126,1125
2227,1126,1127
2228,1127,1126
2229,1127,1128
2230,1128,1127
2231,1128,1129
2232,1129,1128
2233,1129,1130
2234,1130,1129
2235,1130,1131
2236,1131,1130
2237,1131,1132
2238,1132,1131
2239,1132,1133
2240,1133,1132
2241,1133,1134
2242,1134,1133
2243,1134,1135
2244,1135,1134
2245,1135,843
2246,1136,1137
2247,1137,1136
2248,1137,1138
2249,1138,1137
2250,1138,1139
2251,1139,1138
2252,1139,1140
2253,1140,1139
2254,1140,1141
2255,1141,1140
2256,1141,1142
2257,1142,1141
2258,1142,1143
2259,1143,1142
2260,1143,1144
2261,1144,1143
2262,1144,1145
2263,1145,1144
2264,1145,1146
2265,1146,1145
2266,1146,1147
2267,1147,1146
2268,1147,1148
2269,1148,1147
2270,1148,1149
2271,1149,1148
2272,1149,1150
2273,1150,1149
2274,1150,1151
2275,1151,1150
2276,1151,1152
2277,1152,1151
2278,1152,1153
2279,1153,1152
2280,1153,1154
2281,1154,1153
2282,1154,1155
2283,1155,1154
2284,1155,1156
2285,1156,1155
2286,1156,1157
2287,1157,1156
2288,1157,1158
2289,1158,1157
2290,1158,1159
2291,1159,1158
2292,1159,1160
2293,1160,1159
2294,1160,1161
2295,1161,1160
2296,1161,1162
2297,1162,1161
2298,1162,1163
2299,1163,1162
2300,1163,1164
2301,1164,1163
2302,1164,1165
2303,1165,1164
2304,1165,1166
2305,1166,1165
2306,1166,1167
2307,1167,1166
2308,1167,1168
2309,1168,1167
2310,1168,1169
2311,1169,1168
2312,1169,1170
2313,1170,1169
2314,1170,1171
2315,1171,1170
2316,1171,1172
2317,1172,1171
2318,1172,1173
2319,1173,1172
2320,1173,1174
2321,1174,1173
2322,1174,1175
2323,1175,1174
2324,1175,1176
2325,1176,1175
2326,1176,1177
2327,1177,1176
2328,1177,1178
2329,1178,1177
2330,1178,1179
2331,1179,1178
2332,1179,1180
2333,1180,1179
2334,1180,1181
2335,1181,1180
2336,1181,1182
2337,1182,1181
2338,1182,1183
2339,1183,1182
2340,1183,1184
2341,1184,1183
2342,1184,1185
2343,1185,1184
2344,1185,1186
2345,1186,1185
2346,1186,1187
2347,1187,1186
2348,1187,1188
2349,1188,1187
2350,1188,1189
2351,1189,1188
2352,1189,1190
2353,1190,1189
2354,1190,1191
2355,1191,1190
2356,1191,1192
2357,1192,1191
2358,1192,1193
2359,1193,1192
2360,1193,1194
2361,1194,1193
2362,1194,1195
2363,1195,1194
2364,1195,1196
2365,1196,1195
2366,1196,1197
2367,1197,1196
2368,1197,1198
2369,1198,1197
2370,1198,1199
2371,1199,1198
2372,1199,1200
2373,1200,1199
2374,1200,1201
2375,1201,1200
2376,1201,1202
2377,1202,1201
2378,1202,1203
2379,1203,1202
2380,1203,1204
2381,1204,1203
2382,1204,1205
2383,1205,1204
2384,1205,1206
2385,1206,1205
2386,1206,1207
2387,1207,1206
2388,1207,1208
2389,1208,1207
2390,1208,1209
2391,1209,1208
2392,1209,1210
2393,1210,1209
2394,1210,1211
2395,1211,1210
2396,1211,1212
2397,1212,1211
2398,1212,1213
2399,1213,1212
2400,1213,1214
2401,1214,1213
2402,1214,1215
2403,1215,1214
2404,1215,1216
2405,1216,1215
2406,1216,1217
2407,1217,1216
2408,1217,1218
2409,1218,1217
2410,1218,1219
2411,1219,1218
2412,1219,1220
2413,1220,1219
2414,1220,562
2415,1221,106
2416,1221,1222
2417,1222,1221
2418,1222,1223
2419,1223,1222
2420,1223,1224
2421,1224,1223
2422,1224,1225
2423,1225,1224
2424,1225,1226
2425,1226,1225
2426,1226,1227
2427,1227,1226
2428,1227,107
2429,1228,327
2430,1228,1229
2431,1229,1228
2432,1229,1230
2433,1230,1229
2434,1230,1231
2435,1231,1230
2436,1231,1232
2437,1232,1231
2438,1232,1105
2439,1233,1234
2440,1234,1233
2441,1234,1235
2442,1235,1234
2443,1235,1236
2444,1236,1235
2445,1236,1237
2446,1237,1236
2447,1237,1238
2448,1238,1237
2449,1239,1240
2450,1240,1239
2451,1240,1241
2452,1241,1240
2453,1241,1242
2454,1242,1241
2455,1242,1243
2456,1243,1242
2457,1244,1245
2458,1245,1244
2459,1245,1246
2460,1246,1245
2461,1246,1247
2462,1247,1246
2463,1247,1248
2464,1248,1247
2465,1248,1249
2466,1249,1248
2467,1249,1250
2468,1250,1249
2469,1250,1251
2470,1251,1250
2471,1251,1252
2472,1252,1251
2473,1252,1253
2474,1253,1252
2475,1253,1254
2476,1254,1253
2477,1254,1255
2478,1255,1254
2479,1255,1256
2480,1256,1255
2481,1256,1257
2482,1257,1256
2483,1257,628
2484,1258,1259
2485,1259,1258
2486,1259,1260
2487,1260,1259
2488,1260,1261
2489,1261,1260
2490,1261,1262
2491,1262,1261
2492,1262,1263
2493,1263,1262
2494,1263,1264
2495,1264,1263
2496,1264,1265
2497,1265,1264
2498,1266,1267
2499,1267,1266
2500,1267,1268
2501,1268,1267
2502,1268,1269
2503,1269,1268
2504,1269,1270
2505,1270,1269
2506,1270,1271
2507,1271,1270
2508,1271,1272
2509,1272,1271
2510,1272,1273
2511,1273,1272
2512,1273,1274
2513,1274,1273
2514,1274,1275
2515,1275,1274
2516,1275,1276
2517,1276,1275
2518,1276,1277
2519,1277,1276
2520,1277,1278
2521,1278,1277
2522,1278,1279
2523,1279,1278
2524,1280,1281
2525,1281,1280
2526,1281,1282
2527,1282,1281
2528,1282,1283
2529,1283,1282
2530,1284,1104
2531,1284,1285
2532,1285,1284
2533,1285,1286
2534,1286,1285
2535,1286,1287
2536,1287,1286
2537,1287,1288
2538,1288,1287
2539,1288,1289
2540,1289,1288
2541,1289,1290
2542,1290,1289
2543,1290,1291
2544,1291,1290
2545,1291,1292
2546,1292,1291
2547,1292,1293
2548,1293,1292
2549,1293,1294
2550,1294,1293
2551,1294,1295
2552,1295,1294
2553,1295,1296
2554,1296,1295
2555,1296,1297
2556,1297,1296
2557,1297,1298
2558,1298,1297
2559,1298,1299
2560,1299,1298
2561,1299,1300
2562,1300,1299
2563,1300,1301
2564,1301,1300
2565,1301,1302
2566,1302,1301
2567,1302,1303
2568,1303,1302
2569,1303,1304
2570,1304,1303
2571,1304,1305
2572,1305,1304
2573,1305,1306
2574,1306,1305
2575,1306,1307
2576,1307,1306
2577,1307,1308
2578,1308,1307
2579,1308,1309
2580,1309,1308
2581,1309,1310
2582,1310,1309
2583,1310,1311
2584,1311,1310
2585,1311,1312
2586,1312,1311
2587,1312,1313
2588,1313,1312
2589,1313,1314
2590,1314,1313
2591,1314,1315
2592,1315,1314
2593,1315,1316
2594,1316,1315
2595,1316,1317
2596,1317,1316
2597,1317,1318
2598,1318,1317
2599,1318,1319
2600,1319,1318
2601,1319,1320
2602,1320,1319
2603,1320,1321
2604,1321,1320
2605,1321,1322
2606,1322,1321
2607,1322,1323
2608,1323,1322
2609,1323,1324
2610,1324,1323
2611,1324,1325
2612,1325,1324
2613,1325,1326
2614,1326,1325
2615,1326,1327
2616,1327,1326
2617,1327,1328
2618,1328,1327
2619,1328,1329
2620,1329,1328
2621,1329,1330
2622,1330,1329
2623,1330,1331
2624,1331,1330
2625,1331,1332
2626,1332,1331
2627,1332,1333
2628,1333,1332
2629,1333,1334
2630,1334,1333
2631,1334,1335
2632,1335,1334
2633,1335,1336
2634,1336,1335
2635,1336,1337
2636,1337,1336
2637,1337,1338
2638,1338,1337
2639,1338,1339
2640,1339,1338
2641,1339,1340
2642,1340,1339
2643,1340,1341
2644,1341,1340
2645,1341,1342
2646,1342,1341
2647,1342,1343
2648,1343,1342
2649,1343,1344
2650,1344,1343
2651,1344,1345
2652,1345,1344
2653,1345,1346
2654,1346,1345
2655,1346,1347
2656,1347,1346
2657,1347,1348
2658,1348,1347
2659,1348,1349
2660,1349,1348
2661,1349,1350
2662,1350,1349
2663,1350,1351
2664,1351,1350
2665,1351,1352
2666,1352,1351
2667,1352,1353
2668,1353,1352
2669,1354,8
2670,1354,1355
2671,1355,1354
2672,1355,1356
2673,1356,1355
2674,1356,1357
2675,1357,1356
2676,1357,1358
2677,1358,1357
2678,1358,1359
2679,1359,1358
2680,1359,1360
2681,1360,1359
2682,1360,1361
2683,1361,1360
2684,1361,1362
2685,1362,1361
2686,1362,1363
2687,1363,1362
2688,1364,735
2689,1364,1365
2690,1365,1364
2691,1365,1366
2692,1366,1365
2693,1366,1367
2694,1367,1366
2695,1367,1368
2696,1368,1367
2697,1368,1369
2698,1369,1368
2699,1369,1370
2700,1370,1369
2701,1370,1371
2702,1371,1370
2703,1371,1372
2704,1372,1371
2705,1372,1373
2706,1373,1372
2707,1373,1374
2708,1374,1373
2709,1374,1375
2710,1375,1374
2711,1375,744
