0,536969.994872,5077397.13637,0.0
1,536977.868785,5077417.84937,0.0
2,536980.713815,5077435.53247,0.0
3,537004.664052,5077442.56406,0.0
4,537022.353121,5077444.89182,0.0
5,537039.502647,5077459.54937,0.0
6,537047.679508,5077481.48646,0.0
7,537067.361218,5077488.15946,0.0
8,537083.202694,5077487.80976,0.0
9,537098.731613,5077487.79156,0.0
10,536386.478538,5078338.54435,0.0
11,536388.277764,5078375.88714,0.0
12,537972.29274,5078187.06127,0.0
13,537996.452136,5078184.65384,0.0
14,538013.578962,5078189.64761,0.0
15,538030.730983,5078190.53058,0.0
16,538054.565664,5078177.78832,0.0
17,536477.486151,5078400.85524,0.0
18,536452.291625,5078407.92902,0.0
19,536428.3712063718,5078405.762144248,0.0
20,535286.660052,5078309.51938,0.0
21,535234.694749,5078300.89069,0.0
22,535202.347295,5078337.37238,0.0
23,535166.948064,5078378.17012,0.0
24,535128.600005,5078418.84023,0.0
25,535090.784901,5078447.7362,0.0
26,535046.931442,5078473.70945,0.0
27,535006.650516,5078499.48097,0.0
28,536297.350085,5080101.8603,0.0
29,536275.425275,5080095.17649,0.0
30,536264.730488,5080066.00355,0.0
31,536245.922227,5080057.22705,0.0
32,536226.053666,5080057.22193,0.0
33,536193.948847,5080052.70106,0.0
34,536166.259499,5080036.31756,0.0
35,536146.026166,5080032.31069,0.0
36,536118.938692,5080019.15305,0.0
37,536091.773494,5080005.99508,0.0
38,536069.433557,5080003.86502,0.0
39,536027.624553,5079999.73295,0.0
40,536007.041183,5080002.50208,0.0
41,535976.216584,5080004.65626,0.0
42,535956.406968,5079981.09746,0.0
43,535948.737927,5079951.83155,0.0
44,535924.634968,5079932.47005,0.0
45,535907.567061,5079904.48299,0.0
46,535895.174061,5079886.745,0.0
47,535883.019615,5079868.00845,0.0
48,535853.966792,5079858.9516,0.0
49,535825.745767,5079853.67737,0.0
50,535794.60049,5079844.05316,0.0
51,535776.890939,5079832.95118,0.0
52,535759.503316,5079819.85116,0.0
53,535736.100968,5079799.93891,0.0
54,535715.81909,5079790.7111,0.0
55,535687.231981,5079781.54662,0.0
56,535667.694329,5079791.32271,0.0
57,535637.473098,5079796.37087,0.0
58,535618.879694,5079803.93038,0.0
59,535589.451538,5079792.53936,0.0
60,535569.768633,5079787.09314,0.0
61,535540.328199,5079777.81333,0.0
62,535519.859526,5079774.02938,0.0
63,535500.030191,5079767.02704,0.0
64,535476.627454,5079747.00467,0.0
65,535458.844537,5079735.01433,0.0
66,535441.061552,5079723.02403,0.0
67,535417.679418,5079699.33545,0.0
68,535399.584527,5079687.56571,0.0
69,535377.699395,5079687.10738,0.0
70,535345.765693,5079679.36978,0.0
71,535331.571576,5079664.06704,0.0
72,535315.903355,5079648.64483,0.0
73,535286.475181,5079637.03305,0.0
74,535264.736874,5079638.02035,0.0
75,535244.020832,5079636.68029,0.0
76,535225.437004,5079628.90816,0.0
77,535195.73912,5079623.73953,0.0
78,535179.197125,5079598.09079,0.0
79,535178.876511,5079558.86793,0.0
80,535171.395771,5079550.38126,0.0
81,535157.195883,5079535.96777,0.0
82,535147.758217,5079516.69258,0.0
83,535141.045243,5079495.98846,0.0
84,535137.587693,5079476.08056,0.0
85,535114.024933,5079456.50312,0.0
86,535097.251388,5079444.18623,0.0
87,535081.568814,5079431.09781,0.0
88,535056.048936,5079414.39832,0.0
89,535047.1566,5079394.68195,0.0
90,535032.341407,5079379.15419,0.0
91,535023.221742,5079358.4366,0.0
92,535013.000924,5079340.26828,0.0
93,534998.407899,5079312.85334,0.0
94,534980.312965,5079300.75153,0.0
95,534952.961923,5079292.04189,0.0
96,534934.401129,5079279.93759,0.0
97,534921.997197,5079263.42373,0.0
98,534910.753731,5079233.80573,0.0
99,534903.708498,5079202.98922,0.0
100,534895.196582,5079184.49741,0.0
101,534878.893139,5079157.40646,0.0
102,534860.716147,5079145.97119,0.0
103,534846.919575,5079128.5608,0.0
104,534821.397191,5079111.97339,0.0
105,534790.559642,5079101.9116,0.0
106,534776.050466,5079086.94173,0.0
107,534773.543217,5079049.59551,0.0
108,536569.068808,5078365.39598,0.0
109,536575.406559,5078383.32174,0.0
110,536590.458488,5078397.96571,0.0
111,536582.638699,5078420.69666,0.0
112,536567.936182,5078438.94269,0.0
113,536308.4474998096,5080041.737877158,0.0
114,536312.588925,5080044.28451,0.0
115,536642.624987,5078608.49002,0.0
116,536622.438632,5078608.92624,0.0
117,536616.790883,5078605.67074,0.0
118,536597.199952,5078610.44377,0.0
119,534960.7328998523,5079294.516472534,0.0
120,534975.9042111468,5079246.87372583,0.0
121,534983.809756,5079231.32897,0.0
122,534997.188077,5079212.73843,0.0
123,535008.15085,5079195.80088,0.0
124,535017.03678,5079175.51838,0.0
125,535029.980739,5079165.14742,0.0
126,535058.332827,5079161.64121,0.0
127,536566.852372,5079306.68926,0.0
128,536559.125926,5079300.64383,0.0
129,535001.1612885619,5079206.59979432,0.0
130,535043.1361996097,5079233.767916127,0.0
131,535053.833038,5079229.83588,0.0
132,535093.4404392008,5079126.039867813,0.0
133,535136.239141,5079125.30584,0.0
134,535178.568165,5079093.65809,0.0
135,535221.745143,5079063.12653,0.0
136,535246.212642,5079019.37811,0.0
137,535276.803633,5078990.8864,0.0
138,535330.119055,5078979.52383,0.0
139,535366.417677,5078943.9542,0.0
140,535410.854172,5078937.87483,0.0
141,535630.22638,5079153.45916,0.0
142,535614.312368,5079180.70019,0.0
143,535605.810294,5079187.87334,0.0
144,535579.142659,5079195.3866,0.0
145,535569.099732,5079200.55101,0.0
146,535879.187793,5078291.03282,0.0
147,535894.322645,5078291.67599,0.0
148,535906.415327,5078281.41302,0.0
149,535922.382534,5078272.3947,0.0
150,535936.782986,5078265.81172,0.0
151,535957.565368,5078256.48809,0.0
152,535977.438805,5078243.27049,0.0
153,535992.135505,5078225.8008,0.0
154,536001.551365,5078208.63379,0.0
155,536005.751062,5078193.99197,0.0
156,536020.037042,5078167.0758,0.0
157,536028.678027,5078149.68211,0.0
158,536047.385522,5078136.79127,0.0
159,536052.304106,5078118.70933,0.0
160,536056.952253,5078093.73713,0.0
161,536057.641183,5078082.07483,0.0
162,536057.282019,5078063.73997,0.0
163,536046.822548,5078033.34674,0.0
164,536036.08098,5078011.39608,0.0
165,536025.968808,5077988.00469,0.0
166,536021.614478,5077962.42462,0.0
167,536026.929041,5077943.01166,0.0
168,536030.816992,5077915.25735,0.0
169,536039.51196,5077888.64206,0.0
170,536047.537453,5077870.35596,0.0
171,536061.238223,5077850.76959,0.0
172,536077.998645,5077839.0897,0.0
173,536099.24978,5077829.54705,0.0
174,536118.305135,5077823.76934,0.0
175,536133.733448,5077840.85872,0.0
176,536131.456006,5077858.62267,0.0
177,536130.003435,5077881.39128,0.0
178,536136.508605,5077897.53981,0.0
179,536136.780202,5077917.54077,0.0
180,536144.02928,5077939.24904,0.0
181,536925.827679,5079245.37544,0.0
182,536912.453041,5079275.40604,0.0
183,536896.612601,5079302.42206,0.0
184,536873.064434,5079307.28175,0.0
185,536853.838786,5079329.27787,0.0
186,536838.33728,5079338.51877,0.0
187,536809.418474,5079345.90225,0.0
188,536776.180175,5079348.7048,0.0
189,536764.620376,5079347.74733,0.0
190,536726.669899,5079333.63377,0.0
191,536701.715071,5079313.93088,0.0
192,536679.726701,5079304.46761,0.0
193,536652.119493,5079300.08213,0.0
194,536632.171528,5079299.96417,0.0
195,536616.117964707,5079298.151029784,0.0
196,536511.0647221793,5079314.432255846,0.0
197,536499.729818,5079316.51543,0.0
198,536482.743605,5079327.52619,0.0
199,536464.21125,5079363.86053,0.0
200,536458.608686,5079392.60453,0.0
201,536448.451604,5079417.09964,0.0
202,536432.608326,5079445.00568,0.0
203,536424.606511,5079459.40267,0.0
204,536399.574768,5079479.1439,0.0
205,536386.487602,5079487.17791,0.0
206,536372.71823,5079505.6521,0.0
207,536369.174002,5079540.85253,0.0
208,536368.583743,5079562.0707,0.0
209,536370.001693,5079584.96727,0.0
210,536370.68914,5079613.30385,0.0
211,536372.141637,5079630.31191,0.0
212,536373.864791,5079654.09914,0.0
213,536370.82349,5079669.74752,0.0
214,536387.30623,5079704.62112,0.0
215,536392.319728,5079723.20561,0.0
216,536405.01876,5079754.7238,0.0
217,536405.846223,5079785.61671,0.0
218,536401.69091,5079805.92506,0.0
219,536395.930575,5079822.00189,0.0
220,536377.419756,5079841.78151,0.0
221,536361.917635,5079851.46801,0.0
222,536342.259787,5079868.3522,0.0
223,536332.23177,5079897.5148,0.0
224,536323.103725,5079905.57216,0.0
225,536317.10444,5079935.9806,0.0
226,536316.496685,5079946.97674,0.0
227,536316.7112576864,5079992.425502385,0.0
228,537020.432625,5078910.28249,0.0
229,537012.102347,5078927.34336,0.0
230,537007.716955,5078946.76108,0.0
231,536997.417003,5078968.69897,0.0
232,536985.258164,5078989.95913,0.0
233,536973.493484,5079010.2217,0.0
234,536961.49734,5079030.26069,0.0
235,536955.09666,5079049.22199,0.0
236,536946.511356,5079070.05911,0.0
237,536934.593033,5079090.09861,0.0
238,536922.300584,5079107.80264,0.0
239,536911.715199,5079125.62797,0.0
240,536894.778884,5079141.08224,0.0
241,536889.748564,5079164.6072,0.0
242,536874.81929,5079181.9623,0.0
243,536856.46888,5079200.29706,0.0
244,536841.64515,5079212.98633,0.0
245,536840.494732,5079236.75661,0.0
246,536839.364138,5079257.19377,0.0
247,536828.91995,5079277.46446,0.0
248,536821.2342591325,5079290.504200332,0.0
249,536846.8367045367,5079333.4520150535,0.0
250,535871.1172846536,5078340.377190449,0.0
251,535877.618155,5078361.02158,0.0
252,535885.184132,5078408.50838,0.0
253,535882.076615,5078435.71177,0.0
254,535840.161814,5078448.02443,0.0
255,535793.19105,5078435.19782,0.0
256,535753.417203,5078426.30185,0.0
257,535712.575637,5078414.06675,0.0
258,535673.83784,5078413.95477,0.0
259,535652.402104,5078456.05235,0.0
260,535627.271782,5078492.68448,0.0
261,535600.875452,5078533.53153,0.0
262,535578.268547,5078576.95592,0.0
263,535543.686484,5078610.42312,0.0
264,535510.474063,5078648.78709,0.0
265,535472.262775,5078679.01177,0.0
266,535423.636212,5078670.84499,0.0
267,535389.181721,5078641.42684,0.0
268,535350.998903,5078612.32093,0.0
269,535329.815499,5078583.42326,0.0
270,535350.126327,5078547.5402,0.0
271,535349.928616,5078500.54055,0.0
272,535341.811168,5078467.38419,0.0
273,535297.797258,5078439.57868,0.0
274,535286.728429,5078392.96156,0.0
275,535288.1324447141,5078359.497695895,0.0
276,534953.41012,5079460.26147,0.0
277,534931.568531,5079479.47104,0.0
278,534932.375269,5079501.58602,0.0
279,534934.728048,5079524.8208,0.0
280,534935.922843,5079546.93797,0.0
281,534937.667198,5079567.94717,0.0
282,534942.37523,5079600.19496,0.0
283,534945.765022,5079632.21311,0.0
284,534946.039036,5079652.43627,0.0
285,534936.701472,5079670.38306,0.0
286,534919.171366,5079682.17276,0.0
287,534901.556202,5079695.29532,0.0
288,534891.754402,5079713.01735,0.0
289,534880.877382,5079742.51077,0.0
290,534882.946655,5079747.18894,0.0
291,536095.378331,5077307.65208,0.0
292,536090.317961,5077323.28879,0.0
293,536074.162414,5077337.52764,0.0
294,536077.259796,5077352.32297,0.0
295,536106.329294,5077387.15776,0.0
296,536185.0403329033,5077967.851374516,0.0
297,536193.078103,5077982.31168,0.0
298,536210.089659,5077994.07734,0.0
299,536215.604721,5078006.88695,0.0
300,536219.987432,5078027.46748,0.0
301,536229.173693,5078049.74271,0.0
302,536240.136036,5078060.36202,0.0
303,536269.157788,5078076.08685,0.0
304,536277.0858,5078087.79956,0.0
305,536290.583882,5078102.87811,0.0
306,536297.08514,5078119.58234,0.0
307,536291.527213,5078140.66027,0.0
308,536293.024579,5078150.11319,0.0
309,536307.677213,5078166.86517,0.0
310,536325.430511,5078184.4131,0.0
311,536342.025086,5078200.95433,0.0
312,536353.332771,5078218.79788,0.0
313,536363.517695,5078242.7458,0.0
314,536363.956825,5078260.52562,0.0
315,536374.170978,5078279.47388,0.0
316,536380.0899328496,5078288.954172301,0.0
317,535224.711735,5079210.36111,0.0
318,535249.023724,5079207.49945,0.0
319,535269.193603,5079195.94791,0.0
320,535295.803254,5079198.5438,0.0
321,535309.65084,5079179.51216,0.0
322,535323.291618,5079155.92396,0.0
323,535326.640979,5079140.27686,0.0
324,535343.036329,5079123.7042,0.0
325,535363.454103,5079109.5989,0.0
326,535382.358061,5079115.92884,0.0
327,535403.362359,5079135.04824,0.0
328,536576.6072806715,5078564.881264718,0.0
329,536571.523966,5078554.51605,0.0
330,537934.159829,5077491.5137,0.0
331,537916.699374,5077489.96249,0.0
332,537886.983124,5077486.44758,0.0
333,536098.277518887,5077377.509093374,0.0
334,536059.8884177115,5077409.544650352,0.0
335,536055.25563,5077410.97087,0.0
336,536032.520839,5077421.72724,0.0
337,536006.596358,5077433.57624,0.0
338,535986.614275,5077451.68187,0.0
339,535970.692223,5077465.92234,0.0
340,535942.280948,5077478.20161,0.0
341,535929.42726,5077472.1273,0.0
342,535910.511494,5077480.46188,0.0
343,535889.401888,5077492.22815,0.0
344,535872.070558,5077495.12775,0.0
345,535851.783103,5077499.01027,0.0
346,535827.199737,5077507.31233,0.0
347,535821.505593,5077525.27885,0.0
348,535804.112791,5077538.84461,0.0
349,535783.924327,5077539.06137,0.0
350,535777.33071,5077551.46736,0.0
351,535773.752974,5077579.44581,0.0
352,535769.193516,5077602.64098,0.0
353,535765.0948,5077626.72767,0.0
354,535758.617498,5077645.91192,0.0
355,535757.692431,5077671.68353,0.0
356,535746.391351,5077692.61769,0.0
357,535742.653937,5077707.92898,0.0
358,535723.088755,5077734.81534,0.0
359,535709.08466,5077753.28962,0.0
360,535693.372621,5077771.7541,0.0
361,535683.477723,5077791.25207,0.0
362,535663.031907,5077809.35605,0.0
363,535640.800561,5077827.44983,0.0
364,535629.337856,5077849.60545,0.0
365,535638.121075,5077874.87736,0.0
366,535646.027226,5077904.14411,0.0
367,535331.446617,5078841.98007,0.0
368,535306.801769,5078848.50608,0.0
369,535287.037166,5078856.83769,0.0
370,535273.53359,5078869.87151,0.0
371,535247.877912,5078876.72532,0.0
372,535212.788162,5078890.85872,0.0
373,535190.640878,5078922.3986,0.0
374,535173.519117,5078957.52252,0.0
375,535140.06511,5078970.77675,0.0
376,535114.1381,5078984.51824,0.0
377,535108.854506,5079012.82076,0.0
378,535101.037133,5079036.22019,0.0
379,535088.765587,5079051.15022,0.0
380,535068.732939,5079052.1479,0.0
381,535046.149174,5079065.01973,0.0
382,535039.321982,5079078.09182,0.0
383,535017.475028,5079097.96771,0.0
384,535012.679255,5079108.71805,0.0
385,535005.7391980138,5079121.417022213,0.0
386,534969.5636524666,5079159.27844818,0.0
387,534960.892564,5079165.86831,0.0
388,534963.1068162242,5079173.374571205,0.0
389,535005.0817272719,5079200.542693012,0.0
390,533256.911948,5078821.27787,0.0
391,533235.221561,5078841.82746,0.0
392,533227.677494,5078873.45258,0.0
393,538047.7799634691,5078181.4160237,0.0
394,538024.2067343579,5078137.321773856,0.0
395,538019.510608,5078133.90772,0.0
396,537996.174343,5078103.32101,0.0
397,537982.427723,5078091.4593,0.0
398,537970.181276,5078075.49581,0.0
399,537945.126388,5078046.5654,0.0
400,537918.877673,5078035.07175,0.0
401,537919.402457,5078012.74224,0.0
402,537914.737927,5077988.38104,0.0
403,537912.667434,5077971.47995,0.0
404,537915.80242,5077941.27773,0.0
405,537909.382087,5077912.01705,0.0
406,537894.773403,5077901.37247,0.0
407,537881.309966,5077881.17962,0.0
408,537886.012282,5077835.87628,0.0
409,537890.953446,5077815.01818,0.0
410,537892.340975,5077791.24954,0.0
411,537890.273518,5077761.12663,0.0
412,537889.941012,5077752.01374,0.0
413,537882.006276,5077716.41069,0.0
414,537886.755338,5077688.88493,0.0
415,537892.285129,5077673.3636,0.0
416,537907.717734,5077638.23672,0.0
417,537915.421353,5077610.0624,0.0
418,537921.254367,5077595.76514,0.0
419,537925.012033,5077565.34454,0.0
420,537931.6185269285,5077541.449076075,0.0
421,534974.4768045134,5078461.207581214,0.0
422,534954.974757,5078425.96944,0.0
423,534917.126019,5078392.09052,0.0
424,534870.655656,5078372.7184,0.0
425,534823.413298,5078366.34188,0.0
426,534768.034756,5078288.03353,0.0
427,534729.936318,5078256.82096,0.0
428,534676.854346,5078267.19007,0.0
429,534626.790819,5078265.35468,0.0
430,534590.59699,5078240.48674,0.0
431,534546.919238,5078221.13266,0.0
432,534540.986299,5078185.21191,0.0
433,534512.546568,5078175.83157,0.0
434,534477.590559,5078165.52626,0.0
435,534460.553163,5078129.98826,0.0
436,534445.434797,5078098.34974,0.0
437,534418.637885,5078072.64619,0.0
438,534416.505132,5078023.30268,0.0
439,534425.458496,5078004.79747,0.0
440,536535.609104335,5078595.57278424,0.0
441,536541.065678,5078611.77916,0.0
442,536544.8948915043,5078616.118138469,0.0
443,536590.4573967857,5078595.525467141,0.0
444,536564.1577561655,5078647.969938128,0.0
445,536565.60286,5078663.36684,0.0
446,536563.531099,5078685.57619,0.0
447,536568.574715,5078712.27185,0.0
448,536574.478724,5078737.86151,0.0
449,536573.983718,5078755.96918,0.0
450,536573.463142,5078778.4099,0.0
451,536582.245737,5078802.90548,0.0
452,536592.243799,5078818.74184,0.0
453,536587.833416,5078842.604,0.0
454,535421.7912475892,5078889.085687995,0.0
455,535423.289797,5078880.83654,0.0
456,535422.482787,5078859.05481,0.0
457,535427.095495,5078839.74844,0.0
458,535431.849378,5078809.33211,0.0
459,535438.059755,5078782.14624,0.0
460,535443.907577,5078764.06913,0.0
461,535447.191348,5078759.97693,0.0
462,535480.5381617107,5078728.322194605,0.0
463,537906.965797,5076580.04048,0.0
464,537881.02476,5076567.99343,0.0
465,537851.425131,5076582.81225,0.0
466,537838.085211,5076605.50794,0.0
467,537806.633049,5076618.53794,0.0
468,537776.011008,5076622.79564,0.0
469,537745.124386,5076619.49656,0.0
470,537728.983708,5076592.06582,0.0
471,537719.789009,5076584.45456,0.0
472,537697.697182,5076577.87598,0.0
473,537681.756739,5076555.77977,0.0
474,537664.556185,5076536.56474,0.0
475,537640.462573,5076514.30802,0.0
476,537611.35076,5076525.57549,0.0
477,537589.874452,5076519.8899,0.0
478,537569.477851,5076515.4331,0.0
479,537547.098177,5076517.85304,0.0
480,537532.024321,5076532.09469,0.0
481,537491.65227,5076517.73981,0.0
482,537481.602984,5076510.12374,0.0
483,537455.473515,5076490.52203,0.0
484,537436.803218,5076483.07619,0.0
485,537413.333173,5076460.26859,0.0
486,537393.644575,5076441.37264,0.0
487,537376.283488,5076422.82412,0.0
488,537374.010772,5076400.47778,0.0
489,537344.360597,5076385.07742,0.0
490,537324.833638,5076377.96009,0.0
491,537315.843686,5076374.90609,0.0
492,537283.003184,5076347.59831,0.0
493,537270.00671,5076313.41016,0.0
494,537256.125169,5076284.32766,0.0
495,537244.557447,5076270.81417,0.0
496,537211.494438,5076241.61662,0.0
497,537192.168828,5076226.72339,0.0
498,537167.351432,5076208.13076,0.0
499,537142.732926,5076195.20591,0.0
500,537120.368907,5076194.84981,0.0
501,537099.809617,5076191.39357,0.0
502,537071.329938,5076174.77936,0.0
503,537056.718348,5076163.69239,0.0
504,537032.720082,5076163.88238,0.0
505,537001.856006,5076156.36507,0.0
506,536976.019758,5076152.21112,0.0
507,536945.780358,5076157.14187,0.0
508,536925.057867,5076168.01811,0.0
509,536889.180287,5076154.69393,0.0
510,537707.95999,5078261.00104,0.0
511,537739.13814,5078266.07955,0.0
512,537752.158398,5078282.49173,0.0
513,537769.325536,5078293.59601,0.0
514,537788.969087,5078318.71507,0.0
515,537809.456871,5078319.95109,0.0
516,537831.87796,5078322.42117,0.0
517,537849.494847,5078297.97384,0.0
518,537864.63513,5078272.28923,0.0
519,537873.998874,5078251.79145,0.0
520,537898.933427,5078236.83316,0.0
521,537914.064024,5078225.48155,0.0
522,537931.7421820939,5078216.312804208,0.0
523,535044.0397289629,5079283.759751808,0.0
524,535044.423566,5079287.78087,0.0
525,535059.776916,5079317.97791,0.0
526,535062.3593232131,5079326.028958073,0.0
527,535018.7817127419,5079350.544093513,0.0
528,537425.028509,5078806.16006,0.0
529,537415.882872,5078803.77157,0.0
530,537398.334602,5078778.77743,0.0
531,537386.573914,5078759.48477,0.0
532,537390.569942,5078727.62086,0.0
533,537413.620279,5078715.64919,0.0
534,537429.950118,5078698.19272,0.0
535,537447.951154,5078673.9688,0.0
536,537460.125623,5078650.48746,0.0
537,537462.545763,5078635.39139,0.0
538,537467.203282,5078609.75358,0.0
539,537482.511942,5078581.51359,0.0
540,537502.484781,5078565.07931,0.0
541,537523.830813,5078552.6533,0.0
542,537541.461315,5078525.6497,0.0
543,537557.381446,5078499.08022,0.0
544,537590.260813,5078492.27974,0.0
545,537621.433698,5078472.46943,0.0
546,537649.280889,5078463.41656,0.0
547,537656.722483,5078439.68464,0.0
548,537668.805731,5078405.8701,0.0
549,537670.217976,5078377.87945,0.0
550,537670.758738,5078352.77231,0.0
551,537675.856758,5078331.47055,0.0
552,537685.57079,5078317.08555,0.0
553,537689.3138169544,5078307.394145422,0.0
554,536687.550934,5078769.52897,0.0
555,536709.256437,5078748.43589,0.0
556,536731.013295,5078744.89824,0.0
557,536750.24082,5078735.90138,0.0
558,536768.788226,5078723.78952,0.0
559,536850.9020869966,5076186.861917262,0.0
560,536842.430645,5076206.63659,0.0
561,536829.264338,5076213.66927,0.0
562,539807.856161,5079681.98948,0.0
563,539797.046407,5079685.2533,0.0
564,539771.550974,5079715.20005,0.0
565,539753.40846,5079736.30539,0.0
566,539734.303416,5079750.18253,0.0
567,539706.295044,5079760.55829,0.0
568,539683.987377,5079765.52637,0.0
569,539657.962864,5079769.13742,0.0
570,539635.957902,5079775.3298,0.0
571,539605.936855,5079784.91537,0.0
572,539574.548684,5079789.82579,0.0
573,539555.994303,5079790.48505,0.0
574,539536.548281,5079784.9166,0.0
575,539513.559675,5079774.99236,0.0
576,539482.651646,5079765.46218,0.0
577,539441.64817,5079756.75674,0.0
578,539418.011544,5079751.05087,0.0
579,539375.155762,5079740.66746,0.0
580,539362.60148,5079737.58774,0.0
581,539334.307911,5079731.85261,0.0
582,539303.588541,5079729.21326,0.0
583,539273.726415,5079726.02395,0.0
584,539235.281536,5079717.66943,0.0
585,539202.520627,5079706.46229,0.0
586,539177.325704,5079701.63635,0.0
587,539138.714092,5079695.05912,0.0
588,539117.790643,5079689.81597,0.0
589,539088.749244,5079679.52179,0.0
590,539055.763439,5079666.98071,0.0
591,539030.552228,5079652.37771,0.0
592,539005.335303,5079638.66366,0.0
593,538978.52261,5079619.49534,0.0
594,538958.813998,5079606.14946,0.0
595,538925.751891,5079580.94223,0.0
596,538912.053778,5079574.52299,0.0
597,538882.896934,5079570.11782,0.0
598,538861.103058,5079567.42558,0.0
599,538820.49666,5079556.94904,0.0
600,538796.095092,5079549.24081,0.0
601,538768.292279,5079539.28923,0.0
602,538730.494995,5079526.38647,0.0
603,538702.769594,5079516.43567,0.0
604,538672.337943,5079504.80147,0.0
605,538633.382963,5079503.22515,0.0
606,538623.199319,5079505.71715,0.0
607,538586.283925,5079513.15363,0.0
608,538559.6644,5079512.54347,0.0
609,538519.902643,5079503.40746,0.0
610,538493.94887,5079495.57968,0.0
611,538463.746826,5079484.39237,0.0
612,538439.903714,5079474.13353,0.0
613,538426.967945,5079469.83117,0.0
614,538386.608886,5079456.80353,0.0
615,538350.561821,5079449.35825,0.0
616,538327.96301,5079438.66312,0.0
617,538313.257703,5079431.79456,0.0
618,538283.027526,5079412.49706,0.0
619,538246.059528,5079390.71373,0.0
620,538226.464109,5079383.81519,0.0
621,538220.81927,5079380.33601,0.0
622,538182.961214,5079351.76996,0.0
623,538158.41964,5079328.73046,0.0
624,538144.369032,5079316.31092,0.0
625,538117.726,5079294.14751,0.0
626,538121.688279,5079280.94999,0.0
627,538115.102193,5079253.79904,0.0
628,538101.799355,5079220.71806,0.0
629,538098.341822,5079189.69758,0.0
630,538096.107736,5079161.68455,0.0
631,538097.960885,5079138.02988,0.0
632,538082.018359,5079117.59906,0.0
633,535144.0249,5078737.91759,0.0
634,535154.446776,5078720.75501,0.0
635,535148.079967,5078693.60864,0.0
636,535151.596972,5078675.74026,0.0
637,535151.195376,5078650.73877,0.0
638,535126.066235,5078633.04129,0.0
639,535109.296122,5078619.72446,0.0
640,535102.576333,5078600.02035,0.0
641,535084.948769,5078573.58804,0.0
642,535079.826056,5078546.00436,0.0
643,535068.076911,5078537.04927,0.0
644,535063.5707292071,5078522.4214770375,0.0
645,535036.6241810387,5078480.303980175,0.0
646,537336.407487,5079213.5034,0.0
647,537341.459556,5079186.64567,0.0
648,537336.073053,5079165.9471,0.0
649,537332.555429,5079144.25982,0.0
650,537331.494226,5079114.25423,0.0
651,537329.895015,5079083.35653,0.0
652,537349.533934,5079070.47522,0.0
653,537366.928608,5079056.46936,0.0
654,537380.218239,5079028.10583,0.0
655,537386.154646,5078996.25361,0.0
656,537385.074896,5078969.35893,0.0
657,537391.873805,5078948.95606,0.0
658,537403.555645,5078929.80485,0.0
659,537398.079572,5078898.2171,0.0
660,537407.666351,5078878.94215,0.0
661,537415.391551,5078859.43376,0.0
662,537415.9006816673,5078855.31982778,0.0
663,536155.8778261236,5077393.8617114015,0.0
664,536170.328442,5077410.41896,0.0
665,536184.092505,5077406.83272,0.0
666,536199.051908,5077384.69853,0.0
667,536219.641045,5077369.15261,0.0
668,536242.34418,5077350.6192,0.0
669,536264.266469,5077332.85906,0.0
670,536266.391123,5077314.76095,0.0
671,536280.90078,5077289.95774,0.0
672,536293.917105,5077268.25683,0.0
673,536302.319985,5077252.08432,0.0
674,536322.675585,5077236.75958,0.0
675,536344.007305,5077213.88531,0.0
676,536365.428657,5077202.23351,0.0
677,536390.135305,5077186.49008,0.0
678,536404.907407,5077170.02176,0.0
679,536426.888209,5077155.70687,0.0
680,536455.397129,5077153.65227,0.0
681,536475.204684,5077139.21367,0.0
682,536473.400791,5077115.87046,0.0
683,536480.707633,5077088.13654,0.0
684,536482.823839,5077071.59396,0.0
685,536492.589313,5077048.31883,0.0
686,536500.024795,5077025.14111,0.0
687,536503.237943,5077006.93838,0.0
688,536513.087782,5076982.5527,0.0
689,536520.905111,5076960.48833,0.0
690,536533.90397,5076942.00994,0.0
691,536543.438852,5076918.40021,0.0
692,536549.62378,5076896.65958,0.0
693,533209.3553813975,5078919.974619828,0.0
694,533191.179027,5078948.58773,0.0
695,536577.3923520135,5076966.683014998,0.0
696,536577.686617,5076983.60008,0.0
697,536576.848192,5077007.26105,0.0
698,536587.60277,5077026.99055,0.0
699,536592.121277,5077050.79424,0.0
700,536597.426049,5077072.93597,0.0
701,536600.386969,5077097.50823,0.0
702,536599.709003,5077120.28129,0.0
703,536619.198983,5077133.39596,0.0
704,536636.869372,5077139.05573,0.0
705,536640.513635,5077153.07682,0.0
706,536643.913783,5077168.98531,0.0
707,536643.301487,5077193.7587,0.0
708,536657.316597,5077213.5076,0.0
709,536665.566875,5077236.44456,0.0
710,536670.845587,5077262.9194,0.0
711,536665.280412,5077284.88581,0.0
712,536658.1762,5077304.50986,0.0
713,536656.834057,5077321.39029,0.0
714,536654.239778,5077339.92993,0.0
715,536648.047673,5077362.89262,0.0
716,536636.863341,5077376.60387,0.0
717,536616.131661,5077389.81432,0.0
718,536611.295746,5077406.67413,0.0
719,536592.947518,5077423.8986,0.0
720,536576.633155,5077438.57965,0.0
721,536552.424311,5077448.99211,0.0
722,536546.358792,5077463.73367,0.0
723,536537.543116,5077484.01442,0.0
724,535648.720346,5079082.56765,0.0
725,535654.132464,5079072.82131,0.0
726,535665.257891,5079068.44102,0.0
727,535666.597035,5079051.56034,0.0
728,535655.754411,5079020.27666,0.0
729,535658.99483,5078996.74046,0.0
730,535669.947006,5078982.02616,0.0
731,535694.736089,5078977.39126,0.0
732,535714.900513,5078967.06331,0.0
733,535740.093183,5078959.76434,0.0
734,535760.917278,5078969.66196,0.0
735,535774.430681,5078981.96182,0.0
736,535571.2365136886,5079199.452205167,0.0
737,535594.1020799476,5079243.917538625,0.0
738,535617.312233,5079266.49266,0.0
739,535625.107664,5079274.20391,0.0
740,535648.609174,5079290.78304,0.0
741,536519.4138393699,5078371.259774876,0.0
742,536518.261316,5078371.42956,0.0
743,536518.0265995407,5078371.589696573,0.0
744,536066.666843,5078919.10214,0.0
745,536073.478922,5078909.03098,0.0
746,536077.968135,5078884.61339,0.0
747,536077.367838,5078867.7215,0.0
748,536082.034983,5078839.41618,0.0
749,536087.341915,5078821.22539,0.0
750,536097.307655,5078802.83954,0.0
751,536112.727919,5078780.93002,0.0
752,536121.927907,5078760.76202,0.0
753,536142.831911,5078743.66218,0.0
754,536159.581194,5078720.20503,0.0
755,536156.436133,5078713.74243,0.0
756,536163.165291,5078691.33791,0.0
757,536186.525788,5078679.03019,0.0
758,536195.681389,5078666.52847,0.0
759,536215.661901,5078661.42313,0.0
760,536236.611314,5078663.21221,0.0
761,536258.167152,5078654.22744,0.0
762,536276.582631,5078638.00236,0.0
763,536288.947202,5078621.07524,0.0
764,536302.410336,5078602.15465,0.0
765,536323.430254,5078591.94478,0.0
766,536346.351184,5078588.52371,0.0
767,536368.116813,5078570.3186,0.0
768,536388.578551,5078562.66116,0.0
769,536409.600706,5078552.11827,0.0
770,536429.273869,5078546.56738,0.0
771,536437.723113,5078522.28443,0.0
772,536446.325719,5078498.33572,0.0
773,536454.140339,5078476.38232,0.0
774,536452.6294444337,5078457.927878767,0.0
775,536849.088852,5076275.4517,0.0
776,536871.040617,5076305.91452,0.0
777,536877.733273,5076316.62063,0.0
778,536893.697668,5076361.38082,0.0
779,536893.215874,5076364.04453,0.0
780,536897.714542,5076417.18071,0.0
781,536884.804069,5076446.54742,0.0
782,536887.777411,5076468.89772,0.0
783,536864.636898,5076481.75971,0.0
784,536849.715643,5076509.78125,0.0
785,536848.037805,5076530.77061,0.0
786,536834.833899,5076544.2473,0.0
787,536805.263092,5076554.62695,0.0
788,536787.640135,5076593.07671,0.0
789,536781.963384,5076620.59772,0.0
790,536776.589382,5076649.45381,0.0
791,536762.266485,5076668.36829,0.0
792,536747.619244,5076689.61413,0.0
793,536729.897651,5076705.50863,0.0
794,536714.327349,5076725.30469,0.0
795,536686.764037,5076737.80782,0.0
796,536679.963847,5076758.4336,0.0
797,536659.328698,5076768.08905,0.0
798,536627.569957,5076781.01207,0.0
799,536623.217837,5076794.76371,0.0
800,536605.640872,5076838.88074,0.0
801,536584.348861,5076854.64347,0.0
802,536582.0511616294,5076858.600876387,0.0
803,535323.7073756492,5078844.029438145,0.0
804,535310.9083970418,5078795.695328586,0.0
805,535313.196672,5078775.21145,0.0
806,535310.513587,5078755.64121,0.0
807,535313.894138,5078734.55002,0.0
808,535317.156815,5078706.90281,0.0
809,535321.197681,5078678.92671,0.0
810,535319.8663107614,5078651.445879847,0.0
811,535395.9177970918,5078567.618578092,0.0
812,535412.553919,5078558.89625,0.0
813,535426.377076,5078530.86501,0.0
814,535439.361812,5078513.71756,0.0
815,535452.441407,5078493.57078,0.0
816,535456.990816,5078471.8197,0.0
817,535468.31942,5078445.66312,0.0
818,535474.917806,5078418.59062,0.0
819,535478.456249,5078397.1671,0.0
820,535497.971232,5078378.50165,0.0
821,535525.604392,5078365.66039,0.0
822,535539.273763,5078351.07254,0.0
823,535551.409707,5078333.14271,0.0
824,535564.913112,5078320.4428,0.0
825,535576.148865,5078297.06357,0.0
826,535587.081194,5078272.46043,0.0
827,535576.817447,5078261.73518,0.0
828,535559.304604,5078256.0793,0.0
829,535543.220955,5078244.87629,0.0
830,535547.188663,5078216.34439,0.0
831,535564.316301,5078194.44333,0.0
832,535568.10528,5078170.0214,0.0
833,535570.393273,5078136.59114,0.0
834,535576.301364,5078108.1815,0.0
835,535581.156263,5078087.43224,0.0
836,535588.812393,5078065.588,0.0
837,535588.617315,5078045.47641,0.0
838,535584.063404,5078013.7846,0.0
839,535586.003174,5078000.46283,0.0
840,535586.859434,5077973.02417,0.0
841,535600.48407,5077952.88082,0.0
842,535610.8465000197,5077939.673203986,0.0
843,537815.424461,5079008.63585,0.0
844,537802.794752,5079017.55856,0.0
845,537782.732727,5079035.99127,0.0
846,537763.500284,5079058.42901,0.0
847,537749.909296,5079085.01217,0.0
848,537725.560055,5079119.19632,0.0
849,537702.830536,5079129.61326,0.0
850,537671.134983,5079120.97626,0.0
851,537647.155538,5079119.94166,0.0
852,537626.039964,5079120.25785,0.0
853,537595.966986,5079125.63072,0.0
854,537558.96292,5079134.73941,0.0
855,537540.492778,5079146.84938,0.0
856,537510.663904,5079163.22386,0.0
857,537495.261467,5079168.68605,0.0
858,537462.804485,5079183.26712,0.0
859,537432.418798,5079189.08333,0.0
860,537395.061969,5079205.30178,0.0
861,537388.8055785142,5079205.416445845,0.0
862,537339.667360936,5079196.173309297,0.0
863,537287.583438,5079226.32017,0.0
864,537259.851774,5079216.82026,0.0
865,537241.65924,5079208.71111,0.0
866,537218.728973,5079188.12944,0.0
867,537205.296478,5079175.82688,0.0
868,537168.547852,5079168.38431,0.0
869,537154.488598,5079169.96662,0.0
870,537121.122813,5079154.98927,0.0
871,537107.937992,5079153.13256,0.0
872,537062.421861,5079157.97113,0.0
873,537046.558649,5079175.65356,0.0
874,537034.321158,5079184.13573,0.0
875,537007.661642,5079202.97593,0.0
876,536988.380788,5079221.08254,0.0
877,536973.429438,5079229.10419,0.0
878,536973.1703659953,5079229.2922193,0.0
879,536978.097843,5078876.03067,0.0
880,536976.229505,5078863.90875,0.0
881,536961.28849,5078857.04203,0.0
882,536941.039721,5078842.03282,0.0
883,536930.958494,5078840.30611,0.0
884,536924.136159,5078838.82105,0.0
885,536899.722863,5078832.23138,0.0
886,536873.13509,5078812.74033,0.0
887,536854.076424,5078806.40491,0.0
888,536844.439066,5078808.34755,0.0
889,536828.524306,5078795.47554,0.0
890,536824.137319,5078789.11631,0.0
891,536814.704036,5078782.83822,0.0
892,536809.471068,5078775.14069,0.0
893,536811.238877,5078765.04036,0.0
894,536803.554869,5078751.77288,0.0
895,536541.1136375003,5077475.800318901,0.0
896,536586.9688278978,5077495.732742577,0.0
897,536588.252321,5077495.86867,0.0
898,536606.696567,5077488.64444,0.0
899,536627.287432,5077499.21018,0.0
900,536645.937204,5077509.76452,0.0
901,536662.54503,5077497.97418,0.0
902,536691.097182,5077488.36561,0.0
903,536712.957792,5077481.16192,0.0
904,536738.53466,5077488.86875,0.0
905,536752.383701,5077497.17281,0.0
906,536778.661862,5077504.43954,0.0
907,536797.570839,5077497.44085,0.0
908,536828.69989,5077485.40384,0.0
909,536846.203515,5077479.73024,0.0
910,536873.84417,5077466.78386,0.0
911,536892.833658,5077459.3415,0.0
912,536913.251834,5077446.68564,0.0
913,536915.753571,5077443.81174,0.0
914,536931.2187978644,5077442.667704811,0.0
915,536980.0813890834,5077431.601667609,0.0
916,536708.985983491,5078748.698712636,0.0
917,536674.1401262393,5078712.8411300015,0.0
918,536674.231451,5078711.5629,0.0
919,536672.741391,5078700.99883,0.0
920,536669.67908,5078693.7587,0.0
921,536663.024923,5078690.05277,0.0
922,536662.281524,5078684.49297,0.0
923,536663.630682,5078666.39036,0.0
924,536659.955216,5078657.81331,0.0
925,536658.478261,5078645.02716,0.0
926,534966.4191020669,5079411.983458592,0.0
927,534967.667001,5079409.6768,0.0
928,534968.249332,5079389.01406,0.0
929,534963.222008,5079358.31996,0.0
930,534957.3558321529,5079345.914967038,0.0
931,534972.5271434473,5079298.272220333,0.0
932,534882.6882731573,5079093.623710366,0.0
933,534939.219377,5079086.19299,0.0
934,534505.2730348666,5078248.802025091,0.0
935,534491.279844,5078258.59932,0.0
936,534486.725912,5078267.7959,0.0
937,536595.3552546586,5078510.560735408,0.0
938,536597.865214,5078497.7843,0.0
939,536599.490612,5078485.46093,0.0
940,536601.389133,5078479.47232,0.0
941,536601.6763846577,5078475.842537217,0.0
942,537910.8661203348,5077489.272518633,0.0
943,537916.739299069,5077439.618659049,0.0
944,537919.684385,5077433.5379,0.0
945,537920.384174,5077407.98735,0.0
946,537930.602067,5077387.71709,0.0
947,537922.648882,5077367.78012,0.0
948,537902.861083,5077340.43767,0.0
949,537905.515479,5077312.67691,0.0
950,537902.61643,5077291.54868,0.0
951,537894.785489,5077264.27937,0.0
952,537881.127069,5077237.64112,0.0
953,537891.287828,5077214.03722,0.0
954,537898.626728,5077182.08299,0.0
955,537895.160303,5077164.84008,0.0
956,537901.795254,5077146.43672,0.0
957,537913.998127,5077119.06767,0.0
958,537905.242041,5077090.68163,0.0
959,537891.499512,5077065.04281,0.0
960,537874.021672,5077040.71451,0.0
961,537878.857632,5077011.7449,0.0
962,537886.764662,5076975.79425,0.0
963,537883.659579,5076950.22047,0.0
964,537866.501166,5076911.67235,0.0
965,537850.739533,5076898.68761,0.0
966,537839.587593,5076881.0645,0.0
967,537841.971949,5076846.63562,0.0
968,537853.763136,5076823.15273,0.0
969,537857.311308,5076801.61947,0.0
970,537857.828433,5076780.51214,0.0
971,537856.605722,5076751.83885,0.0
972,537860.081716,5076729.41629,0.0
973,537872.855212,5076697.71746,0.0
974,537880.948304,5076682.21179,0.0
975,537895.009492,5076655.85404,0.0
976,537898.562646,5076633.54308,0.0
977,537899.2672050432,5076629.444241819,0.0
978,537005.608144,5077752.67155,0.0
979,536992.949181,5077753.26265,0.0
980,536967.689686,5077757.66739,0.0
981,536946.929249,5077762.76569,0.0
982,536925.58853,5077787.08225,0.0
983,536927.459976,5077798.75972,0.0
984,536934.180855,5077817.46587,0.0
985,536918.261494,5077831.03731,0.0
986,536897.298457,5077844.13433,0.0
987,536878.927923,5077852.13588,0.0
988,536858.673018,5077863.68174,0.0
989,536838.832508,5077883.89653,0.0
990,536832.021117,5077906.52205,0.0
991,536811.817941,5077909.40195,0.0
992,536799.379504,5077925.21652,0.0
993,536779.927712,5077932.32308,0.0
994,536764.943905,5077945.34492,0.0
995,536750.801634,5077960.48282,0.0
996,536747.406588,5077983.12869,0.0
997,536757.167415,5077999.85273,0.0
998,536763.926137,5078012.22578,0.0
999,536782.551707,5078026.55808,0.0
1000,536795.167031,5078046.29904,0.0
1001,536793.333775,5078067.39864,0.0
1002,536797.204069,5078082.42118,0.0
1003,536796.61493,5078103.19485,0.0
1004,536797.75879,5078119.75671,0.0
1005,536778.920604,5078141.31093,0.0
1006,536767.465047,5078148.57609,0.0
1007,536749.386254,5078173.02371,0.0
1008,536735.313604,5078189.60647,0.0
1009,536721.89434,5078200.74884,0.0
1010,536703.627718,5078217.64015,0.0
1011,536694.893475,5078237.36563,0.0
1012,536682.019781,5078248.178,0.0
1013,536672.05544,5078279.00702,0.0
1014,536680.008776,5078299.38682,0.0
1015,536663.618263,5078327.28902,0.0
1016,536647.056756,5078344.74612,0.0
1017,536631.029413,5078350.6512,0.0
1018,536618.3617021698,5078354.817302641,0.0
1019,536571.2212813083,5078371.484057605,0.0
1020,535875.065984815,5078352.9168197615,0.0
1021,535922.757315288,5078337.898930505,0.0
1022,535928.1642607009,5078328.534567028,0.0
1023,535895.8107832901,5078290.413018012,0.0
1024,535198.6536278822,5078910.987667185,0.0
1025,535157.7343567603,5078882.254180608,0.0
1026,535163.884524,5078863.35966,0.0
1027,535173.19549,5078836.74666,0.0
1028,535185.55222,5078820.59509,0.0
1029,535190.556123,5078800.62413,0.0
1030,535204.570862,5078779.59327,0.0
1031,535211.06173,5078757.51973,0.0
1032,534441.3233452956,5078246.852955206,0.0
1033,534428.325194,5078243.47203,0.0
1034,534403.579277,5078226.00188,0.0
1035,534385.854006,5078202.45986,0.0
1036,534369.925857,5078190.81635,0.0
1037,534343.977526,5078180.11732,0.0
1038,534324.759867,5078187.67728,0.0
1039,534297.320446,5078179.85898,0.0
1040,534272.069411,5078169.38632,0.0
1041,534262.045097,5078142.99846,0.0
1042,534241.405187,5078140.99559,0.0
1043,534214.613611,5078156.40267,0.0
1044,534195.157627,5078164.96168,0.0
1045,534168.675576,5078180.59288,0.0
1046,534163.193544,5078189.22903,0.0
1047,534142.178268,5078213.11243,0.0
1048,534125.882837,5078225.80003,0.0
1049,534119.323193,5078246.87431,0.0
1050,534102.865295,5078275.005,0.0
1051,534090.276842,5078291.26853,0.0
1052,534076.071701,5078319.18947,0.0
1053,534063.246852,5078336.1184,0.0
1054,534048.192885,5078363.14587,0.0
1055,534023.387583,5078384.67559,0.0
1056,534009.100851,5078399.26335,0.0
1057,533989.470548,5078411.48858,0.0
1058,533967.942214,5078415.92596,0.0
1059,533936.903824,5078413.31156,0.0
1060,533921.700405,5078425.22793,0.0
1061,533904.40592,5078436.24403,0.0
1062,533884.969347,5078455.69263,0.0
1063,533866.242562,5078458.92349,0.0
1064,533846.943877,5078467.37333,0.0
1065,533819.998835,5078482.89237,0.0
1066,533802.838134,5078497.90935,0.0
1067,533785.850338,5078509.70521,0.0
1068,533766.700061,5078533.71113,0.0
1069,533746.239749,5078541.71052,0.0
1070,533725.485908,5078546.59738,0.0
1071,533697.691842,5078561.33458,0.0
1072,533678.176524,5078566.89497,0.0
1073,533650.615544,5078581.63365,0.0
1074,533636.085204,5078598.44308,0.0
1075,533621.412949,5078612.80742,0.0
1076,533602.795049,5078624.70603,0.0
1077,533578.704227,5078643.79702,0.0
1078,533571.767766,5078663.20322,0.0
1079,533564.742285,5078670.38714,0.0
1080,533570.957775,5078698.08653,0.0
1081,533586.745233,5078721.3935,0.0
1082,533576.70201,5078741.11618,0.0
1083,533561.647522,5078768.81147,0.0
1084,533565.910871,5078798.61132,0.0
1085,533564.922208,5078809.16116,0.0
1086,533563.947388,5078831.48846,0.0
1087,533552.831511,5078848.6499,0.0
1088,533542.407693,5078867.03729,0.0
1089,533517.467737,5078885.45727,0.0
1090,533497.317001,5078893.90358,0.0
1091,533466.14141,5078902.73483,0.0
1092,533453.950603,5078917.77961,0.0
1093,533430.863275,5078938.20987,0.0
1094,533412.412144,5078948.22112,0.0
1095,533385.088942,5078948.07386,0.0
1096,533363.518796,5078946.29108,0.0
1097,533352.587257,5078929.34393,0.0
1098,533337.501663,5078905.37468,0.0
1099,533330.540131,5078886.33789,0.0
1100,533315.136681,5078863.70028,0.0
1101,533299.919423,5078849.73008,0.0
1102,533298.66280084,5078848.789072939,0.0
1103,536539.6371513958,5078855.912646746,0.0
1104,536530.659726,5078862.59946,0.0
1105,535548.773641,5079130.992,0.0
1106,535553.264462,5079105.90741,0.0
1107,535558.205743,5079083.49199,0.0
1108,535568.962928,5079062.10993,0.0
1109,535586.136409,5079058.8753,0.0
1110,535603.521708,5079059.30848,0.0
1111,535604.1858188282,5079059.837144296,0.0
1112,534416.7328559798,5078028.571316583,0.0
1113,534366.6428728794,5078027.569521696,0.0
1114,534338.472283,5078052.75779,0.0
1115,534296.488623,5078077.63561,0.0
1116,534278.4027476871,5078095.749891091,0.0
1117,535056.9903343964,5079312.497248376,0.0
1118,535101.5602331934,5079289.836177764,0.0
1119,535111.776979,5079291.60651,0.0
1120,535133.182555,5079281.06151,0.0
1121,535154.622874,5079264.40585,0.0
1122,535179.634417,5079247.65943,0.0
1123,535197.755632,5079255.09545,0.0
1124,535199.4324420872,5079253.499924887,0.0
1125,538041.0659451035,5079146.285290077,0.0
1126,538021.31237,5079156.22528,0.0
1127,537986.869983,5079165.23603,0.0
1128,537959.423016,5079160.06796,0.0
1129,537923.469713,5079149.62585,0.0
1130,537899.901993,5079119.37132,0.0
1131,537899.743879,5079107.14845,0.0
1132,537886.450437,5079072.29028,0.0
1133,537880.030946,5079068.47335,0.0
1134,537858.589955,5079045.78735,0.0
1135,537853.7467931383,5079040.751249102,0.0
1136,541776.185931,5079297.73398,0.0
1137,541764.428025,5079303.21017,0.0
1138,541733.608632,5079315.22452,0.0
1139,541715.758567,5079314.77099,0.0
1140,541689.346394,5079329.37075,0.0
1141,541659.041476,5079345.72218,0.0
1142,541633.931184,5079351.44219,0.0
1143,541611.584564,5079338.62563,0.0
1144,541586.702539,5079321.90333,0.0
1145,541579.17867,5079309.51972,0.0
1146,541556.616069,5079294.14641,0.0
1147,541533.501829,5079279.99169,0.0
1148,541506.061116,5079274.36347,0.0
1149,541489.155253,5079283.58341,0.0
1150,541464.781661,5079295.19782,0.0
1151,541440.929605,5079298.48263,0.0
1152,541409.840854,5079316.05223,0.0
1153,541399.274735,5079329.0925,0.0
1154,541384.077973,5079349.76837,0.0
1155,541370.234942,5079365.34231,0.0
1156,541353.495406,5079396.23,0.0
1157,541349.528276,5079420.75862,0.0
1158,541329.292717,5079440.51214,0.0
1159,541308.58566,5079461.15144,0.0
1160,541286.925991,5079473.34018,0.0
1161,541253.153046,5079486.22609,0.0
1162,541231.74343,5079495.86118,0.0
1163,541205.813632,5079496.57755,0.0
1164,541188.593064,5079483.24107,0.0
1165,541169.100865,5079473.0006,0.0
1166,541144.352201,5079471.16957,0.0
1167,541125.025635,5079471.04126,0.0
1168,541094.655386,5079474.17302,0.0
1169,541080.757846,5079486.41396,0.0
1170,541050.541782,5079501.43563,0.0
1171,541043.198006,5079508.60906,0.0
1172,541026.939056,5079525.83438,0.0
1173,541008.839477,5079539.71429,0.0
1174,541006.345549,5079564.69732,0.0
1175,541000.018668,5079582.43289,0.0
1176,540978.72313,5079598.40281,0.0
1177,540955.080394,5079605.46856,0.0
1178,540929.968167,5079611.74694,0.0
1179,540904.097448,5079615.35379,0.0
1180,540881.17026,5079619.86904,0.0
1181,540859.041183,5079632.83392,0.0
1182,540839.400989,5079645.03753,0.0
1183,540812.2052,5079661.30245,0.0
1184,540788.310309,5079671.36712,0.0
1185,540756.632754,5079672.82529,0.0
1186,540734.202257,5079672.67777,0.0
1187,540709.723632,5079665.29479,0.0
1188,540690.15608,5079666.49955,0.0
1189,540659.545847,5079659.07651,0.0
1190,540619.849154,5079640.59425,0.0
1191,540598.377585,5079636.23137,0.0
1192,540567.875266,5079624.14292,0.0
1193,540555.240786,5079621.5047,0.0
1194,540538.121355,5079616.28165,0.0
1195,540514.448821,5079616.1268,0.0
1196,540480.885866,5079609.12977,0.0
1197,540450.246821,5079594.15218,0.0
1198,540434.646119,5079570.27304,0.0
1199,540406.172038,5079556.53199,0.0
1200,540396.957514,5079553.13864,0.0
1201,540360.531168,5079556.67894,0.0
1202,540322.685371,5079563.6546,0.0
1203,540291.021439,5079574.89282,0.0
1204,540269.228478,5079584.08428,0.0
1205,540255.510444,5079592.88384,0.0
1206,540235.073543,5079608.41743,0.0
1207,540227.656119,5079615.14691,0.0
1208,540204.10396,5079632.32701,0.0
1209,540183.398445,5079653.41447,0.0
1210,540168.721942,5079666.43015,0.0
1211,540138.258898,5079684.12124,0.0
1212,540093.050814,5079713.49457,0.0
1213,540068.351002,5079716.22361,0.0
1214,540029.106614,5079723.63643,0.0
1215,540008.818519,5079716.28331,0.0
1216,539970.268028,5079700.36813,0.0
1217,539946.1982,5079689.65756,0.0
1218,539925.878824,5079675.08243,0.0
1219,539887.450193,5079664.27957,0.0
1220,539855.231181791,5079666.0017532995,0.0
1221,534775.4477607557,5078999.631796036,0.0
1222,534777.021254,5078996.95002,0.0
1223,534778.673769,5078992.95942,0.0
1224,534796.332078,5078986.28099,0.0
1225,534806.347856,5078985.89281,0.0
1226,534816.193004,5079002.05872,0.0
1227,534814.9126375447,5079021.514002851,0.0
1228,535450.3200840702,5079117.873489457,0.0
1229,535463.691899,5079118.61595,0.0
1230,535480.159591,5079130.15432,0.0
1231,535493.015334,5079135.3389,0.0
1232,535499.9712105959,5079141.869627804,0.0
1233,534887.49765,5079311.11679,0.0
1234,534880.386726,5079291.96624,0.0
1235,534864.877301,5079275.54612,0.0
1236,534861.573345,5079255.75037,0.0
1237,534859.6998086295,5079234.838452464,0.0
1238,534908.4422325263,5079223.695018852,0.0
1239,534857.2178441846,5079141.556555962,0.0
1240,534818.0301769375,5079172.6101666335,0.0
1241,534805.574731,5079164.99394,0.0
1242,534801.9223113944,5079158.948368812,0.0
1243,534829.1692581796,5079117.024582117,0.0
1244,537734.3109996195,5079106.910778799,0.0
1245,537775.0359589627,5079135.919013603,0.0
1246,537781.113293,5079136.08991,0.0
1247,537815.33384,5079137.96527,0.0
1248,537837.3028,5079150.4324,0.0
1249,537865.973042,5079171.38478,0.0
1250,537880.040835,5079181.13718,0.0
1251,537904.076708,5079198.28372,0.0
1252,537921.41461,5079206.3896,0.0
1253,537951.354803,5079222.68361,0.0
1254,537979.506884,5079226.74489,0.0
1255,538009.256301,5079223.48295,0.0
1256,538034.055824,5079217.30195,0.0
1257,538053.118315336,5079232.126669785,0.0
1258,539718.6608770648,5079755.977341272,0.0
1259,539736.0299642284,5079802.863531254,0.0
1260,539743.831703,5079801.46479,0.0
1261,539760.861638,5079796.46306,0.0
1262,539786.7132,5079783.5182,0.0
1263,539794.276603,5079778.12244,0.0
1264,539799.7805607304,5079759.062460877,0.0
1265,539761.8641270372,5079726.468841011,0.0
1266,539861.3776622089,5079665.673209203,0.0
1267,539858.708852368,5079615.744485465,0.0
1268,539859.903347,5079614.88109,0.0
1269,539893.220503,5079599.87363,0.0
1270,539921.194842,5079594.94281,0.0
1271,539945.571709,5079594.21106,0.0
1272,539996.409598,5079594.53904,0.0
1273,540006.338591,5079595.49202,0.0
1274,540045.187842,5079601.29844,0.0
1275,540092.55529,5079598.1604,0.0
1276,540114.600844,5079597.85866,0.0
1277,540147.251587,5079601.95896,0.0
1278,540160.1445193156,5079605.731508342,0.0
1279,540195.8214801197,5079640.762272933,0.0
1280,536441.3679400979,5078512.137631789,0.0
1281,536488.4241528729,5078529.040674097,0.0
1282,536492.596919,5078537.38463,0.0
1283,536503.923176,5078551.89535,0.0
1284,536498.1480842151,5078824.612710357,0.0
1285,536489.443585,5078809.24705,0.0
1286,536469.318052,5078799.4622,0.0
1287,536453.467055,5078788.81369,0.0
1288,536437.58334,5078783.72042,0.0
1289,536411.614871,5078777.45685,0.0
1290,536393.369717,5078777.90522,0.0
1291,536369.02091,5078786.65091,0.0
1292,536346.307507,5078794.51742,0.0
1293,536328.348932,5078812.30049,0.0
1294,536309.65132,5078823.74613,0.0
1295,536296.766493,5078836.78138,0.0
1296,536280.367818,5078853.35153,0.0
1297,536262.845831,5078862.91536,0.0
1298,536247.997842,5078879.82799,0.0
1299,536241.462802,5078895.56709,0.0
1300,536235.721233,5078921.64387,0.0
1301,536233.26391,5078943.62886,0.0
1302,536230.578931,5078964.72365,0.0
1303,536217.534769,5078978.53589,0.0
1304,536224.793952,5078998.24442,0.0
1305,536236.685721,5079022.20214,0.0
1306,536243.193915,5079037.57309,0.0
1307,536244.981743,5079063.6939,0.0
1308,536241.587131,5079086.67338,0.0
1309,536235.411835,5079107.30334,0.0
1310,536225.603996,5079125.24548,0.0
1311,536223.525787,5079148.7882,0.0
1312,536238.549356,5079168.09772,0.0
1313,536245.392194,5079192.58148,0.0
1314,536255.540504,5079209.30704,0.0
1315,536270.043251,5079224.72481,0.0
1316,536266.076442,5079239.36784,0.0
1317,536261.088899,5079256.00484,0.0
1318,536243.420631,5079264.23457,0.0
1319,536225.611784,5079283.24099,0.0
1320,536212.152278,5079301.82845,0.0
1321,536195.399401,5079312.84135,0.0
1322,536167.530966,5079326.56711,0.0
1323,536145.997028,5079332.21907,0.0
1324,536125.350498,5079345.43161,0.0
1325,536117.237335,5079365.71706,0.0
1326,536110.012332,5079380.11898,0.0
1327,536106.377107,5079404.54154,0.0
1328,536111.684039,5079426.23852,0.0
1329,536114.442536,5079445.69848,0.0
1330,536116.10467,5079466.81868,0.0
1331,536115.973848,5079489.26172,0.0
1332,536126.34967,5079506.87727,0.0
1333,536136.16657,5079527.15617,0.0
1334,536151.492154,5079547.80055,0.0
1335,536157.019972,5079571.4988,0.0
1336,536171.653328,5079591.02811,0.0
1337,536186.325526,5079603.89121,0.0
1338,536201.343538,5079623.97838,0.0
1339,536208.765,5079642.35457,0.0
1340,536219.739124,5079663.75145,0.0
1341,536231.650383,5079684.15386,0.0
1342,536244.902441,5079700.89758,0.0
1343,536261.695375,5079722.66191,0.0
1344,536271.301408,5079739.05102,0.0
1345,536276.424713,5079752.19176,0.0
1346,536291.225014,5079782.83315,0.0
1347,536293.442738,5079801.73451,0.0
1348,536278.189942,5079821.86684,0.0
1349,536279.331722,5079852.20602,0.0
1350,536278.671327,5079872.2016,0.0
1351,536270.776841,5079894.93253,0.0
1352,536271.1948389874,5079910.362517177,0.0
1353,536320.249269865,5079920.040472092,0.0
1354,537075.200509,5077553.53772,0.0
1355,537058.714106,5077570.88307,0.0
1356,537055.449781,5077597.41833,0.0
1357,537036.50961,5077609.63812,0.0
1358,537031.329632,5077631.93984,0.0
1359,537019.330047,5077652.0898,0.0
1360,537015.624639,5077674.51145,0.0
1361,537005.466627,5077698.33898,0.0
1362,536997.8684387543,5077702.978470253,0.0
1363,537000.2006070768,5077752.924050546,0.0
1364,535818.4137204082,5078958.181739167,0.0
1365,535820.901025,5078959.78649,0.0
1366,535846.416557,5078950.37876,0.0
1367,535865.128168,5078949.70928,0.0
1368,535881.835743,5078946.58387,0.0
1369,535900.570543,5078941.91474,0.0
1370,535922.352636,5078933.81899,0.0
1371,535938.002858,5078939.02069,0.0
1372,535963.127964,5078930.05561,0.0
1373,535981.772352,5078927.60836,0.0
1374,535994.053406,5078911.45794,0.0
1375,536017.0252145176,5078913.126462497,0.0
